
1.456228515418741e+00 -4.588582957732084e-01
1.730309102684148e+00 7.049534470738614e-01
1.414061843025428e+00 -1.650238757345689e-01
-1.198771957120222e+00 1.125362694111971e+00
-7.507685551453243e-01 6.264814081854728e-02
-4.369505983834369e-01 -1.952890973890515e+00
-1.508858311846646e-01 4.932080975383752e-01
1.624587212220988e-01 2.467144908141650e-01
1.509607628064903e-01 5.631714899780248e-01
-8.698118630960888e+00 -4.480713472704877e+00
4.970771897866898e+00 -4.974801604894719e-02
4.318380977894957e+00 -1.214292974872402e-01
1.590143358923275e+00 6.790137100271234e-01
7.406202608379592e+00 6.470134570771616e+00
3.181402559974905e+00 -5.663692963083923e-01
1.265789705569569e-01 -4.293636534245702e-01
-1.505597075919419e-02 3.858518328333843e-01
-8.874845513883767e-01 1.773794536556164e-01
6.409719614415607e-02 -9.533854013275987e-01
6.650427592865947e-01 -3.905473070191727e-01
1.042411856182159e-01 -2.117972295620108e-01
2.669551379483144e-01 -6.462553524957980e-01
7.904037877752332e-01 -1.841752958498394e-01
-6.773325992875033e-01 4.662026992049386e-01
7.354811233003791e-01 -5.265163335665148e-02
-1.737061402012815e-01 8.943600451815910e-01
1.000000000000000e+00 0.000000000000000e+00
5.534402558134189e-01 6.812245637537061e-02
-4.390107716874309e-01 -2.071097361044939e-01
