
1.457713716462498e-01 -2.222409037981666e-01
2.755416520836522e-01 -4.150179144200581e-01
-2.395619410663756e-01 4.509077180776075e-01
-1.385112458266785e+00 -1.096235641510406e+00
-1.424394541090358e-01 1.155834605876760e+00
1.154629196524925e+00 -6.691665960446379e-01
-1.539929045820268e-01 6.319830626997778e-01
2.575643003473349e-03 -1.872098360921854e-01
4.021744775337766e-01 1.796038958500315e+00
8.437942932715812e-01 -1.376622458724215e+01
3.737278523205732e-01 2.152377663083649e+00
1.254781486456950e+00 -4.969447322985255e+00
-8.986332064013025e-02 8.204932358569172e+00
1.029056979030205e+01 7.483319658246574e+00
1.642422210200506e+01 5.927198327670167e+00
1.265789705569569e-01 -4.293636534245703e-01
-1.505597075919418e-02 3.858518328333841e-01
-8.874845513883765e-01 1.773794536556164e-01
6.409719614415588e-02 -9.533854013275984e-01
6.650427592865943e-01 -3.905473070191724e-01
1.042411856182159e-01 -2.117972295620107e-01
2.669551379483144e-01 -6.462553524957980e-01
7.904037877752332e-01 -1.841752958498394e-01
-6.773325992875033e-01 4.662026992049385e-01
7.354811233003793e-01 -5.265163335665146e-02
-1.737061402012816e-01 8.943600451815913e-01
1.000000000000000e+00 0.000000000000000e+00
5.534402558134190e-01 6.812245637537051e-02
-4.390107716874308e-01 -2.071097361044938e-01
