
0.470239996356188913260e-1 0.239909712740750035612e-1
0.117076412579516205418e0 -0.878986470683362185728e-1
0.643198949410136075117e-4 -0.204574461897773268290e-1
-0.157080448516414490192e0 -0.278987522560630784929e-1
0.293706931122211084648e0 0.393757569482806406947e-1
0.160735630115413210848e0 -0.202293498767556215762e0
-0.797328229008847328774e-1 0.173834815026665556986e1
-0.223569547455815572170e0 -0.269703474293822777924e1
0.663758539147999999898e0 0.713786854553999999915e0
0.158871132334679383436e2 -0.258034230863565482647e2
-0.136814250919953238287e2 -0.299243198050322018128e1
0.105440069924829744885e1 0.243730463113321101590e2
0.109615407992954665990e2 -0.166807101304081343666e2
0.121326260111977244178e2 -0.124081750171049769631e2
0.298584505415384851464e2 -0.229349398885389100869e2
0.126578970556956859513e0 -0.429363653424570260631e0
-0.150559707591942117100e-1 0.385851832833384107929e0
-0.887484551388376555561e0 0.177379453655616498196e0
0.640971961441560266880e-1 -0.953385401327598612899e0
0.665042759286594478761e0 -0.390547307019172570849e0
0.104241185618215922552e0 -0.211797229562010749321e0
0.266955137948314413576e0 -0.646255352495797936486e0
0.790403787775233293773e0 -0.184175295849839467356e0
-0.677332599287503431533e0 0.466202699204938483720e0
0.735481123300379225597e0 -0.526516333566514819597e-1
-0.173706140201281533875e0 0.894360045181591086720e0
0.100000000000000000000e1 0.000000000000000000000e0
0.553440255813419122895e0 0.681224563753705901481e-1
-0.439010771687430829220e0 -0.207109736104493856554e0
