
8.492144709594406e-01 -5.395906093537642e-01
5.795563438484828e-01 -1.489561915307260e+00
1.372346210969023e+00 -3.949909957487360e-01
-1.070293771271477e+01 -1.534616584205239e+00
5.609962006891811e+00 1.151806094941602e+00
2.459723218488358e+00 -1.448921500204854e+00
1.191118101551869e+00 2.877217132828867e-01
-1.219159308654506e+00 -7.171210738364928e-01
1.270304265621961e+00 2.838753978554371e-01
-3.818777177113533e+01 -1.779318272949809e+01
6.245389308826856e+00 7.024988524145696e+00
1.885753466851209e+01 5.235223410234839e+00
2.492174108079337e+00 -3.945637933421210e+00
2.024109190000252e+00 -6.328964293079647e+00
-1.956084293060218e+01 -1.321586099187754e+01
1.265789705569569e-01 -4.293636534245703e-01
-1.505597075919426e-02 3.858518328333840e-01
-8.874845513883767e-01 1.773794536556164e-01
6.409719614415613e-02 -9.533854013275985e-01
6.650427592865945e-01 -3.905473070191725e-01
1.042411856182159e-01 -2.117972295620108e-01
2.669551379483145e-01 -6.462553524957978e-01
7.904037877752333e-01 -1.841752958498394e-01
-6.773325992875034e-01 4.662026992049384e-01
7.354811233003792e-01 -5.265163335665141e-02
-1.737061402012816e-01 8.943600451815912e-01
1.000000000000000e+00 0.000000000000000e+00
5.534402558134192e-01 6.812245637537065e-02
-4.390107716874309e-01 -2.071097361044940e-01
