
8.326425033431962e-01 -1.329868759518778e+00
-5.130082121328188e-01 -2.492125437414836e+00
-5.540510500912061e-01 8.902189220591730e-02
-4.091495100701892e-01 1.946701183088306e+00
1.058775532958372e+00 -3.716940568991580e-01
-4.627718950357748e-01 7.992906085935131e-01
-7.346833889223680e-01 -4.636626027346821e-01
-6.909342332970106e-01 -7.742807070634231e-02
5.781349894052223e-01 3.220031120998558e-01
-1.008555375190102e+01 -6.419142280720618e-01
5.793160032909221e+00 4.610362388297124e+00
-1.813996584526288e-01 -7.112351831149847e+00
9.374908370865237e+00 1.455404220479365e+00
-1.302909585443225e+00 -1.262322139106846e+00
1.162017376990907e+01 8.267318165772725e+00
1.265789705569568e-01 -4.293636534245702e-01
-1.505597075919425e-02 3.858518328333840e-01
-8.874845513883766e-01 1.773794536556165e-01
6.409719614415606e-02 -9.533854013275984e-01
6.650427592865947e-01 -3.905473070191725e-01
1.042411856182160e-01 -2.117972295620107e-01
2.669551379483143e-01 -6.462553524957975e-01
7.904037877752333e-01 -1.841752958498394e-01
-6.773325992875031e-01 4.662026992049383e-01
7.354811233003794e-01 -5.265163335665142e-02
-1.737061402012816e-01 8.943600451815911e-01
1.000000000000000e+00 0.000000000000000e+00
5.534402558134190e-01 6.812245637537062e-02
-4.390107716874308e-01 -2.071097361044938e-01
