
8.931197834983480e-02 -2.016582496360780e+00
1.503468216689089e+00 -4.354511760417781e-01
1.482555145826120e-01 -2.532574127749935e-02
-2.701269541802713e-02 2.252793197701784e+00
7.589503519926180e-02 -7.361072499458937e-01
3.468726767344638e-01 -6.232637953452554e-01
-1.146785621732679e+00 2.065709372143080e+00
-4.941267320102701e+00 1.835193470221341e-02
4.605085647641325e-01 -2.821367873565743e-01
-1.398459775152025e+01 4.637917364392328e+00
-1.017585199131656e+00 -2.139326234478874e+01
1.449289880247457e+01 2.342380390102727e+01
1.486369417187150e+00 -2.893976620218585e+00
-3.742833991398235e+01 9.790520916397961e+00
1.422150159577556e+01 -1.877189413604340e+01
1.265789705569569e-01 -4.293636534245702e-01
-1.505597075919424e-02 3.858518328333841e-01
-8.874845513883769e-01 1.773794536556164e-01
6.409719614415621e-02 -9.533854013275986e-01
6.650427592865945e-01 -3.905473070191725e-01
1.042411856182159e-01 -2.117972295620107e-01
2.669551379483146e-01 -6.462553524957979e-01
7.904037877752332e-01 -1.841752958498391e-01
-6.773325992875036e-01 4.662026992049384e-01
7.354811233003792e-01 -5.265163335665146e-02
-1.737061402012817e-01 8.943600451815912e-01
1.000000000000000e+00 0.000000000000000e+00
5.534402558134190e-01 6.812245637537068e-02
-4.390107716874309e-01 -2.071097361044939e-01
