
5.676790283916729e-01 7.596541911180572e-01
-5.415639679853397e-01 1.389061702564151e+00
8.039123142888878e-01 4.980589974824893e-01
-3.330041211789935e+00 -1.073243202900861e+00
-3.427463310099016e-01 2.646353846584779e-01
2.023959611194580e+00 -2.004602588589615e+00
4.071014829780176e-02 1.053222750873904e+00
-6.689709839490493e-02 4.506661705711783e-01
6.637585391479999e-01 7.137868545540000e-01
-1.173745487199647e+01 -1.093361435894368e+01
6.477945339810946e+00 -1.542253337596263e+00
2.697101919746117e+00 4.908968048235788e+00
-1.143890587673328e+00 3.072798056111111e+00
9.324811050106652e+00 9.617311453363524e+00
7.360381215386356e+00 -1.042657770432948e+01
1.265789705569569e-01 -4.293636534245703e-01
-1.505597075919424e-02 3.858518328333841e-01
-8.874845513883769e-01 1.773794536556164e-01
6.409719614415604e-02 -9.533854013275989e-01
6.650427592865945e-01 -3.905473070191725e-01
1.042411856182160e-01 -2.117972295620108e-01
2.669551379483145e-01 -6.462553524957980e-01
7.904037877752335e-01 -1.841752958498394e-01
-6.773325992875038e-01 4.662026992049385e-01
7.354811233003794e-01 -5.265163335665138e-02
-1.737061402012816e-01 8.943600451815912e-01
1.000000000000000e+00 0.000000000000000e+00
5.534402558134193e-01 6.812245637537069e-02
-4.390107716874310e-01 -2.071097361044940e-01
