
-1.915845077804937e+00 9.726610991210969e-01
5.723866824241416e-01 -8.045792876531586e-02
1.148259625141936e+00 7.048435073612502e-01
-8.650481574628472e-01 -5.894223127222761e-01
-1.147097867978485e+00 -1.327770893003626e+00
2.089669833677957e+00 -2.852044233807886e+00
2.288767985182023e-01 9.045397791689689e-01
-1.232549331139817e-01 -3.038037558553718e-01
-9.685485824099527e-01 -4.543239603750499e-02
1.154102317650157e+00 8.689475928603969e+00
-3.454498355462452e+00 -8.556872081869964e+00
1.625291541058508e+01 7.567343660701994e+00
-9.159250637800675e+00 -1.428088051872953e+01
4.486134551953485e+00 6.255664449645471e+00
-4.692482561297258e+00 3.591720297215138e+00
1.265789705569568e-01 -4.293636534245700e-01
-1.505597075919426e-02 3.858518328333840e-01
-8.874845513883765e-01 1.773794536556162e-01
6.409719614415627e-02 -9.533854013275986e-01
6.650427592865944e-01 -3.905473070191724e-01
1.042411856182159e-01 -2.117972295620107e-01
2.669551379483143e-01 -6.462553524957976e-01
7.904037877752330e-01 -1.841752958498394e-01
-6.773325992875032e-01 4.662026992049382e-01
7.354811233003791e-01 -5.265163335665135e-02
-1.737061402012815e-01 8.943600451815906e-01
1.000000000000000e+00 0.000000000000000e+00
5.534402558134187e-01 6.812245637537051e-02
-4.390107716874307e-01 -2.071097361044938e-01
