
3.370285552105307e-03 -3.638003553437317e-01
1.253176931237957e-01 -4.915257835608012e-01
-4.085535722132089e-02 5.627293696705338e-01
-1.205006058088535e+00 -9.731853053852354e-01
1.268357430883466e-02 7.618583981760136e-01
1.251771892088545e+00 -5.757265280733650e-01
-2.871003528772392e-01 6.225060625915704e-01
-3.093172307274940e-02 -2.168421745219737e-01
3.003696264347221e-01 1.825994429143101e+00
2.659863262308531e+00 -1.235142601847792e+01
-4.540533029767302e-02 2.474128503293862e+00
7.764101781686816e-01 -5.874584674605096e+00
5.290659899462919e-01 5.699215195040136e+00
9.117570899108751e+00 8.183825261928860e+00
1.761640879445897e+01 8.631028748164965e+00
1.265789705569567e-01 -4.293636534245702e-01
-1.505597075919407e-02 3.858518328333841e-01
-8.874845513883765e-01 1.773794536556166e-01
6.409719614415577e-02 -9.533854013275984e-01
6.650427592865942e-01 -3.905473070191726e-01
1.042411856182159e-01 -2.117972295620107e-01
2.669551379483143e-01 -6.462553524957980e-01
7.904037877752330e-01 -1.841752958498397e-01
-6.773325992875032e-01 4.662026992049385e-01
7.354811233003791e-01 -5.265163335665163e-02
-1.737061402012813e-01 8.943600451815911e-01
1.000000000000000e+00 0.000000000000000e+00
5.534402558134190e-01 6.812245637537057e-02
-4.390107716874308e-01 -2.071097361044937e-01
