
1.566810066816054e-01 5.895742336261135e-02
7.193498311103638e-02 -4.329175303505410e-02
-3.757054905836506e-02 1.289302837349688e-02
-1.411358191863191e-01 -4.876315224376862e-02
1.475508234560990e-01 -4.680300622260251e-02
3.951221136829752e-02 -3.565201087013031e-01
-9.801844990195760e-01 8.953038826187223e-01
6.504544074698312e-01 -5.348526828102030e-01
-2.385067454712603e-02 9.082067635172697e-01
1.699254274106392e+00 6.355686842720113e+00
5.243206736431379e+00 -9.939613418124932e+00
-5.106728000808239e+00 2.346634398506097e+00
8.738032550911209e+00 -4.128903032954931e+00
7.627052418297850e+00 7.741877606924669e+00
1.541823474344073e+01 1.268553358106109e+01
1.265789705569568e-01 -4.293636534245703e-01
-1.505597075919424e-02 3.858518328333841e-01
-8.874845513883765e-01 1.773794536556162e-01
6.409719614415604e-02 -9.533854013275986e-01
6.650427592865945e-01 -3.905473070191725e-01
1.042411856182160e-01 -2.117972295620108e-01
2.669551379483145e-01 -6.462553524957980e-01
7.904037877752332e-01 -1.841752958498394e-01
-6.773325992875033e-01 4.662026992049383e-01
7.354811233003793e-01 -5.265163335665135e-02
-1.737061402012817e-01 8.943600451815911e-01
1.000000000000000e+00 0.000000000000000e+00
5.534402558134190e-01 6.812245637537057e-02
-4.390107716874309e-01 -2.071097361044939e-01
