
1.139328135068625e-01 1.573173782719846e-01
-9.301482122332347e-02 -6.427636972141612e-02
-1.366797180510355e-01 -3.440081939732864e-01
-4.506453647128370e-01 6.297723368450933e-02
1.877617376688599e-01 -2.105806809590820e-01
-1.445973605182388e-02 -9.658150841334313e-01
-6.870183763769998e-01 9.400115308519998e-01
7.752784799659999e-01 8.691393860049998e-01
5.074067317660126e-01 3.891296770932673e-01
-8.081229314707933e+00 -1.451905688375390e+00
1.015374787016397e+01 -4.139283460446093e+00
-6.177014699862100e+00 3.077082883405787e+00
7.918274445415795e+00 8.884363901870684e-01
1.095660355049603e+01 1.319000947401495e+01
1.195028047873670e+01 -4.966716385296513e+00
1.265789705569568e-01 -4.293636534245702e-01
-1.505597075919432e-02 3.858518328333840e-01
-8.874845513883767e-01 1.773794536556166e-01
6.409719614415604e-02 -9.533854013275986e-01
6.650427592865945e-01 -3.905473070191725e-01
1.042411856182160e-01 -2.117972295620107e-01
2.669551379483144e-01 -6.462553524957978e-01
7.904037877752331e-01 -1.841752958498394e-01
-6.773325992875031e-01 4.662026992049383e-01
7.354811233003791e-01 -5.265163335665130e-02
-1.737061402012816e-01 8.943600451815911e-01
1.000000000000000e+00 0.000000000000000e+00
5.534402558134190e-01 6.812245637537068e-02
-4.390107716874307e-01 -2.071097361044939e-01
