
0.739039595879892961990e0 -0.933605198461528588136e0
-0.114572471078971645697e1 -0.703732114774354383812e-1
0.748983536399744436482e0 -0.428201908616412495358e0
0.127796892816944809900e1 0.102827117415922934221e1
-0.164110672227948579255e1 -0.152729995563052612208e1
0.167541208522140797632e0 0.279814532308299780786e0
-0.957251609568672230557e0 0.707108897669277153795e0
0.154521727220800474817e1 -0.641605852881391955345e0
0.138030796911248895842e1 0.601659194314409238803e0
0.164494222339926790023e2 -0.519384299739077886452e1
-0.439402962248504295583e1 -0.523638582549190735376e1
-0.194621204576518802929e2 0.607934057408161945433e1
0.275580536129492477109e2 0.150239704978158437193e1
0.236308872906177521393e2 0.289069801476149650880e0
0.434676773087167634714e2 -0.266913780287679694003e1
0.126578970556956859500e0 -0.429363653424570260685e0
-0.150559707591942116829e-1 0.385851832833384107929e0
-0.887484551388376555561e0 0.177379453655616498237e0
0.640971961441560266609e-1 -0.953385401327598613007e0
0.665042759286594478815e0 -0.390547307019172570876e0
0.104241185618215922545e0 -0.211797229562010749335e0
0.266955137948314413549e0 -0.646255352495797936486e0
0.790403787775233293827e0 -0.184175295849839467343e0
-0.677332599287503431479e0 0.466202699204938483720e0
0.735481123300379225597e0 -0.526516333566514819326e-1
-0.173706140201281533929e0 0.894360045181591086774e0
0.100000000000000000000e1 0.000000000000000000000e0
0.553440255813419122949e0 0.681224563753705901481e-1
-0.439010771687430829220e0 -0.207109736104493856554e0
