
-3.606955969384823e+00 7.148439703353606e-01
2.666234935096168e+00 -1.938629221090302e+00
8.524154753690734e-01 -1.122999498677276e+00
-1.517904400929664e+00 3.246295416560386e-01
-1.289882495281301e+00 -1.834167210910582e+00
1.686241352272431e+00 -3.601941837714820e+00
-6.616967788607815e-01 -2.175901505303115e+00
1.453972385389951e-01 1.271396515765924e+00
1.650939829229566e-01 -2.939462062402654e-01
7.077438675503995e-01 4.199900484707806e+00
2.155183347721556e+00 1.391561864636633e+01
-1.322546364147696e+00 -2.318880516709867e+01
6.955371561816210e+00 1.916919282421420e+01
6.309847310290815e+00 -4.254799151650085e+00
1.510826671065776e+01 1.326013233302267e+01
1.265789705569569e-01 -4.293636534245702e-01
-1.505597075919424e-02 3.858518328333841e-01
-8.874845513883767e-01 1.773794536556166e-01
6.409719614415627e-02 -9.533854013275987e-01
6.650427592865945e-01 -3.905473070191724e-01
1.042411856182160e-01 -2.117972295620107e-01
2.669551379483145e-01 -6.462553524957979e-01
7.904037877752332e-01 -1.841752958498393e-01
-6.773325992875037e-01 4.662026992049385e-01
7.354811233003793e-01 -5.265163335665152e-02
-1.737061402012817e-01 8.943600451815912e-01
1.000000000000000e+00 0.000000000000000e+00
5.534402558134190e-01 6.812245637537062e-02
-4.390107716874307e-01 -2.071097361044938e-01
