
6.846550780097980e-01 -8.636961139447059e-01
-1.260876615402830e+00 -3.431103525571536e-01
7.140915717844429e-01 -2.659127705767662e-01
8.504161804830935e-01 1.204163372192883e+00
-1.169479775405684e+00 -1.627989967934631e+00
2.344309798708312e-01 2.235962593418706e-01
-1.950891670285520e+00 1.842312222852664e+00
2.414863505254760e+00 -8.064292881596243e-01
1.318906840223468e+00 5.263297594292762e-01
3.875208873746648e+01 -1.100394252006135e+01
-5.830972420050041e+00 -1.218830354004896e+01
-3.566452964103871e+01 1.981771852155500e+01
3.061821600502600e+01 -1.388400367356130e+00
3.048518385021622e+01 2.930924167237016e+00
7.120119751363092e+01 -1.895928637295897e+01
1.265789705569568e-01 -4.293636534245702e-01
-1.505597075919419e-02 3.858518328333840e-01
-8.874845513883766e-01 1.773794536556165e-01
6.409719614415597e-02 -9.533854013275985e-01
6.650427592865944e-01 -3.905473070191726e-01
1.042411856182159e-01 -2.117972295620108e-01
2.669551379483144e-01 -6.462553524957979e-01
7.904037877752332e-01 -1.841752958498394e-01
-6.773325992875036e-01 4.662026992049386e-01
7.354811233003794e-01 -5.265163335665151e-02
-1.737061402012816e-01 8.943600451815914e-01
1.000000000000000e+00 0.000000000000000e+00
5.534402558134192e-01 6.812245637537057e-02
-4.390107716874310e-01 -2.071097361044939e-01
