
6.936463877470911e-02 -3.045003783986414e-01
1.706801606717634e-01 -3.902898468541664e-02
1.102844452797413e-01 -5.004420472893512e-02
3.842979935202637e-02 3.447900230813921e-02
-6.477920269869756e-03 5.166379987801530e-02
-5.610121120374550e-02 8.984562856596746e-02
-2.271131619688625e-01 4.246079838267129e-01
1.583777099512461e-01 6.056150847290892e-02
-6.024150211793136e-01 9.670932391292721e-01
-3.828253292536070e+00 -3.562839638620683e+00
3.452748867643454e+00 2.477624775506593e-01
8.468918454173689e+00 -3.647659091571326e+00
-4.100607202044105e+00 1.025109140509112e+00
4.675904131424857e+00 7.273279622233464e+00
-1.151473456617468e+00 7.021003513437813e+00
1.265789705569569e-01 -4.293636534245703e-01
-1.505597075919429e-02 3.858518328333841e-01
-8.874845513883766e-01 1.773794536556166e-01
6.409719614415610e-02 -9.533854013275987e-01
6.650427592865944e-01 -3.905473070191726e-01
1.042411856182160e-01 -2.117972295620108e-01
2.669551379483143e-01 -6.462553524957978e-01
7.904037877752335e-01 -1.841752958498395e-01
-6.773325992875034e-01 4.662026992049386e-01
7.354811233003794e-01 -5.265163335665146e-02
-1.737061402012815e-01 8.943600451815913e-01
1.000000000000000e+00 0.000000000000000e+00
5.534402558134192e-01 6.812245637537048e-02
-4.390107716874308e-01 -2.071097361044938e-01
