
-9.423153049612299e-01 -1.588273136686599e-01
2.201493956353952e-01 -1.995707181290706e-02
-4.602026105285163e-02 5.165962780657486e-01
3.090484028135788e-01 8.365388956526049e-01
-1.060385217920129e-01 -1.359524679929313e-01
9.084841733150226e-01 -2.814114926562488e-01
2.511962861142072e-02 -5.361109631692350e-01
-5.704824422083682e-02 5.330485736194474e-01
-7.166298358689738e-02 -8.578860189017691e-01
6.376791109685489e-01 4.981763184459459e+00
-2.986898731500068e+00 2.782229342359441e+00
7.848883237138709e+00 -1.496141590909795e+00
8.085616175872876e-01 -1.693345331293864e+00
7.570584953037803e+00 -1.924359862337349e+00
7.031054974311374e+00 -2.956740752786494e+00
1.265789705569568e-01 -4.293636534245703e-01
-1.505597075919418e-02 3.858518328333842e-01
-8.874845513883768e-01 1.773794536556165e-01
6.409719614415604e-02 -9.533854013275986e-01
6.650427592865946e-01 -3.905473070191726e-01
1.042411856182160e-01 -2.117972295620108e-01
2.669551379483145e-01 -6.462553524957980e-01
7.904037877752333e-01 -1.841752958498394e-01
-6.773325992875037e-01 4.662026992049386e-01
7.354811233003793e-01 -5.265163335665146e-02
-1.737061402012817e-01 8.943600451815912e-01
1.000000000000000e+00 0.000000000000000e+00
5.534402558134192e-01 6.812245637537070e-02
-4.390107716874310e-01 -2.071097361044938e-01
