
-4.887533530463056e-01 1.350200885938025e-01
-7.579757921489173e-01 4.257622974833530e-01
-8.784405998180932e-01 -8.361257562169624e-02
1.616044322185138e+00 -7.809453580367707e-01
1.978538460760070e+00 1.157612039374171e+00
1.521784853363110e+00 4.330971711597613e+00
-9.372506825797058e-01 9.148531803857466e-01
6.087079045878323e-01 -3.145497770347444e-01
-3.882714655198936e-01 1.366329462332217e-01
-9.456737075927796e+00 3.804432223835553e+00
1.011547673009892e+01 -7.162659535675857e+00
1.340407926116241e-01 7.500137368423945e+00
8.582943455957318e+00 -1.033522676382570e+01
2.566455851495432e+00 5.407083689389621e+00
-7.249727177714975e-01 4.420519334491489e-01
1.265789705569568e-01 -4.293636534245703e-01
-1.505597075919418e-02 3.858518328333842e-01
-8.874845513883765e-01 1.773794536556167e-01
6.409719614415577e-02 -9.533854013275986e-01
6.650427592865944e-01 -3.905473070191725e-01
1.042411856182159e-01 -2.117972295620108e-01
2.669551379483144e-01 -6.462553524957980e-01
7.904037877752333e-01 -1.841752958498394e-01
-6.773325992875033e-01 4.662026992049385e-01
7.354811233003795e-01 -5.265163335665157e-02
-1.737061402012815e-01 8.943600451815915e-01
1.000000000000000e+00 0.000000000000000e+00
5.534402558134192e-01 6.812245637537048e-02
-4.390107716874307e-01 -2.071097361044938e-01
