
-1.385894324978141e+00 -4.539214007652856e+00
1.495044024949442e+00 2.439312565459766e+00
8.243851012595703e-01 3.849533238097816e+00
2.424973542142407e+00 2.384363566903764e+00
1.815119835541674e+00 -2.164549147252320e+00
3.560526579182596e+00 -3.395215284700828e-01
-9.488956938072428e-02 2.031570977348873e-01
-1.763417540367823e+00 6.134842636167254e-01
-1.687443935666050e-01 -2.723492659803438e-01
4.972989774140393e+00 3.167555133652121e+00
-1.290318711684011e+01 -1.352913069615292e+00
1.546969553498562e+01 1.103641307315050e+00
5.422441548580641e+00 -1.697498200304206e+00
-6.970086391603394e+00 5.287690916003355e+00
9.675202075277090e+00 -2.795346516342151e+00
1.265789705569569e-01 -4.293636534245703e-01
-1.505597075919425e-02 3.858518328333841e-01
-8.874845513883767e-01 1.773794536556163e-01
6.409719614415604e-02 -9.533854013275986e-01
6.650427592865945e-01 -3.905473070191726e-01
1.042411856182160e-01 -2.117972295620107e-01
2.669551379483145e-01 -6.462553524957980e-01
7.904037877752333e-01 -1.841752958498394e-01
-6.773325992875034e-01 4.662026992049383e-01
7.354811233003794e-01 -5.265163335665139e-02
-1.737061402012817e-01 8.943600451815913e-01
1.000000000000000e+00 0.000000000000000e+00
5.534402558134190e-01 6.812245637537062e-02
-4.390107716874309e-01 -2.071097361044939e-01
