
2.641461507136149e-01 5.963905060707890e-02
1.027240831100620e-01 7.741980562825794e-02
-1.648322791643562e-01 5.023953985606744e-02
-1.291420059756805e-01 -7.425524326844397e-02
1.336730820025343e-01 1.733574069047262e-02
-1.350041447379346e-01 1.461619266136508e-02
-9.408329630249205e-01 1.715847463536342e-01
4.733398379773500e-01 -3.695189354589279e-02
2.837809443284739e-01 2.384237426356024e-01
-6.474854284935861e+00 3.658702430476437e-01
8.027149737815273e+00 -1.205539457759436e+00
-4.871881125101880e+00 -2.223446472754029e-01
1.240688733178396e+01 -3.490324173941111e-01
5.586692748042797e+00 2.107603060210591e+00
1.102606031493925e+01 2.456419282595240e+00
2.808961844584698e-02 -2.387622111961669e-02
3.666529403408954e-03 -1.103317216397104e-01
1.352631186978865e-01 1.618142902461910e-01
-3.358605922058109e-01 -2.889643184120162e-01
2.725434924017623e-01 2.239628939500584e-01
2.357965406623812e-02 1.944303267830293e-02
1.901115066739119e-01 -9.566793200405628e-01
-1.529146744057545e-01 4.056977286775371e-01
-8.825608672491310e-02 1.126551475427190e-01
2.118375442406143e-01 1.166847628112213e-01
4.760659453528036e-01 -4.400748500365426e-02
1.000000000000000e+00 0.000000000000000e+00
-1.564313485617130e-02 -1.168334460568834e-01
-1.363082437666431e-02 -7.307416945375604e-02
