
0.156675000693007968697581302184e1 -0.205913291896794506029971192775e1
0.116645391815670858447918983191e1 -0.103455322675267017127575531715e1
0.110488616204143364847695699396e1 0.751072874081216110041174282720e0
0.810279101005841237962916965498e0 -0.475535315810600243028927598171e0
0.565572785970841836090567544270e0 0.572917115272715557423552963881e0
-0.356805260979277545934922901922e0 0.590388120554799262733112040450e0
-0.327135336737544051448562945700e2 -0.781673930222334178335315291781e1
-0.332355880310025423444058975408e2 -0.892669339708408752863318980993e1
-0.775666938237240508530258673677e1 -0.104445517980130689107175288162e1
0.133217406943122477171316520433e4 0.564956627940978164018072085420e3
-0.228518015679279277933998204275e4 -0.946421192473732217036865903467e3
0.495553966231693801221516162439e3 0.204180981495114880117915321034e3
0.398956710569201548792755014676e4 0.156543614407307567064189376412e4
-0.848259976161952322834874815895e3 -0.257192848995859565780417992248e3
0.880656740267408504175275688813e2 0.514086471911762881658842416844e2
-0.437126454450572669015005287558e-2 -0.521987920354926328097404243020e-2
-0.451574780411046867519992520599e-2 0.231159657391006727090879851329e-2
0.245955253176881854374403567472e0 -0.432560695431056152358551182152e0
-0.342983194741922972751632231110e0 0.167997678138643085996458834713e0
0.488950914117238327028010462705e-1 0.494256998553618302253280720676e-1
0.537609424286052681313481783089e0 0.313285175984641023348047247237e0
-0.928505609046358746671831054419e-1 -0.169040143370848530506616098297e0
0.874189947702803060283078624283e-1 -0.454504001619501054170489994176e0
0.100000000000000000000000000000e1 0.000000000000000000000000000000e0
0.545369532621645750329698744806e0 0.165698889107873797039275520528e0
-0.182660415800570675672101015048e0 0.741962160421696420736746936222e0
0.155471669142087660673912165272e0 0.224659384071823492898757514580e0
-0.500169926746907852807946595568e0 0.460431619859271549144327362895e0
-0.112124840545623016688421387958e0 0.507952784125356852160064840395e-1
