
0.135515655481005077199e0 -0.340650149602291381403e-1
0.196162442888814421573e0 -0.449036460902870407380e-1
0.149673736901807222444e0 -0.300465441864232140118e-1
0.283815488946510846905e0 -0.586547651505654738099e-1
0.216424894449240043764e0 -0.386847020223461076808e-1
0.164912477658332775010e0 -0.249167601203699995676e-1
-0.136620920948979178433e1 -0.931296820048354957538e-2
-0.207672721955952560460e1 0.285740417658015324323e-2
0.512653719929536876411e0 0.419682884056357904533e0
-0.754004940561571945909e1 -0.857565736602576455649e1
0.600112250034545069563e1 0.903221241564207784087e1
-0.956925922024564225960e0 -0.418094027623909314344e1
0.684091177044053720463e1 -0.717374403322412184476e1
-0.146444087896488376044e2 0.170243161282868256477e1
0.202959620207358028277e2 0.101733407283255694858e1
0.275910796421804426996e-1 0.244004234547546383679e-1
0.108648739203185185022e0 -0.176244656411235140279e-1
0.164463776034620415528e0 0.259626594253763571797e0
-0.327354732644248044732e-1 -0.529944734192702689558e0
-0.172281274411935869198e0 0.349874292379233512145e0
0.208323167882378083100e0 0.209076180409723311857e0
0.100000000000000000000e1 0.000000000000000000000e0
-0.217733884606978220588e0 -0.592514308224693120386e-1
0.275789875417491514302e-2 0.264198325743170539108e0
0.405943397480576447609e-1 0.466905154487177753323e0
0.167861628682892834231e0 0.455324905401798862349e0
0.637373221027043918688e-1 0.785008699864653337647e0
0.527885325292084891272e-1 -0.581967136834230394261e-1
0.279205639097297754012e-3 -0.385913564893718715436e-1
