
-9.866869025212986e-02 2.850657119986214e-01
5.204054774805959e-02 -3.909359138221179e-03
5.222771680612143e-02 6.914597551833390e-02
-4.194587139665589e-03 -7.994862257717859e-03
7.392756245047105e-03 -1.304158606614514e-02
2.485270566625046e-02 -1.398808670861604e-03
-4.299265104880700e-01 -2.090947707915302e-01
2.538207864538177e-01 3.995976925296933e-01
-2.861379243018225e-02 -1.096416994113456e+00
-1.910611379593993e+00 3.249011153382655e-01
1.169906109910806e+00 2.857730055231022e+00
2.815079892255715e+00 4.555275929655146e+00
7.438521905849430e+00 -5.503571991503151e+00
6.356898387661309e+00 -3.362138591868516e+00
7.343646525997675e+00 -1.265581485650811e+01
1.811467381127957e-02 -7.161562821834631e-03
8.014312403461798e-03 -2.430972804806883e-02
-3.036492932207291e-01 1.515771169292543e-01
2.184022214694927e-01 -4.899030723705405e-02
1.091368163383299e-01 -1.435213727915549e-02
-4.404621417299351e-01 -1.418569078609249e-01
1.535355409964268e-01 -1.648122386488726e-01
-3.056086222442038e-01 2.635185113144092e-01
-2.929467103475228e-01 -6.081005534391764e-01
-1.463300850220345e-01 7.297749414594203e-02
-1.385099900286487e-01 -1.703828984136485e-03
1.000000000000000e+00 0.000000000000000e+00
6.109650471520478e-01 3.504027232647454e-01
-7.445935059170398e-03 -1.555778155958604e-01
