
-0.419834862765916238527e1 -0.323756869228914299767e1
-0.217926796521109435753e1 0.191385453369168245265e1
0.149563308161183619669e1 -0.644980097225691636109e0
0.321071357726371797215e1 0.130178112554184365068e1
-0.204395006426711834963e1 -0.178633222152128040539e1
0.987635050395444413123e0 0.193578756674729934688e1
0.950311763176195651096e1 0.526910639160419312947e1
0.482491868252800087252e1 -0.114997895802018091013e2
0.524346952600569226070e0 0.934693325547981053371e0
0.926326497616604347812e2 -0.628166138487317609815e2
-0.126626509737773770808e3 -0.702293808773923524114e2
0.720527408525590705099e2 0.114966155740387680026e3
0.728245503063027525750e1 0.363271295105411261249e2
0.116121367790321434563e3 -0.834713397402093586416e2
0.643553255639991047578e1 -0.102378236974965119863e3
-0.305293451249834130325e-1 0.796940890081431661013e-2
-0.218889648417471378581e-1 -0.790376540474023315109e-1
0.972341384486467886518e0 -0.208873627747628047465e0
-0.584865733471750502703e0 0.514898345998514501726e-1
-0.238032078901586610065e0 0.325558810405936844401e0
0.568299899511115436178e0 -0.716977206261110672843e0
-0.180868906912994226402e0 -0.516021360173322099409e0
0.100000000000000000000e1 0.000000000000000000000e0
0.770618244139880672347e0 0.333254225036231783205e0
-0.839861311252909050666e-1 -0.819158027460922173648e0
-0.720428808367610020173e0 -0.888358332754016858659e-1
-0.381660172934783499478e0 -0.583298375348862803793e0
0.414918748516721009993e0 -0.420702363280780468970e-1
-0.573703623085122793807e0 -0.214986525708397417455e0
