
-0.102407847322647963342e-1 0.156790088058044790268e1
0.303070701547315701188e0 0.127568089246268585944e1
0.386446060712433619078e0 0.674905303956458593078e0
0.499546128385689508630e0 0.976078375775142046940e0
0.447958386236866843756e0 0.471494011836079344161e0
0.333953715369619387416e0 0.193084057231147328265e0
-0.797482559047954597461e0 -0.153382418453463021497e1
-0.290173138677724780376e0 -0.218867354445229376201e1
-0.236968981131789838634e1 -0.739402055361929571274e0
-0.348488044499924609632e1 0.478624897982517315091e2
0.533432573373529237207e1 -0.571794161319229219918e2
0.186741856103933068032e2 0.100280437559890038147e2
-0.108086925012841832128e2 0.812685078984746691322e2
-0.109973215848481199819e2 -0.320064503266513889768e2
-0.198681454092208989899e2 0.206026943193869547626e2
-0.146713458474915416896e-1 -0.967677312121204893880e-2
-0.155554660315189397922e-1 -0.142797182326884116644e-1
0.196215693915863620400e0 0.346242573011317102491e0
-0.266689667366399849632e0 -0.450866065983807722705e0
-0.248117129632468001025e-2 0.533995877358418104375e-1
0.553912826560643107958e0 0.689497132348426613991e0
-0.244512769361656491653e0 -0.198370731697012438083e0
0.138056158859681335843e0 0.182019904404057736649e0
-0.161545993395887294849e0 0.976558748511908961414e0
0.227655932622410366698e-1 0.480408656880132946005e0
0.100000000000000000000e1 0.000000000000000000000e0
-0.525712921867734157659e0 -0.268453513032950778175e0
-0.606156643510668798828e0 -0.555174271276513332568e0
0.735645089864573054604e-1 0.145539393979023250219e0
