
-2.034584093652349e-02 2.010591384658461e-01
1.280586442979634e-01 -4.933026194312350e-01
-2.757229658455836e-01 -5.884114212310746e-01
-5.089537191084318e-01 1.180267413767067e+00
4.608629679630433e-01 1.572656494887683e+00
1.732096643879228e+00 1.168630710995257e+00
-2.001871440519392e-01 -1.479770509611699e+00
2.481926214310089e-01 1.152518841187500e+00
-4.397733658485252e-01 -1.272341758209602e-01
-4.446415466496043e+00 -1.092836793648938e+01
2.654834462357537e+00 1.756954968363291e+01
7.749679021434503e+00 -1.556398953629089e+01
-2.450526408603984e-01 1.519515049686473e+01
5.657936904374483e+00 -3.939199417282209e+00
-8.351447098313043e-01 -3.370443594083934e+00
-3.528411971107318e-02 1.287284232671450e-02
3.834712274695129e-03 -6.068910839897596e-02
-1.570619299921841e-01 5.067625708532135e-01
2.547927737320341e-01 -6.548885426935132e-01
-2.929980568904889e-01 3.578118622652438e-01
4.208017264238094e-01 5.028547015290923e-02
-2.494057218590134e-01 -3.084650868520166e-01
4.880902088395467e-02 3.455634213904876e-01
6.900932503060424e-02 -2.668622590176740e-01
-1.372392202550660e-01 2.905280639968420e-01
1.540178664986981e-01 4.880635090634500e-01
1.000000000000000e+00 0.000000000000000e+00
5.041828890621357e-01 -3.246014949259121e-01
-3.547821969443918e-01 -1.527888845525016e-01
