
-0.525280253012602528864e0 -0.115877915045701504140e-1
-0.270149620337739755305e-1 -0.434303651048215875799e-2
-0.506752219029459041657e-1 -0.174945051565330804422e-2
0.115620577649091114238e0 0.195105037605876792914e-2
0.217614738868680714654e0 0.439761866789339597337e-2
0.409659675363511414659e0 0.963674112851138251027e-2
-0.187315940398298439210e1 0.471839839277614257144e-1
-0.695652983136004590442e0 0.109219769389512974252e-1
-0.593519475365588934635e0 0.482926976572007401068e-3
-0.409372964338674727665e-1 -0.278723304500485481901e-1
0.161372655135032216738e0 -0.678214970343237686377e-1
0.336793417784330048159e0 0.308973527391265708993e0
0.274574853279385118383e2 -0.745194369811500935581e0
-0.145648229624173185873e2 0.438885970867365782754e0
0.777683566835461978235e1 -0.220071368174445510836e0
-0.253903466855944452713e-1 0.675056775077745144952e-1
0.130067966688466687994e-1 -0.388407690545347733898e-1
-0.181453687957926310440e0 0.527941091962896598378e0
0.254083741944217082395e0 -0.724685735758180601452e0
-0.245526838929384414294e0 0.669783822770619476528e0
0.317394859396073815178e0 -0.826075087358315677589e0
-0.117129296213723216763e0 0.285405720309664890608e0
-0.360261499350052149767e-1 0.132974071207744224969e0
-0.120325952077126861961e0 -0.979717239971832056877e0
-0.189069155201283062228e0 -0.641999386204487384880e-1
0.284336748270590845952e0 0.464606231209244493747e0
0.100000000000000000000e1 0.000000000000000000000e0
0.504986437071803309152e0 -0.361279059170884725227e0
-0.399569452975677975756e0 0.575808220422582415606e-1
