
2.698492431297350e-01 6.983394729955943e-02
7.780852117387213e-02 -2.787901704277621e-02
5.392161589142648e-01 1.672881226809461e-01
-5.105381524861539e-01 -2.943179552123233e-01
4.634521510891914e-01 1.097158391138658e-01
8.995082801448644e-01 2.987516223903285e-01
4.069752453020966e-01 9.714451465470120e-17
-1.615091731130500e+00 -1.665334536937735e-16
9.476614412209149e-01 -5.551115123125783e-17
-2.799823962487164e+01 0.000000000000000e+00
7.473362530113026e+00 4.440892098500626e-16
1.293324090864472e+01 8.881784197001252e-16
-1.994809254253371e+00 0.000000000000000e+00
-3.452174111465535e+00 -8.881784197001252e-16
-5.974258476324048e+00 -3.552713678800501e-15
2.510054693797774e-02 1.158345683500088e-02
1.111582041607194e-01 -4.389503763729694e-03
4.857317066799667e-01 -1.214164872708390e-01
-3.873145336120828e-01 -3.163107386908118e-02
-1.544888967138099e-01 1.474794033771736e-01
6.938991084222024e-01 -5.897950281956449e-02
1.000000000000000e+00 0.000000000000000e+00
-6.370795820739081e-02 -2.007906272142401e-01
3.085425744778065e-01 1.300033340459689e-01
8.284542311617178e-01 1.925776908607976e-01
1.891830124612544e-01 1.652709709977050e-01
-4.372128307412610e-01 3.073595849483082e-01
4.255411583453526e-01 -3.767012779760129e-02
-4.125769539330852e-02 1.321170436425328e-02
