
-5.695622623163972e+01 7.193764663860604e+01
-5.510661265119658e+01 8.011458274376336e+01
-3.088179425996336e+01 4.876234220867763e+01
3.576677370853821e+01 1.094678294025480e+01
3.637622679141055e+01 -4.609896476993561e+01
2.118945252310151e+01 -8.288442957886087e+01
-2.283771532843645e-01 -7.996871921278803e-02
2.623479913554909e-01 2.556176918609918e-01
-9.607610080369808e-02 -1.097217067959279e-01
-7.971323764263669e+00 -8.769196692695173e-01
4.189091706282659e+00 2.033723770267933e+00
5.533625112940858e+00 -9.754617683087290e-01
3.594627830891359e+00 -2.540612140546230e-01
6.161214415035617e+00 8.309613773580404e-01
1.199945991775992e-01 -1.708986127093088e+00
-4.529842392136999e-03 -2.829973651227607e-03
-4.727285813354975e-03 -7.379412623309063e-02
-5.514352087734264e-02 3.778008928333028e-01
5.948386153248605e-02 -5.006091735306414e-01
-2.213991869641840e-02 2.720998872059768e-01
-8.633070274451940e-03 8.904784042142301e-02
-7.102620265664231e-02 -5.255254512890537e-01
-3.007056050253337e-03 3.680144198432261e-01
-8.639554232178362e-02 -7.464186094211635e-02
-2.679461396372465e-01 3.041997705990352e-01
1.222325799505536e-01 2.411112417339021e-01
1.000000000000000e+00 0.000000000000000e+00
3.473220895196150e-01 -1.569978971525253e-01
-2.133421680993946e-01 -1.448584945294397e-01
