
-2.183308851246269e-01 1.707561733922155e-01
-1.952917150197274e-01 5.250807817960736e-02
-2.861896998476227e-01 6.960348339759855e-02
-1.490406962200354e-01 7.573638951006530e-02
2.294324385875218e-01 -5.273479549473553e-02
9.949427785737691e-02 -2.232424483204787e-01
-1.246758466286906e-01 9.181626156588046e-02
-1.693819674146646e-01 -1.443084660607779e-01
1.604256012580590e-01 3.522054120217160e-01
-7.608405161714459e+00 -2.787156877879947e+00
1.713300196532829e+00 5.267120526048540e-01
6.419732776153984e+00 -8.970426215476566e-01
4.361668677722385e+00 1.238833382770589e+00
4.705644691846448e+00 5.027674490780603e-01
3.246736483992075e+00 1.548323495109358e+00
2.062981968946167e-02 8.110014672557044e-03
-2.413541445959708e-02 -1.301654494006119e-01
5.043698150182591e-01 1.325949255943023e-01
-6.099539377166856e-01 -5.430701156614982e-01
2.864441443934687e-01 6.117173160230787e-01
9.888413861182874e-02 -2.245317069243354e-01
1.046927700284805e-02 -9.282555342293729e-01
2.410789308173568e-01 1.624948530770076e-01
2.864435417198191e-01 1.380363661671991e-01
-1.274742734457174e-01 4.276980890997130e-01
3.329776480685666e-01 2.345249104141049e-01
1.000000000000000e+00 0.000000000000000e+00
-6.187603968941802e-03 -3.553243004483252e-01
-3.418265351165246e-01 4.144457635994170e-02
