
-2.574712949672306e-01 9.011622837222630e-02
8.998664346405671e-02 -1.593620834776223e-01
-2.246541566065759e-01 -5.465111052061621e-02
2.512076914857130e-02 1.201870171531051e-01
1.374839208568911e-01 -7.182918023659161e-02
-1.345558264537301e-01 -1.424658305052223e-01
3.914912633647460e-01 -1.826820490803124e+00
-7.361058725215603e-01 5.108514170373490e-01
5.407138455433121e-01 -8.029692392033205e-02
-1.390757286663948e+01 1.237960718405746e+01
8.464180901409926e-01 6.795089553730536e+00
1.117845734973135e+01 -2.036475234625036e+01
6.124296378754037e-01 1.194353655713627e+01
4.029609345340367e+00 -4.078831380840677e+00
-2.321978338556931e-01 2.338786976571994e+01
-4.764110362885117e-03 -9.080723650724312e-03
-8.627001631416856e-02 -6.582858898390045e-02
-1.832942419931421e-01 2.038635365119709e-03
-2.592218350347899e-02 -9.851498514649855e-02
2.904678831316034e-01 1.687116979365640e-01
-3.516486917507805e-01 -1.509618318042399e-01
-6.930342745487371e-01 -5.405566503376829e-01
2.380973176633528e-02 1.608780440533928e-01
1.585997883166861e-01 -2.627947942226904e-01
-5.473574580723771e-01 1.632338610399200e-01
8.545037045255924e-02 -1.980000143610650e-02
1.000000000000000e+00 0.000000000000000e+00
-1.208236802758144e-01 8.978857512721106e-02
-1.252737608250171e-01 -1.095899503273369e-02
