
6.623794889343563e-01 -5.030882120650133e-02
5.540836294508591e-01 -1.106013542285124e-01
-1.455593831040706e-01 -9.363463111939317e-02
-6.263822318208255e-01 1.063389598587781e-01
2.536895604286370e-01 1.466066720307363e-01
1.090593888725625e+00 1.185626542639422e-01
-1.233565281410949e+00 -1.856896938754971e-01
8.159213467660801e-01 1.399925692521895e-01
-3.323490823134270e-01 -2.620244312802344e-02
-1.195989531383869e+01 -1.343858573736982e+00
1.342794237596723e+01 2.153198822292443e+00
-3.327153797243635e+00 -1.848150829988946e+00
1.280031780162075e+01 1.890167209537540e+00
1.793474691535240e+00 -5.835647647833400e-01
-8.404224877820654e-01 -5.463086358005584e-01
-1.005001792064866e-02 -2.073751727183121e-02
2.199779958634721e-02 -8.089214421553186e-02
-1.875427645546537e-01 6.020746113438039e-01
2.589750128517297e-01 -6.402793753964927e-01
-1.725316457470152e-01 1.558497477624989e-01
5.483703898121116e-02 4.529586758005675e-01
7.243701709277814e-02 -6.765319623809123e-01
-1.021295469659180e-01 6.242808992563258e-01
-3.500628889424554e-01 2.002809164589892e-01
-2.695910092883513e-01 2.807344529671829e-01
2.210124194441110e-01 2.627260915164799e-01
1.000000000000000e+00 0.000000000000000e+00
4.313996456415577e-01 -2.294597071609490e-01
-1.357799169126233e-01 -2.763110814865062e-01
