
0.119708074277826144795e0 0.596401157793731295046e-1
0.171430747111885849323e0 0.206723995867270767207e-1
0.141610190844149489017e0 0.750358372306639112218e-1
0.217454383336078263181e0 -0.491298086856716375455e-1
0.204738784920589831170e0 0.299079846677688702353e-1
0.167385029761650875192e0 0.941358047402687718268e-1
0.139168863136111920897e1 -0.844267569460509795069e0
-0.136354563942122423959e1 -0.253739729642714270652e0
0.857304731224452382663e0 -0.374982713625307075055e-1
-0.315649778051324236636e2 0.619497693694547181412e1
0.179296930748151709290e1 0.304455579601120986024e1
0.232231720386928247504e2 -0.819584686177885284909e1
-0.394690436082751165085e1 0.797373214119832113332e0
0.210108257885417679307e1 -0.483121727696092165489e1
-0.194467589786848279940e2 0.129938740621831098155e2
0.225846378599806592203e-1 0.672399394002380138466e-2
0.113150774647042302873e0 -0.241807710438610847459e-2
0.419040880180618685829e0 -0.103605734811665109643e0
-0.289637260264918347953e0 0.175827151546322612363e-1
-0.195614194073795224938e0 0.813528065110346473675e-1
0.625535460103049714025e0 -0.737633537299268236443e-1
0.100000000000000000000e1 0.000000000000000000000e0
-0.785188202957224326328e-1 -0.133676863527887008362e0
0.145964004241780019770e0 0.148654178374073760047e0
0.847411539301306885425e0 -0.261587747455112323445e-1
0.134636166760405111671e0 0.101275206187121041260e0
-0.530825296613711413200e0 0.230503714140189207911e0
0.399162576970203596561e0 -0.128986270100577128423e0
0.114357075868237401173e-2 -0.477860998599696232207e-2
