
1.323754927404707e+00 7.479846019690090e-01
-1.497153907861887e-01 -1.083511779002350e-01
5.807249544147360e-01 2.528372191809312e-01
1.660954721305836e-02 1.512363951019277e-02
-6.670366956483770e-02 -3.843803497093973e-02
2.515145285154755e-01 7.971926561377471e-02
4.298116925483857e+00 2.503106760727884e+00
5.531996702274923e+00 2.763909002694972e+00
8.720363416080443e-01 -1.128600242683686e-01
-1.562104203219770e+01 -7.017443972435196e+00
-2.518691839691756e+01 -9.558471834900622e+00
2.897287724014435e+01 1.633849300917644e+01
3.516035455480267e+01 2.617592205335697e-01
6.776781270044118e+01 3.135241750106233e+01
-4.776231473509581e+01 -3.303917616149799e+01
2.853204985155713e-02 -3.280320252773703e-03
-8.920271249820916e-03 -4.170208307348843e-03
-2.687803635509542e-01 3.425520842175325e-02
-8.548572442935759e-02 1.036023661810338e-02
3.498664423116289e-01 -2.743343289619371e-02
-1.509054892419414e-01 -3.414530813221203e-02
2.358305975905348e-02 -3.409609398001449e-02
-4.654474975448590e-01 7.569197506417277e-02
-1.059094547723623e-01 -6.199192146220438e-01
4.904025930073487e-01 4.116387294996369e-01
3.646032800335886e-01 -4.325413530246411e-02
1.000000000000000e+00 0.000000000000000e+00
9.563982868557613e-03 2.563188144532904e-01
1.512444656715430e-01 8.861610487750332e-02
