
-7.106804348232170e-01 -1.891479659947740e-02
1.136546617567845e-02 -4.808116229900993e-01
2.223637857591402e-01 2.167047786414286e-01
4.268406236028942e-01 3.241543542104419e-01
-3.250973658728090e-01 1.267653640072954e-01
3.332652517387936e-01 -1.526954618302335e-02
3.058489297172755e-01 1.187548589493287e+00
-1.447819961037587e+00 7.412109191623972e-01
2.603410957729535e-01 -8.519304928437530e-01
-8.970454943737966e+00 1.570032710704042e+01
-9.173737168982294e+00 -1.574674844450986e+01
1.750144435031710e+01 1.332826750720172e+01
1.159924588101762e+01 -8.456294002482512e+00
-4.517997412359218e+00 1.171833852295517e+01
-2.628790937279655e+00 -7.244033104557902e+00
8.898884206445088e-03 2.073365036417367e-02
1.258369948157278e-02 7.564721740903991e-03
-9.269823136990095e-02 -1.518442664626448e-01
-4.308036765520941e-02 4.163600614547995e-02
7.778192092445445e-02 1.505165846719759e-01
1.387515398269797e-01 -2.874718983264958e-01
9.438884426107294e-02 1.720583634671735e-01
-2.211378559534517e-01 -2.426674514046014e-01
-1.604642652166597e-01 -8.066541340584652e-01
1.000000000000000e+00 0.000000000000000e+00
1.180518666832417e-01 5.299808555768148e-01
3.733592017233587e-01 -3.091350250435899e-01
9.465601121010581e-02 -7.268395589628440e-01
-1.109037355531372e-01 3.276123858996255e-01
