
-3.955694041274840e-01 5.990484984748259e-01
1.838507209910194e+00 -1.242358883937509e+00
-8.042290411360146e-01 -1.012441013377853e+00
-2.366225121561790e+00 -9.168198828659976e-01
5.370323036795033e-01 1.854355459123047e+00
8.082902916968525e-01 -3.807920906530168e-01
5.340291704449429e-02 -1.908273694897890e-01
-5.476328181824327e-01 -4.097475269561497e-01
3.474357731704479e-01 5.654473204243092e-01
-8.732401356296220e+00 -6.591612885055403e+00
-8.421067940985620e-01 4.042805164767098e+00
8.778432574707496e+00 -3.770581831205683e+00
5.705161461801078e+00 3.163396703657750e+00
3.134730146971944e+00 -2.934488368531513e+00
3.027239894495140e+00 3.428216181397652e+00
6.009769978380815e-02 -2.098181442041857e-02
-4.189796086291277e-02 -8.842565038499342e-02
2.172763356498424e-01 -3.629943250375750e-01
-8.057155045342546e-01 5.712142254104313e-02
7.886479973323085e-01 2.239497507270245e-01
-8.754091884718565e-02 2.975698754814789e-02
1.662923693791490e-02 -8.993180887238919e-01
-3.307016693207540e-01 -1.148989272038069e-01
2.332255098019184e-01 -1.832895345165350e-01
6.094838204189035e-01 7.180150781483080e-01
8.987624605564961e-01 1.213274610026713e-01
1.000000000000000e+00 0.000000000000000e+00
-3.953003846215629e-01 -1.099645622178222e-01
7.059349237548299e-02 3.357350919331075e-01
