
0.623669218774970081825e-2 -0.241117848147290775096e-2
0.895512868380595820646e-2 -0.164888962615371085545e-2
0.578780181771957298154e-1 -0.720779458875768988540e-2
-0.164763734518984734638e-1 0.174969164353834623544e-1
0.206767956506712141711e0 -0.201724796948154597411e-1
0.102396812641487726447e-1 -0.150857379539105546060e-1
0.894701844301830978004e0 0.109566069152049397876e0
-0.916286142763787852259e0 0.240296549838817148111e-2
0.346772172816702170918e1 0.714378358922211078425e0
-0.843203911982397973784e2 -0.188063412178848584598e2
0.327433477226088395159e2 0.781225973677839216971e1
0.472687006886011165923e1 -0.117352787736466831342e1
0.234741618744433278437e2 0.836363331280704971372e1
0.122254451378877616917e1 -0.127791064816697090111e1
-0.328971325900276256662e2 -0.102926072548270322654e2
0.281140049014303223618e-2 -0.124040364567677933165e-2
0.602602303453298970759e-2 0.125760357557976936932e-1
0.297642648105848556191e-1 0.483020006381040475305e0
-0.807090032246485631658e-1 -0.357166627224326424847e0
0.272700211427980037632e-1 -0.632863432110053081793e-1
0.141528037012835071582e0 0.338582456828934539456e0
0.431367197543724127498e-1 0.152584927462663052020e0
-0.492910451530746794710e-1 0.337242804106257017938e0
0.176305453170630856784e0 0.101792523113847760703e0
0.511866772737741302659e0 0.253948342929379871811e0
-0.343471126119447933451e0 -0.172248859508010562571e0
0.100000000000000000000e1 0.000000000000000000000e0
-0.547856960290318693657e0 0.630720257109141007939e0
0.134412832377526461012e0 -0.268398749822312627058e0
