
-2.411829073739127e+00 2.723430348265917e-01
-2.403282212000714e+00 -8.983602083509910e-01
1.586641794634653e+00 7.712895325523830e-01
-1.170705863806318e+00 -1.517039243960796e+00
-5.597384704366328e-01 4.200861264791068e-01
3.582534937545445e+00 1.244696209134205e+00
3.953072015700826e-02 1.631502973774213e+00
-1.596297360802745e+00 5.004717926456566e+00
1.489463449590886e+00 -3.183599867096946e-01
-2.435963194233091e+01 4.907024420876276e+01
3.863789273855339e+00 -4.933916426829411e+01
6.639964654218283e+00 2.998169597251637e+00
1.315206255397596e+01 5.730829722327054e+01
-3.575550580700856e+00 4.744978034517723e+01
3.991617616732024e+00 3.688672729292656e+00
1.252552704106313e-02 1.506788134355415e-02
8.389166186636368e-02 1.838314293356206e-02
8.963521585876867e-01 -2.158033092937898e-01
-7.329285881694139e-01 4.911155164776504e-02
-1.574692043669727e-01 1.058140430237472e-01
1.000000000000000e+00 0.000000000000000e+00
7.692766623570211e-01 1.643128428831142e-01
3.390268513353090e-01 -3.481158297656797e-01
6.550328698992296e-01 2.970112306994671e-01
6.078904264005017e-01 5.562188539777010e-01
2.606008966067526e-01 1.209936098095762e-01
-9.096780542248346e-01 -2.035821371853805e-01
9.640960212392194e-01 2.622149622044196e-01
-2.655486801244938e-01 1.355999924455295e-02
