
0.412834996298955136246e1 -0.426655102059463675682e2
-0.262460537871560088286e2 -0.598063386504743761465e2
-0.344171353541455001977e1 -0.976361447599386012182e1
-0.401021770214123659225e1 0.581451431554807649793e2
0.310157257825117919810e2 -0.202177680125028016098e2
-0.118132260848314774113e0 -0.154796329495343974077e2
-0.573554969261551112576e0 -0.496883391302643087292e0
-0.757784623802561040909e0 0.339819950216921367171e0
0.482639189846463155726e0 0.462130345001009526984e0
-0.125417340065314818955e2 -0.235570468565668201784e1
0.588944260139263052554e1 0.691047848337896400070e1
0.266863420914071988580e1 -0.996015414700517376628e1
0.769332235531544410788e1 0.355483066747450596515e1
-0.196166992792479841798e1 0.196237601331035175893e1
0.696202153337090784120e1 0.829618977555010124296e1
0.563934562395254700263e-2 -0.272137696229882821239e-2
0.127135899036341788135e0 -0.778093325572770523236e-2
0.153970791279763472448e0 0.620492747822928706280e0
0.149047997386203242420e0 -0.536958512193109179422e0
-0.443477436874288054964e0 0.138336648913062060115e-1
0.441804811900254185131e0 0.432622124356164465639e0
0.100000000000000000000e1 0.000000000000000000000e0
-0.102819603841532839346e0 0.452513394261408609062e0
-0.317361476237036829908e0 0.632355310536138352730e0
0.282776249521698982655e0 -0.494414165643923306955e-1
-0.118116068608312241624e-1 -0.191435320517273216751e-1
-0.848152082814622405236e-1 0.289559148292960720847e0
0.205553195594438558154e0 0.111237282557275955277e0
0.112162626552389768128e0 -0.358441030528271864454e0
