
-7.120708776061373e-01 1.038286526901268e+00
-9.000439107717227e-01 1.027163701423350e+00
-5.923973981558284e-01 3.283763459639129e-01
1.105016294992161e+00 -6.178344748029800e-01
-9.435803806954082e-02 -4.872830090122806e-01
-1.060825744383177e+00 4.263631734460123e-01
-6.721908239548626e-01 1.236906943886584e-01
2.314023397034818e-01 6.529734589977758e-01
3.514804910398255e-02 3.962781366131569e-01
-1.005763896767831e+01 -2.717355267551918e+00
8.443150453167853e+00 3.443140026217058e+00
6.117750858694881e-01 -4.614045515872567e+00
6.644619126904562e+00 8.721521479823728e-01
3.563928282222636e+00 7.369232555879892e+00
3.413019840773748e+00 1.845203119569548e+00
2.914591767408842e-02 9.298908258899025e-03
5.274961008333856e-03 -1.176735207429390e-01
4.420024925118018e-01 3.532372712118594e-01
-5.126079128230088e-01 -7.212209511439895e-01
2.384420938455414e-01 5.823430136644594e-01
2.392339885336118e-02 -1.383439099555598e-02
2.834129510887158e-01 -8.065385342016151e-01
1.183224650990091e-01 2.786583047372710e-01
-3.304666802307125e-02 2.572425220968080e-01
-1.028960732681657e-01 5.389116898533978e-01
4.177063669557873e-01 2.707340972586332e-01
1.000000000000000e+00 0.000000000000000e+00
1.098140132947623e-03 -4.038846414884531e-01
-2.541121969646243e-01 1.515866902313817e-02
