
0.964061674329640622269e0 0.129589798289693920296e1
0.962640672477579886529e0 0.136484155819445096818e1
0.130000912397862188605e0 0.542765031059609541052e0
-0.862762383801427669666e0 -0.137117667264060196376e1
-0.223171982380593992440e0 -0.248220642523885178801e0
0.672230240429069924387e0 0.109024297083066107437e1
-0.773506916770814986479e0 0.885202008408947756612e-1
0.574568320418199788928e0 0.155899683687190242101e0
-0.161664204324082772950e0 0.129368908056079458949e0
-0.956632791457723506701e1 -0.441774579218436827657e0
0.913958481338481234634e1 0.473020793532499525861e0
0.219678752863612152552e-1 -0.911336976875057543351e0
0.845133337238527174336e1 -0.340493151455844759399e0
0.443182290781855727380e1 0.239661720701091507011e1
0.111499454219196402806e1 0.782267730674281632972e0
-0.391526666333295596686e-2 -0.666102788575352707640e-2
0.162084320130187474811e-1 -0.956063548774751602419e-1
0.383085702546672059296e-1 0.581091072487470640395e0
0.244415880130169068469e-1 -0.706897617254782502849e0
-0.957988799085193884692e-1 0.325148294427452751149e0
0.121010582619554879797e0 0.197245985781215359836e0
0.986965527326502289527e-1 -0.687092080430398330598e0
0.264111632513023251469e-1 0.561894918969760932955e0
-0.212832295862661268965e0 0.222661758660950588520e0
-0.246856665771940416722e0 0.265373801994605446216e0
0.251742346402183618715e0 0.173897208019706918107e0
0.100000000000000000000e1 0.000000000000000000000e0
0.295479751523601956914e0 -0.264308589213502341921e0
-0.196450278090926088803e0 -0.222109006124435943340e0
