
0.726354709227605838118e0 0.309644853542206807727e0
0.455471845599555216311e0 0.157582142851151943481e0
0.685250807817750943974e0 0.279333035132697992276e0
0.345580703289202242766e-1 -0.105719898387562064481e0
0.341936074204639062701e0 0.771652475038346004465e-1
0.615794177457170674287e0 0.229269530919049819862e0
0.152255252594722761466e2 -0.433680868994201773603e-17
0.215246573855573574037e1 -0.157209315010398142931e-17
0.852247563631415985331e0 0.271050543121376108502e-19
-0.117240311323369405749e3 0.346944695195361418882e-16
-0.565915240250410885338e2 0.190819582357448780385e-16
0.161888022412256597338e3 -0.555111512312578270212e-16
-0.273165479972453061203e2 0.954097911787243901927e-17
0.781428316446602431039e2 -0.312250225675825276994e-16
-0.223538572225945042934e3 0.832667268468867405318e-16
0.301422191148587247000e-1 -0.631432535782738294449e-2
0.866129063993780894893e-1 -0.607988616591820308282e-2
0.222028738133651788945e0 0.159577796945533370579e-1
-0.266742186714781793480e0 0.345053166301347426380e-1
-0.880544266359513522846e-2 -0.456376450467189659281e-1
0.431987324224408675950e0 -0.166147671345306375645e-1
0.809878766259039494652e0 -0.712437647995303998468e-1
-0.257698779002615478142e0 0.825172446947438982165e-1
-0.998015598462484505683e-1 -0.824078894711159266624e-1
0.100000000000000000000e1 0.000000000000000000000e0
0.277072039346556157603e0 -0.598056424933550335269e-1
0.319442335835101682663e-1 -0.606047900405769703831e-1
0.354805135926895017287e0 0.232715723822864544172e-1
0.108557455544816534850e0 -0.222348194543230943092e-1
