
1.008229227433792e-01 1.694841793776410e-01
-5.123473047291566e-02 -1.886780846486931e-01
1.446199739793133e-01 1.880069669375713e-01
-1.229469968025539e-03 1.938261340090551e-01
-8.814025430028559e-02 -2.180131928545985e-01
1.995712856740794e-01 2.038717902018005e-01
2.658297641045473e-01 -1.167901846559315e+00
1.102855544828419e+00 7.592337175455287e-01
1.311985598250553e+00 -5.117460102275051e-01
-7.960795621817344e-01 1.834035987845397e+01
-5.480820174612090e+00 3.346133491111858e+00
-2.759286091198015e+00 -1.423118214968463e+01
2.167414508114360e+01 -2.736008596903190e+00
2.223342829762350e+01 2.494561709808330e+00
1.703611731284879e+01 2.089852980149626e+01
2.032288422628082e-02 -1.360388876146154e-02
3.634825128103747e-02 -2.351741912435992e-03
1.871229373835950e-01 -1.419935473033890e-02
-2.815193737415445e-01 2.300680624637651e-01
8.764895177734000e-02 -1.815265933394265e-01
2.864813657034435e-01 -2.430188759245341e-01
3.800572913886485e-01 -4.229754205071726e-02
-1.306064285321150e-01 1.997428556997427e-01
-1.650506648628933e-01 -5.298275645328931e-01
1.000000000000000e+00 0.000000000000000e+00
1.133640564170014e-01 -2.937849334494826e-01
3.727959081860153e-01 -6.839956180155594e-01
9.488026255987385e-01 1.249142864978467e-01
-3.229360160069255e-02 -5.844997032449933e-02
