
-1.850200236798443e-01 6.283108212406785e-01
-5.121118335614649e-01 1.190079583601841e+00
-1.157902777140227e-01 5.648152988222520e-01
4.860745866036280e-01 -1.219171583381963e-01
-1.783218742427248e-03 -6.267642563093156e-01
-3.010545629237835e-01 -5.063936629024821e-01
-5.013923274692467e-01 -3.785927218663185e-02
-7.128948968026990e-01 1.170140366980810e-02
1.397673228143327e-01 2.876440854423861e-01
-5.855303819446894e+00 -3.218199562938071e+00
1.052727150647526e+00 2.861628440705542e+00
5.308107971395158e+00 -2.574166903833719e+00
6.989652982324506e+00 1.712492906633467e-01
-1.568457108415193e+00 8.352610991172367e-01
7.426021365021504e+00 1.718085006701007e+00
2.023691629058470e-02 1.206904930851273e-02
-2.836757662669630e-02 -1.123019484731814e-01
3.823379550967201e-01 1.195913515224745e-01
-5.097494369620256e-01 -5.024217365980490e-01
2.962146877162930e-01 5.738039472553270e-01
-3.825021184604330e-03 -2.327795990129812e-01
-3.672338326588806e-02 -7.687549581124131e-01
1.687655621377533e-01 1.097731270506767e-01
2.094374069256346e-01 -1.324847137018841e-02
-1.673191971489248e-01 4.590231061722785e-01
3.206188608158289e-01 2.727381645550858e-01
1.000000000000000e+00 0.000000000000000e+00
1.360291656963040e-02 -3.404661806109885e-01
-3.155430612006178e-01 8.097515682892116e-02
