
-0.389234891493348600508e1 0.130497167911611047422e2
-0.142005639142861173811e0 0.376616317772742949282e0
0.387558451846078318669e0 -0.982839480350983174799e0
-0.225881874858415229376e1 0.994484495806091831245e1
-0.174108111049329221430e1 0.734110454421154171294e1
0.340670075234292926637e1 -0.107112669184693645079e2
-0.123326502949238974531e0 -0.298723682239436802034e-1
-0.357283498948921272403e0 0.176263061185734548793e-1
-0.739225872370309559109e0 -0.381043497953091640776e-1
0.114537059115051680297e1 0.903465402853231576809e-1
-0.416553494330985072096e1 0.117909693735054073912e0
0.132228305887042788102e2 -0.351672358899785372950e-1
-0.412747412406265591417e0 0.191875805335450018497e0
0.776626958429381814334e0 -0.242593103105215945507e0
-0.732623178744251211502e0 -0.282222345620773176192e0
-0.729351670805630341161e-1 0.111926629326107043930e-1
0.283094369744900286053e-1 -0.307052003719500168325e-1
-0.556868020703236405388e0 0.368805224430979441172e0
0.678480927496264546320e0 -0.427703254796740537150e0
-0.642688153090176329807e0 0.212176781129413372876e0
0.100000000000000000000e1 0.000000000000000000000e0
-0.433437898303589437879e0 -0.101837161834888741005e0
-0.163169405437334232535e0 0.242106534923653775361e0
0.508196655804239057414e0 -0.591076951274179182680e0
0.104097098907010108412e0 -0.509736220306533468082e-1
0.180878218292058541800e0 0.611455916104752756149e0
0.839634738992376827241e0 0.467245574554854815625e0
0.557229116250171800553e0 -0.320350518188581085061e-1
-0.296325083926062661315e0 -0.251587058263064020542e0
