
1.230494444453488e-01 7.467866443555954e-02
1.593376937719982e-01 4.765762226267559e-02
-1.100695371924864e-01 4.020821120154230e-02
-1.485676662501170e-01 2.863395794492589e-02
-5.359553027021860e-02 1.141228679625738e-01
2.551822180476817e-02 -1.033126223804854e-01
-9.412804337752706e-01 9.524717740746572e-01
4.304786503748439e-01 -2.906514558814108e-01
-8.714976021985631e-01 8.537468296547516e-01
-3.122581060521799e+00 1.050552023704495e+01
7.001812292776845e+00 -9.222027339716554e+00
3.320240184236029e+00 5.204193894647814e-01
3.176420976927868e+00 -1.074382830307936e+01
7.307311193578947e-01 1.184436999297906e+01
-3.303389903522156e-01 1.728433031984635e+01
-3.416891906708764e-02 -2.439763933817400e-02
-3.553098004285728e-02 1.224762239371779e-02
1.039535208260316e-01 -3.906612065544801e-01
-2.492047769645419e-01 5.427900845723683e-01
-4.406092026216729e-02 -2.903793343779490e-01
8.889747112616079e-01 -1.131927528073695e-01
-5.785889296110002e-01 -9.248138748348778e-02
1.324583180797444e-01 -9.191599542608132e-02
1.000000000000000e+00 0.000000000000000e+00
7.634436220712203e-01 -2.767796294120008e-01
2.562852885736646e-02 -4.833668504767263e-01
-1.778711867191582e-01 1.678310908849376e-02
-2.676080973612242e-01 5.768810812864084e-01
6.794682039638270e-02 -1.096983465868895e-01
