
-0.114947002413545656472e0 -0.201120626747013029142e0
0.430738546498570859584e-1 0.104152814877594642323e0
-0.883562941045638774030e-1 -0.306809193383357786016e-1
-0.143658483154362521303e-1 -0.529222848281256361021e-1
0.407505867515358510128e-1 0.202555839350415449565e-1
-0.350261993373201763430e-1 0.141176930611599667772e-1
-0.897835609614295045698e0 0.103654556635542169894e1
-0.127895890793235348788e0 -0.599436577943044199865e0
0.302776171548780057588e0 0.536026726436183752005e0
0.573249372872840177399e0 -0.505610032155429862163e1
0.288363185087788009711e1 -0.396834134278787914831e1
-0.341929742079912557876e1 0.792479035372782303565e1
0.903411397796621033502e1 -0.894594549005910717483e1
0.344644250896753222019e1 0.369009497760467575136e1
0.187184579010874651839e2 -0.316486620578855842346e1
-0.504600598891770785770e-4 0.288338530595926105657e-1
0.125516173445501062642e0 -0.321292781862693856173e-1
0.192854136581208687319e0 0.634343751878372345420e0
0.245321134418551460590e0 -0.830462450123888322700e0
-0.534979842459276248845e0 0.412957497885663699316e0
0.275075526068191758962e0 0.193982467092649112656e0
0.100000000000000000000e1 0.000000000000000000000e0
0.441437965094650357353e-1 0.252668886491072935903e0
-0.154092567560138862652e0 0.545628996401367777022e0
-0.375492008215990965208e0 0.125927195151902347663e0
-0.190343125415281775903e0 0.378636502559268339139e0
-0.728884814467068640727e-2 0.731846663956097759373e0
0.267461938422884963845e0 -0.141933252517483291633e0
-0.132765809532665271926e0 -0.296355367334161396982e0
