
-8.821559294851164e-04 -6.315474150393459e-02
9.213221267826782e-02 -1.123588158650983e-02
1.061479235586498e-01 2.014657995423927e-02
3.092703626284764e-02 1.328385145217561e-01
-1.271626417352603e-02 1.582587417753387e-01
-7.011170380575148e-02 1.710029568571511e-01
-8.946139774167458e-01 1.375343627217701e+00
-1.469097117918120e+00 4.025715020436120e-01
-1.196608886017238e+00 -5.630580329958067e-01
1.752206334829556e+01 1.070816153290375e+01
-2.425299534716425e+01 -8.178876431149899e+00
1.790175948255772e+01 1.164810933990904e+01
2.965234583317968e+01 -2.506396162487157e+01
-1.587450988729452e+01 1.340844764836350e+01
4.912802490023112e+00 -3.502977525633073e+00
-1.350292134307669e-02 -1.082981442227705e-02
3.625715048987607e-03 2.400071979646571e-02
4.623752148348564e-02 -5.386291350929256e-01
-5.055201590286024e-03 4.736515592615682e-01
-1.115257508204257e-01 -1.471168769928873e-01
2.804554397315286e-01 4.974988331965946e-02
-7.353278709381171e-02 -7.994111047475126e-04
7.534009056558018e-02 -4.163321398905634e-01
1.000000000000000e+00 0.000000000000000e+00
2.503701321729327e-01 7.963407945602921e-02
-6.458457492726475e-01 4.303735144956167e-02
-2.414344557104463e-01 7.224473819044438e-01
-1.347571794291584e-01 4.470457692184034e-01
-1.007272254863735e-02 -9.874136028411984e-02
