
-0.140899879703202914215e0 0.150562859855165014693e-2
-0.283400185071646350427e-1 0.273606245530918843485e-3
0.595935883305945797949e0 0.189307875081215209938e-1
0.767868693736111658662e0 0.318938274505268896331e-1
0.132893206614629746248e1 0.779512027820401338175e-1
-0.626968814032908744460e0 -0.333994560490785397631e-1
0.370665077408083267732e1 0.130032205529567954907e0
-0.292177018692010217007e1 0.281435192891746035668e-1
-0.356213796505526968171e1 -0.957996309127859971082e-1
0.218777884775219575525e3 0.752943853207254967796e1
-0.139268292609542398780e3 -0.249665956477957163423e1
0.451133020349275574851e2 -0.260400991475992096488e0
-0.946677634625805195720e2 -0.728706449475210703975e1
0.517552492477008790270e2 0.342213984511242877776e1
0.152519643266933985506e3 0.667808370729976277097e1
-0.109179215165126503610e-1 -0.191756099464960523134e-3
-0.102580916281116787568e-3 -0.423852903587506672102e-2
-0.229654069294023168143e0 0.168855790772876356438e0
0.544296302188758769639e-1 -0.161944484997930252982e0
-0.584014840343866134015e-2 0.204588868112770357409e-1
0.416072749890523598931e0 0.124141020163896824655e0
-0.183582720446575175486e0 -0.155186173652575471344e-1
-0.247596930211877660122e0 0.116422498939591167079e0
-0.194740268285118137224e0 0.538981025661793429856e-1
0.165788894060484417295e-1 0.719200577885436553578e-1
0.100000000000000000000e1 0.000000000000000000000e0
-0.136387846998011052948e0 -0.389723888474992705804e-1
-0.143851826038902091110e0 -0.130552065867967765156e0
0.124792804706216145629e0 0.128827374119768866040e0
