
0.706449798029871947058e2 -0.264265880530910888466e2
0.100906482748128653627e3 -0.212690010885284890921e2
0.745531848791361150264e2 -0.113277764332420218720e2
0.140759243109159168802e3 -0.810494464157483793243e1
0.103100238004791033106e3 -0.584660037618932523773e-1
0.752719420902953382790e2 0.424852530242599895835e1
-0.143696727371411796682e1 0.353959347129256802464e0
-0.199505891584745191820e1 0.478901359763458086237e0
-0.184584187588242043586e1 0.273791237935704416691e0
0.375548721657902868538e2 -0.131804273268724499099e2
-0.411933911563298665801e2 0.149907125214715225697e2
0.210264711292595858315e2 -0.304535659471133814472e1
0.464519805464273482093e2 -0.197699143802130051124e2
-0.246449958496420406338e2 0.745920358672664473524e1
0.131124755858060015193e2 -0.479555909488539612714e1
-0.114110690236269642430e-1 -0.825098285698577078672e-2
0.279826156025383305256e-2 -0.274576424178229272016e-1
-0.113903299691242105608e0 0.602086305062652456320e0
0.475826091705922307653e-1 -0.597473189998245404915e0
-0.585109019779890270739e-1 0.681018534818559044964e-1
0.315313700745472339111e0 0.547862485057598702903e0
-0.116059880436061144487e0 -0.208364601027714154316e0
-0.103348975591481840694e0 0.455749358326826115517e0
-0.596256408345098087430e0 0.557423243278264411520e0
-0.723724149474386060818e-1 0.355545102094455154164e0
0.100000000000000000000e1 0.000000000000000000000e0
0.452757705498080890226e-1 -0.309455741425107002816e0
-0.186181487490712858926e0 -0.555126915104808759890e0
0.810963098383027358978e-1 0.451118819128676475554e-1
