
-2.494866426576044e-01 6.450066664829604e-02
4.638633751556510e-02 2.209483947196309e-02
-3.649600881077571e-02 5.917992000013429e-03
7.490765363817875e-02 -3.337558278534046e-03
1.281964745719983e-01 -1.180243196864533e-02
1.745789890194256e-01 -6.116310836976200e-02
2.606211652375323e+00 -1.884435226410455e+00
7.202748994253292e-01 -6.994006956868422e-01
-7.591434692709528e-01 1.531561346233325e-01
-4.556388375806585e+00 5.587677625044511e-01
-2.755481314554235e+00 -1.547905927695647e+00
2.933809865554115e+01 -1.075065917079594e+01
-4.700415028762291e+01 3.920818759550498e+01
2.905523060973615e+01 -2.042385681136684e+01
-1.691661224823631e+01 7.793248531686783e+00
-6.274540314832545e-02 -1.197281904297205e-03
2.953937458699452e-03 -9.813930646198748e-03
-2.036036408645920e-01 1.830406476614900e-01
2.889819897003131e-01 -1.286206739981848e-01
-4.633967839071678e-01 8.479850861442290e-03
1.000000000000000e+00 0.000000000000000e+00
-5.010883590508963e-01 -3.889247409654342e-02
7.249464175687309e-02 1.828495927053112e-01
6.348709445356026e-01 -1.001863394667725e-01
2.730664463680413e-01 -1.559344424740832e-01
1.212756814592577e-01 1.864465792248514e-02
2.128987241230526e-01 2.267108975502755e-01
1.480322691646444e-01 1.336910156279811e-01
-1.415170290811149e-01 -2.255605572841248e-01
