
-0.211838564661411555954e-1 -0.189612431554229331302e0
-0.223517161300063577932e-1 -0.265011529324779043196e0
-0.129428576622471474755e-1 -0.193363425125544659999e0
-0.211293262596115609457e-1 -0.370118728506155060244e0
-0.107267253542797590568e-1 -0.269926791816069294456e0
-0.441115902144632619433e-2 -0.196797971870870431089e0
-0.149729125224188936653e1 0.738789630021246973048e-1
-0.208961255277272786937e1 0.477495717767881656230e-1
-0.187501412462667371912e1 0.197311331880633604072e1
0.405056589151280344897e2 -0.395786731915384771725e2
-0.440572127678576528909e2 0.432046452707549605496e2
0.213179069831161607310e2 -0.196308803804928836811e2
0.496044558111945120479e2 -0.387402030525979352918e2
-0.257009366402841078238e2 0.991532959571826494338e1
0.149209634272583393198e2 0.602408469580640459646e1
-0.681165201435791592050e-2 0.205281318035209830801e-2
-0.224546769529559389751e-1 -0.287781386338366196603e-2
0.561591515642628966751e0 -0.299781938953248656006e0
-0.540726687243820477340e0 0.324444016441716169156e0
0.527570354735043644001e-1 -0.138686209443084494634e-1
0.480372428773660589284e0 -0.436742523808998515749e0
-0.159476638136013331229e0 -0.850133766584140588708e-2
0.426000544767213049009e0 -0.146496852834844768954e0
0.100000000000000000000e1 0.000000000000000000000e0
0.618141864431486760356e0 -0.225490969839778038791e0
-0.652909177864936789582e0 -0.464656467004802521632e0
0.103958324583764594997e0 -0.374870537326058962676e-1
-0.215291303990893654363e0 0.631069458365829576607e0
-0.109781431205526257863e0 -0.162708047886278076526e0
