
7.784397734998154e-02 -9.196760845947006e-01
4.067972654995394e-01 -2.469382477326315e-01
4.807934846291618e-01 -4.676626526241379e-02
-2.306248451196411e-01 1.100470110156699e-01
-1.312715380850775e-01 2.702692503606244e-01
3.859765197384395e-01 4.584959370846456e-02
-5.949683662571791e-01 5.509449947562701e-01
-1.217512493010828e-02 1.789697176230534e-01
-4.723487348023278e-01 1.128169933573789e+00
-3.348061761018862e+00 -4.787200030813321e+00
4.640684160617864e+00 2.747213550891296e+00
4.857567662340901e+00 -5.097622922224376e+00
-1.508320459529660e-01 -4.022502173332196e+00
1.783195599545434e+00 1.039547359679025e+01
3.498893806971826e+00 8.809702204145518e+00
3.269980229804736e-02 1.965827164697079e-02
-2.094968941348631e-02 -5.198957265128192e-02
1.000000000000000e+00 0.000000000000000e+00
-8.922387970158927e-01 -3.911682292044493e-01
2.942031553378632e-01 4.502955735991540e-01
-1.317492557867204e-01 2.819211528049943e-02
2.561827447818714e-01 -3.280262065455953e-01
6.584458472228591e-01 -1.803514183951346e-01
2.697868792383070e-01 7.161413393058286e-01
-1.222007396251052e-01 5.149475071938290e-01
-2.672885681019595e-01 1.911264404619666e-01
-6.688823820339723e-02 -3.390512045961422e-01
-3.421729941169286e-01 -3.356978921377768e-01
-3.143637026961192e-01 1.267578861551563e-01
