
0.135067558131984200882e0 -0.218361320573718952853e0
0.951105377196636247962e-1 0.232657657451108288067e0
-0.171056486106157834472e0 0.179220142847767136731e0
-0.108821006642782774101e0 -0.139687305340745080047e0
0.173251720411699903165e0 -0.487169055563592970464e-1
-0.262465514892014267522e-1 0.358048625914464032873e0
-0.108247243587577912703e1 0.994257421799958508626e0
0.780405744502837015798e-1 -0.895291300649405653671e0
0.383990712636924500806e-1 -0.932047332593385390921e-1
-0.761430923238067976959e1 0.900153176767880226815e0
0.765664448448611928508e1 -0.919765288902071227826e1
-0.218212262747664093357e1 0.134444188102757124460e2
0.129756694802192274960e2 -0.993218854966619630557e1
-0.104475571634016694466e0 -0.103876276234440855883e1
0.753226989921658635638e1 -0.643109972716263173214e1
0.470468048234322147719e-1 -0.687967685486476094961e-2
0.102169441380011635916e0 0.569784337899019350550e-2
-0.462340420491658001846e0 -0.791533552038691198171e-1
0.384540895033734829954e0 0.145231578455648961210e0
0.178373882000692583518e-1 -0.964140440228147080641e-1
-0.429252540255500960941e0 -0.347963787465283630397e-1
0.100000000000000000000e1 0.000000000000000000000e0
-0.761828896266154267881e0 0.283006356479080598693e-2
-0.545310330531034590331e0 -0.243609636663966168063e0
0.942544901976395448290e-1 -0.386928750550843508131e0
0.180529306564770941125e0 0.801543564414215511086e-1
0.366535288323471697565e-2 0.822696456473190186479e0
-0.729012551386620936931e-1 0.242186499796027054224e0
0.421241625209408324787e0 -0.184651070245272598883e-1
