
0.104000140682626943597e-1 0.243091212863931129706e-1
0.886904666865908274744e-1 -0.766518019483992828734e-2
0.103958134042113009946e0 -0.200727553209466411983e-1
0.688654266064498599655e-1 -0.291702953989994263396e0
0.452606631934168979114e-1 -0.353592484989617349632e0
0.965924765038091040579e-2 -0.423870599619662457062e0
-0.126964082451991073554e1 -0.900435836167248332775e0
-0.177271194623171680959e1 0.321835511006885877506e-1
-0.627769823019538661412e0 0.465646665236028583091e0
0.100014639705626164554e2 -0.105430386940348800005e2
-0.150303583049258151008e2 0.128382830201196575515e2
0.105922698094293245598e2 -0.112998058104516898425e2
0.268808503161165852739e2 0.666610474803587030063e1
-0.179643495332275113571e2 -0.494344091538711498304e1
0.112698289618831837206e2 0.372247921046509540918e1
-0.511231417317834782523e-1 -0.240115167711632326901e-1
-0.391439214731660578235e-1 0.889877191518151517834e-2
0.198898555231524321138e0 -0.187543869567857869298e0
-0.204419779029762454299e0 0.364122656894473131469e0
-0.199560923687398150247e0 -0.274160594859911689922e0
0.100000000000000000000e1 0.000000000000000000000e0
-0.683584065314536193153e0 -0.877717806251849283039e-1
0.345157454498263842064e0 0.539000181849542573065e-1
0.947212853151622429480e0 0.301447704994728471847e0
0.612631303510769299953e0 -0.284370180861129458498e0
-0.677131061407663631499e-1 -0.561270780787888161453e0
-0.330978354091429296971e0 -0.122287220300536828595e0
-0.242085333815524181823e0 0.408189955091915783079e0
-0.875353237017911882921e-2 -0.195674040983467658844e0
