
-5.270530412298364e-02 -4.405898383816992e-02
1.618406416549980e-01 -1.479583147692964e-01
2.189337171372946e-01 -5.972998374684593e-02
3.991004729769996e-01 5.750346462566789e-01
9.566002851625809e-02 7.180514316126282e-01
-2.513059256411788e-01 7.063064916937238e-01
-1.967569949952768e-01 -1.213885796130477e-02
-1.627742677716608e+00 -6.403279731726452e-01
-4.528187068147790e-01 -1.781517479970932e-02
9.329982159358444e+00 6.087557535174837e+00
-1.487391392580826e+01 -6.750603357907708e+00
1.586620435682459e+01 2.609954194228028e+00
6.049593864295926e+00 2.333511833098536e+00
-7.125606620336744e+00 -4.199005320320781e+00
1.007407904187573e+01 4.858131631467542e+00
-4.229598084428069e-02 3.388767568692740e-02
-6.445472857220449e-02 4.284829595071748e-02
5.371473693793571e-01 -3.413633180253407e-01
-4.850622526811456e-01 2.838686640232807e-01
-7.382528955405768e-02 9.768221261578625e-02
7.942854366001373e-01 -5.853509379714122e-01
-7.238986441076231e-01 5.225031124106936e-01
6.495906649192174e-01 -4.530641626896045e-01
1.000000000000000e+00 0.000000000000000e+00
3.880698402738854e-01 -1.595753793496704e-01
-2.070516362298710e-01 -3.427914137749871e-01
-7.616872317953290e-01 -2.884150067806449e-01
-3.825936976909985e-01 4.571219724419931e-02
-2.323166899162991e-01 1.540057526867489e-01
