
1.063354401945437e-01 8.968027686310222e-02
1.360942725297548e-01 5.602813986636287e-02
-1.013646471281803e-01 3.581917762641839e-02
-9.454071944142432e-02 2.358994149484401e-02
3.589046962298380e-03 1.092259978238469e-01
-1.179472075311937e-02 -1.132702183579462e-01
-4.843565937356197e-01 8.998570548055911e-01
3.077586855869547e-01 -3.645877302630239e-01
-6.706894898019482e-01 1.089165143164967e+00
2.748152339052170e+00 5.556358059741378e+00
1.930714534350241e+00 -8.261083890862583e+00
5.110693843658455e+00 4.184728135576399e-02
-2.643852550722438e+00 -4.547467798895487e+00
5.605966564159678e+00 1.009794988840139e+01
5.768848600950486e+00 1.474724045778022e+01
-2.635835722343050e-03 -5.446616486419907e-03
-5.618657795911898e-02 -2.406627717373277e-04
5.888566967280477e-01 -6.505069203093423e-01
-6.704234879453702e-01 5.771400521019653e-01
2.221084353469301e-01 -5.080278696692869e-02
3.598707500071796e-01 -3.779264611785388e-01
-3.808205407905270e-01 -1.196192752802275e-01
4.628695401080167e-01 -4.180546728501230e-01
1.000000000000000e+00 0.000000000000000e+00
4.915184858268221e-01 -1.968491793818658e-01
-4.024770645535867e-01 -2.224170770259880e-01
-3.169229391912418e-01 -2.519872685956119e-01
-2.576434787969858e-01 4.011343815136220e-01
-1.446441587141300e-01 6.792859381442412e-02
