
6.704590806927180e-02 -1.484937583551323e-02
1.504860591866013e-01 2.760154290189255e-01
4.053400781730398e-01 2.339643133712384e-01
-3.532328894412287e-01 -3.874919762400032e-01
-2.678009952976027e-01 5.605375413001216e-01
7.061061621586351e-01 -1.635951937561342e-01
1.371188365825765e-01 6.963363242028816e-01
9.924303972012519e-02 2.494638746373294e-01
1.318496000563896e+00 1.598656203860394e+00
-1.480081322807515e+01 -1.574337843424368e+01
8.018618126392155e+00 -8.149666301705558e-01
-1.720698395793851e+00 -2.102661365230789e+00
2.500750484804072e+00 1.906573973979442e+01
1.365988908799484e+01 7.631916237786584e+00
1.230006274327108e+01 -3.322361305550746e+00
3.840817394481616e-03 -2.731260777715262e-02
3.199143081462756e-03 -8.928196374522995e-03
-1.365535263932044e-01 2.118760008641318e-01
-1.509964956635233e-01 1.079353637330386e-01
1.385042681529808e-01 -2.813093372361366e-01
4.795234177718430e-01 -1.076562597772945e-02
-7.648692383910122e-02 -1.452752912603809e-01
-3.254054039320896e-01 4.619552335682175e-01
1.814483177715527e-01 -2.065467659764358e-01
1.000000000000000e+00 0.000000000000000e+00
2.990167236164735e-01 -7.753068793557979e-01
8.881111680624214e-01 -8.177500116250086e-02
-1.279662258688273e-01 6.257639301210149e-01
2.904549287148947e-01 -2.262434363673163e-01
