
-0.897116096445691440302e-1 0.100950461776097035373e0
-0.425305993482782604320e-1 0.832031394849251385514e-1
0.120058561786581744063e0 -0.231312289545567224625e-1
-0.140184838471244003131e-1 0.631154249106635602688e-1
0.763826919391654122438e-1 -0.363628106078170015722e-1
-0.990071063639841798023e-1 -0.494987099537309598405e-1
-0.179914179940531876619e1 0.125208042914951751660e1
-0.235589719546681084623e1 0.151420695944461925625e1
-0.320842860677267909409e1 0.237028974186632537900e1
0.522002153020086913857e2 -0.841196330316079967163e2
-0.495714100617687971548e2 0.103773590889391164847e3
0.284405544477725127500e2 -0.301538559869832577254e2
0.435082321985542759407e2 -0.132927669545549407323e3
-0.333439646183903227565e2 0.355589031089634214390e2
0.104110461670588860987e2 -0.873535176154565607201e1
-0.257767109304042343625e-2 0.171742225660579954479e-2
-0.138400031952297691757e-1 -0.262078469281101387358e-3
0.518245429798895151658e0 -0.271446702890870115576e0
-0.482129725397373117891e0 0.279746862417092091117e0
0.454927718523272267112e-1 -0.134077212088867748609e-1
0.382500134457929548301e0 -0.338679856544390105362e0
-0.638664477173324081989e-1 0.122623339262346087845e-3
0.376067853586097752209e0 -0.151264424847163933948e0
0.100000000000000000000e1 0.000000000000000000000e0
0.623353359533756440510e0 -0.125781118996563490297e0
-0.799595594795979936050e0 -0.384521892971766384600e0
0.242085295263197826149e0 0.101988469601181267305e0
-0.256154677611366992296e0 0.656559031755472165325e0
-0.933592806558551168794e-1 -0.192180531284144276815e0
