
7.927043764983480e-02 3.189110489795925e-03
1.415032259774261e-01 3.535491661600880e-03
9.964104145478779e-02 4.732505176543306e-04
2.525344525477669e-01 2.462540704934284e-03
1.777701081414523e-01 -1.863014446043802e-03
1.250889825543446e-01 -3.842696553175956e-03
1.249460457169128e+00 -7.756311309810526e-01
-1.401951725108215e+00 -1.971164427731804e-01
9.389274261221066e-01 1.851704600481552e-02
-3.331491835896252e+01 4.498090097894094e+00
3.597268442979258e+00 3.697946013089236e+00
2.163264007528948e+01 -7.994172526244291e+00
-2.591623405707828e+00 8.245549633428632e-01
9.465463034747772e-01 -4.140586622353748e+00
-1.890195007775269e+01 1.160383185617312e+01
2.427921741998550e-02 6.703655372921729e-03
1.114983101025730e-01 -2.740225188363095e-03
4.867536918122065e-01 -5.154479555339059e-02
-3.768255391893715e-01 -3.671241327861324e-02
-1.659246866566405e-01 8.721850352371233e-02
6.889880474760932e-01 -1.739670711735919e-02
1.000000000000000e+00 0.000000000000000e+00
-5.337856667423055e-02 -1.045897955402390e-01
1.991193348147302e-01 1.609083130644827e-01
8.872935622140770e-01 1.112768846754859e-01
1.756383579252454e-01 1.011465199454606e-01
-4.134084801352386e-01 1.445134842511440e-01
4.575924146953054e-01 -1.326363894705332e-02
-2.143485737105190e-02 -2.636171845883633e-02
