
-0.218697443625411602248e0 0.360456546863140684105e0
-0.229245679839569796530e1 -0.240560430070194379874e1
-0.184896248804039894009e1 -0.134465204470616295641e1
0.778580190158961841541e1 0.365653284597620052546e1
-0.208504882137262174805e1 -0.916790966677909378781e0
-0.756710445796420681265e1 -0.401698939283934120924e1
0.145438843805918294357e1 -0.475750828935221717732e0
0.973095742995305407891e1 0.915594140137808960422e1
0.415548129376131906710e0 -0.260386525927207372521e-1
-0.104704036678303702744e2 0.428027540779120593004e1
0.168826893228531297528e2 0.243124384698685854535e2
-0.187360771996883217743e2 -0.410311143210021312538e2
0.264225487282692239714e2 0.281940598371366533976e2
0.880362463985180033338e2 0.666982759495252915047e2
-0.212345525133241882273e2 -0.441681878902600168983e1
0.471371850504624709137e-1 0.403805044459358891710e-2
0.192742954697122422142e-2 -0.176719592293795187460e-1
-0.225704792451629055299e0 -0.199284307875397630093e-1
-0.174517757029598467367e0 -0.546332193908779787566e-1
0.463164772618042414585e0 0.107540016931568304809e0
-0.313303144353361924377e0 -0.899480039090553712953e-1
0.237352896330306359444e0 -0.110876992338714575791e0
-0.551996567544033770228e0 -0.207216397780509695145e-1
-0.305510376669848834007e0 -0.687940937651577316485e0
0.500424844426585915423e0 0.468547916546295517776e0
0.542556909679792933774e0 0.179171278072478211077e0
0.100000000000000000000e1 0.000000000000000000000e0
-0.167234609106850978752e-1 -0.145533645525584458165e-1
0.138098211580177745891e0 0.235138264286921392694e0
