
1.852438746280343e+00 1.165291369150888e+01
3.896395755071802e+00 -1.559994395372245e+00
-7.131156686871582e+00 -2.250849753908119e+00
-5.573506572144712e+00 -6.315902280867055e+00
7.549605661832222e-01 6.226399842117784e+00
3.721067825864367e+00 -5.337011410641829e+00
1.492333879283155e-01 3.269879117747919e-01
-1.400728546387284e-01 -7.646541690615883e-01
2.486034075313706e-02 1.014727140995551e+00
2.527869599373937e+00 -7.501509091009816e+00
-6.502522778764404e+00 -1.462817673231070e+00
9.027884872512381e+00 -4.421018497912077e-02
3.675882525003150e+00 5.426235445866638e+00
8.023648587554177e+00 -1.249009704367643e+00
8.109603399476789e+00 3.835108094988328e+00
-1.530138237872865e-02 -2.129365753160271e-02
-7.997897299950753e-02 -4.075145551132555e-02
6.371193728955058e-01 -5.754528745574632e-01
-7.716124932896176e-01 5.854255502805414e-01
2.354134116286490e-01 -7.283184241669041e-02
6.036043043957255e-01 -5.043839947378861e-01
-6.622536627651943e-01 -4.761706345767610e-01
5.533617163858696e-01 -1.419542362186058e-01
1.000000000000000e+00 0.000000000000000e+00
6.475135618809309e-01 -4.381209546949248e-01
-1.778619298974614e-01 -4.697238832704829e-01
-7.142495854815767e-02 -6.190125980298303e-01
-1.087587444925927e-01 3.419988830765640e-01
-2.019540566592846e-01 -9.412112447318557e-03
