
0.234719876583120138123e-1 0.150352780951069216138e0
0.145820163384587857692e0 -0.422946574858941334118e-1
0.155861252233504545169e0 -0.705723033409623482458e-1
-0.443405491082714614946e-1 -0.157201196460810581023e0
-0.179879103239857828913e-1 -0.146396125868074863615e0
0.208685614499594477094e-1 0.684841550974136486270e-2
-0.341068083428367055236e0 -0.893449664408239879298e0
-0.294703389835309637437e0 -0.298034932666346799888e0
-0.103558435850180515338e1 -0.137092801450942909929e1
0.567134255173635123265e1 0.112882865435603117234e2
-0.686223413416761534537e0 -0.826174605167151936830e1
0.105812192270646020283e2 0.516347667897436851930e1
-0.109901092405850449689e2 0.134523076856200530568e2
0.148011886305646000409e1 -0.145216217580135625630e2
0.455403148453646665090e1 -0.640977533556446825349e1
-0.150677082191839910490e-2 0.511909288647871691226e-2
-0.195842745319690252192e-1 -0.886599279979617450728e-2
0.113375687346306823073e0 0.434174534892264977874e0
-0.183156008434267632246e0 -0.403145308047000104233e0
0.856935349545849021368e-1 0.765908526349726601149e-1
0.141250225800248732573e0 0.182138320506675513528e0
-0.160979238348843406827e0 0.273505669329908729618e-1
0.771485020664398116525e-1 0.291494971795311114154e0
-0.780908774607042935150e0 0.431229168359149008872e0
-0.135175418150336278174e0 -0.156108011765296009535e0
0.100000000000000000000e1 0.000000000000000000000e0
-0.385766807101797154050e0 -0.886256904777424700059e0
-0.312498878397177951856e0 -0.471776800261784777946e0
0.561849382184734326201e-1 0.195388963656721135754e0
