
-1.434952127199574e-01 -6.648226815505198e-03
1.445478770773455e-01 -3.356453374781392e-01
4.982150820002441e-02 2.320579058590376e-01
6.693822950586861e-01 6.452022676435831e-01
-5.971359699010266e-01 -8.955856509967886e-02
3.497653554473189e-01 -1.773457709990438e-01
5.667794581299943e-01 -7.056246055273567e-01
-3.767662568533270e-02 9.523395258418275e-01
9.009735128460944e-01 -1.134457502589279e+00
-2.176740212650222e+00 2.355541173972489e+01
-7.526434374208939e+00 -3.302310196107569e+00
6.951908401810369e+00 -5.951217411000582e+00
9.190876809481535e+00 -6.183215498576839e+00
1.395620222338329e+01 4.337392051818353e+00
1.123200458906254e+01 1.290897460270960e+01
2.866718608422858e-03 -5.335935660858073e-04
1.716361322308093e-02 1.597822412110922e-02
2.745661470913204e-01 -9.335668339127867e-02
-2.142365908577867e-01 1.432297964838867e-01
-3.564306424504023e-02 -7.793355211038672e-02
2.283279987580034e-01 -6.063288617068720e-02
1.769993989826874e-01 1.130172232917064e-01
1.422436477016724e-01 -6.537641972268782e-02
2.666822601211424e-01 -1.710114358864308e-01
3.441199802463686e-01 6.463006862171526e-01
-1.948591910673266e-01 -2.740261383448474e-01
-5.171960282179767e-02 -1.441460456899026e-01
1.000000000000000e+00 0.000000000000000e+00
-1.808208008917238e-01 -5.475836709395970e-02
