
-9.103428680206216e-01 -1.774579326263721e+01
-6.990589425008353e+01 6.546968380658676e+00
-1.188056779973867e+02 -2.019053003649039e+01
1.314611340711877e+02 -3.562736026497777e+01
-1.652065515692590e+01 1.693036591569005e+02
-1.398317705254970e+02 -1.327171874545776e+02
6.814679651567979e-02 -7.337382805230365e-01
7.742027092835983e-02 -2.803487281377220e-01
1.257097338361743e+00 -1.658080952144097e+00
-1.393164848232307e+01 1.577327016800788e+01
8.838682794189147e+00 5.754049997542245e-01
-2.343628345364355e+00 2.506871296140162e+00
3.863584982340367e-01 -1.834061455965738e+01
1.338516413182791e+01 -8.537390314898428e+00
1.354528998408903e+01 2.567344391649503e+00
1.376748510865799e-02 -5.458452930666487e-03
2.136741144883925e-02 -8.803889513194257e-03
-3.434739144958922e-02 -2.625417574378061e-01
-3.635752848012308e-02 3.846043573501929e-01
5.890500482617800e-02 -8.768905427712013e-02
1.569037056382236e-02 -5.141343221150209e-01
2.239175406908018e-01 -6.793650351304165e-02
-1.751823463235438e-01 -1.248561770285506e-02
2.517701043707411e-01 -6.530904570904408e-01
5.291586498390973e-01 3.356807560941264e-01
-2.667283542828489e-01 -5.864056778538427e-01
3.852765175568247e-01 2.914687804220442e-01
1.000000000000000e+00 0.000000000000000e+00
-4.678051464270053e-02 -6.935349616257938e-02
