
0.510014637080608702988e0 0.286243460922702994598e0
0.274597036379934009728e0 0.518636197485072598126e-1
0.562118616117271300235e0 0.293616326430815073253e0
0.132255941081619464894e0 -0.183802680619113631337e-1
0.299315914418576674245e0 0.472583612817017802407e-1
0.618832445367441807320e0 0.299908383311834682923e0
0.268109681012638805019e1 0.672757683858996359278e-1
-0.126089158372613778102e1 -0.766784280507985466029e-1
0.788158737768076358564e0 -0.103368259499795808189e-1
-0.382481856482871344777e2 -0.429321426344713902735e0
-0.435513906843571452525e1 -0.319489860523466743885e0
0.371223008965654869204e2 0.103384562671759195002e1
-0.857897085143585638647e1 -0.900892248401962160529e0
0.773833610154809364021e1 -0.302798031140530224327e0
-0.374145981067059929422e2 -0.864490344793807525322e0
0.258251748478379586764e-1 0.587745983973074518143e-2
0.112346924613959937362e0 -0.254193030876026486109e-2
0.320205953742132940555e0 -0.639086209021604341411e-1
-0.230659564901262184762e0 -0.866652742466840997576e-2
-0.161970042447799575914e0 0.731596664023369106552e-1
0.539150817118528276090e0 -0.470182443951843137526e-1
0.100000000000000000000e1 0.000000000000000000000e0
-0.170816869936353779713e0 -0.981142474461991407657e-1
0.716863905331506282400e-1 0.992210083255710229098e-1
0.824375823169700077103e0 -0.164043066733908888763e-1
0.172254113786527885777e0 0.102401123549851133148e0
-0.389790181865625189159e0 0.292355855244404903360e0
0.314001196311590228470e0 -0.920838499977280482110e-1
0.527399911459372556731e-1 -0.521242162666739199861e-2
