
4.608897616821844e-02 7.488150008505833e-02
2.330121696453757e-01 1.384793012329669e-01
2.073379346283399e-01 5.426161345659186e-02
2.034902248836117e-01 9.926902575731589e-03
-3.086769364813250e-02 -8.777019034608566e-02
-2.495792010518302e-01 -8.480840266078989e-02
-7.345561762708085e-01 2.983115039493259e-02
-1.414885543222825e+00 1.896141052715869e-02
-4.306677467001279e-01 2.662211034622449e-01
6.671182391323653e+00 -4.804671487220057e+00
-1.021298781652746e+01 4.210451337061833e+00
1.054512363419924e+01 -2.011692473318093e+00
1.247786513415099e+01 -2.455990939010108e+00
-9.627645053604148e+00 1.163534512778185e+00
1.085680876987521e+01 1.740980901684339e-01
-6.619794765724696e-02 -2.136789752386045e-02
-2.723104140603305e-03 5.583071167231125e-02
-2.253706045214963e-01 -3.928627779235480e-01
3.829764456067996e-01 6.439438484653820e-01
-5.049720705281968e-01 -4.374321214429240e-01
8.338478562649704e-01 -3.084835868571598e-02
-5.380383756257336e-01 2.543775380314359e-01
1.434719914012607e-01 -1.647940625191463e-01
1.000000000000000e+00 0.000000000000000e+00
2.867987539912328e-01 -5.873789410911145e-01
-5.202399902998142e-01 -3.317494543436961e-01
-7.195115737661955e-01 4.464275342923387e-01
3.538543664261869e-02 6.322606278261549e-01
4.842552644794703e-02 -2.850361642855473e-01
