
-2.732849850343613e-01 -2.210195144336898e-01
7.477260764030771e-02 -5.686129773125327e-02
-1.394993219768010e-03 6.449205078095066e-03
6.123937203987296e-02 3.662899425497354e-02
1.062230709766416e-01 5.642196084941328e-02
2.120456129944884e-01 1.843905201787163e-01
-8.782056627946465e-01 1.153777585785484e+00
-4.276395221003976e-01 2.279921495293197e-01
-6.701959028822391e-01 -5.014527189336518e-02
-7.902538275361611e-01 4.358614662673906e-01
-1.515339794996497e+00 -2.399957823068234e+00
7.593724449161789e+00 8.052864820568455e+00
1.235638703034989e+01 -1.866882577161175e+01
-5.685626454140294e+00 1.040024768518946e+01
1.446740200590107e+00 -5.133126840365192e+00
-5.748758595404650e-02 5.765219459009432e-03
-2.545527239216908e-02 -1.167687610473585e-02
1.431124321090010e-01 1.395483462569853e-01
-6.202436093786300e-02 -1.764029372499349e-01
-3.224443398854758e-01 9.695776646542700e-02
1.000000000000000e+00 0.000000000000000e+00
-6.178713554490313e-01 -3.182403971889682e-02
3.501970392880274e-01 7.702338569972059e-02
7.226440262626858e-01 1.441096501869917e-01
3.178434625586849e-01 3.786258250584178e-02
1.110037453511627e-01 -2.543637998577065e-02
2.042277184177085e-02 -7.434036768044246e-02
-5.365910997393679e-02 -6.828697770632564e-02
-2.323207438624604e-01 -1.088779503163399e-01
