
-3.942057384592880e+00 -1.020610347824589e+00
5.975275545027192e-02 1.693907221989321e+00
1.719951997985695e+00 -1.864478083743786e+00
2.932921608821856e+00 -7.969718247527701e-01
-2.103838069549375e+00 -6.617612390215958e-01
1.009135775771025e+00 1.817582172577358e+00
1.937548040751473e-01 2.963260071889022e-01
-1.688823673003031e-01 -8.301566169760621e-01
6.647171602660032e-02 1.000136719608745e+00
2.474747517719299e+00 -8.102163973377186e+00
-7.146208024456019e+00 -1.185919786934262e+00
9.390001938869062e+00 1.569147171136802e-01
4.270473131561385e+00 5.583101101817680e+00
8.134355072717527e+00 -2.180550496684443e+00
8.077191458943169e+00 3.321736940059692e+00
1.220133219617892e-03 4.639395203491017e-02
-7.956470414170948e-03 -6.282549960617749e-02
1.000000000000000e+00 0.000000000000000e+00
-6.338885469765978e-01 -4.506640076849202e-01
-6.213996544383005e-02 6.781218769735604e-01
6.946911850744117e-02 -5.171141221408482e-01
1.760175012687327e-01 -1.908823963434747e-01
8.866284743050725e-01 -2.475697948568657e-01
4.988796250097763e-01 3.795120331484338e-01
-5.156783372546552e-01 1.974872383558615e-02
-6.282523691763688e-01 3.801976767002802e-01
-1.884713734774023e-01 -1.997298603699723e-01
1.214623282588199e-01 -3.492308110084553e-01
-5.987187807676265e-01 1.978797223246709e-02
