
-0.101233084927817331775e0 0.187684135125910042712e0
0.399521966538353861972e-1 -0.536717556512517925963e-1
-0.157189064121445239400e-1 0.464016416764358469018e-1
-0.148410061589306764937e-1 0.148487786261326513791e-1
0.698732160114293715907e-2 -0.136921581201078181500e-1
-0.177761070453846020034e-2 0.111143189886363109783e-1
-0.829666966429787553665e0 -0.519095261208253275719e0
0.824353406768012555441e-1 0.424573872029144614782e0
0.570747770010113564241e-1 -0.947802109551252325900e0
0.801426461167333885761e0 0.531976980200374716394e0
0.211228502350054278091e1 0.260358842619551956923e1
-0.140336633654907066038e1 0.140543432909993517644e1
0.944323776264423531135e1 0.275721188685594351727e1
0.393936636610191856793e1 -0.515381350637287347083e1
0.143327814830856757984e2 -0.100477943527572615382e2
0.528713908939920543523e-2 0.683607718295342096776e-2
0.418085966278150695953e-2 -0.166904850152508118772e-1
-0.238955507869101542163e0 0.300488475214785316037e-1
0.147935313415446482221e0 -0.839733618616060361855e-1
0.457382673447115709900e-1 0.116978279769570780303e0
-0.111241893260410573628e0 -0.140196286419783770066e0
0.193656928967781295544e-1 -0.685483136331336137732e-1
-0.233832904197009751711e0 0.151918608740273891025e-1
-0.425708596426711613080e-2 -0.793689266514458807949e0
0.312835625388062855490e0 0.300413318161541306902e0
-0.157121011195249570336e0 0.378362252366169830495e0
0.100000000000000000000e1 0.000000000000000000000e0
0.544384967220232728643e0 -0.941812112661774797991e-1
-0.163632267626070389814e0 0.118065475789317693619e-1
