
1.211050098701396e-01 -6.112639509586974e-02
-3.497471155719498e-02 1.491668438432673e-02
6.782884972129986e-02 -3.591339899372170e-02
1.005130038344152e-02 -3.542493489390853e-03
-1.961894795110629e-02 8.823803008724837e-03
3.797126203332065e-02 -2.106339551146746e-02
-8.903976354832887e-01 -1.204843277427783e-01
9.576211773619780e-01 -2.420913940855615e-01
2.268082812219623e+00 6.935910494587962e-01
1.171648126160253e+01 3.332370430762813e+00
-4.054733362484476e+00 -2.776707271603457e-01
-2.258050841658947e+01 -6.598248046707412e+00
3.162612473038342e+01 8.659157491923866e-01
2.273301158739828e+01 2.369552652236052e+00
5.080090200914387e+01 1.455165677454255e+01
-1.340592956505583e-03 -1.502442316911556e-02
1.077187082262441e-03 -3.958688557495788e-02
2.726349043803460e-01 -5.440395095064362e-01
-2.587448131087655e-01 6.246128591501960e-01
3.347424490352507e-03 -6.644091493508009e-02
2.865781560408504e-01 -7.661882710147139e-01
1.783533327570674e-02 -3.825484048054280e-01
1.661196644541385e-01 -8.473609708213786e-02
1.464079889085288e-01 -5.410463779447379e-01
3.503514326719918e-01 -8.378321963106217e-01
4.422714671113956e-02 -1.309126925196582e-01
-3.744634180461622e-01 -6.348065593147357e-01
1.000000000000000e+00 0.000000000000000e+00
-2.264344227384352e-01 2.165696286812958e-02
