
-0.602891741665325808113e-1 -0.133795627122265218225e-1
0.406476931631839110654e-1 0.380403685993064268679e-1
0.883355646694247601891e-1 -0.544903534711904385567e-1
0.254186178465975070088e0 -0.376642362061776337010e-1
0.128139280557954207348e0 -0.934243576888631995362e-1
0.149753820592692467209e0 -0.999846471031503890019e-1
-0.677012938517072439758e0 -0.110294091207199385551e1
-0.181839100805807637085e1 -0.339928144001134652111e0
0.663758539147999999952e0 0.713786854554000000023e0
-0.166128988646769864615e2 -0.100018540102687921410e2
0.459609988653626454821e1 0.179745033569484859333e2
0.571384833057792796210e1 -0.160681222984178790937e2
0.101319196221983635568e2 -0.347766317629880213698e1
-0.112611296988970480022e2 -0.539989229162794148742e1
0.648097924247862290778e1 0.134795171865675942786e2
0.229259458049794821209e-1 -0.328132098263169401668e-1
0.410668874735672741486e-1 -0.857046991710903447156e-1
0.492294238084678214792e0 0.146524929854180399581e0
-0.640786307305080276436e0 -0.133060067996596442235e0
0.140187228155765659449e0 0.326034835415927840791e-1
0.711524840819809937219e0 0.871973399615657866410e-1
0.428533462952954628702e0 -0.817919431364944714313e0
-0.202292793005584663879e-1 0.446061679793059847872e0
0.292358611404432804093e0 0.360415102038694243851e0
0.100000000000000000000e1 0.000000000000000000000e0
0.432930216900217475142e0 -0.359914385451403795311e0
0.658871573731815374231e0 -0.203236976980898321660e0
0.301421988201071886317e-1 0.267758253500996511794e0
0.474095519872466470210e-1 -0.215654166434775735760e0
