
2.441352716012606e-01 4.189872913060122e-02
8.632861365174698e-03 -1.168750217042535e-01
-2.233874711694794e-01 -7.951212153089074e-02
-5.536304374049128e-02 8.844623267117102e-02
1.471019414456661e-01 1.215555036357263e-02
-1.887722278607693e-01 -1.303449618017722e-01
-1.210084332289523e+00 -3.713856243414096e-01
6.423930902226755e-01 3.481320566432746e-01
1.337863465412780e-01 -5.893491414802288e-02
-6.755231980621557e+00 -2.812089908990312e-01
1.005664576654643e+01 3.331476365295168e+00
-6.732621655494194e+00 -4.310779609258811e+00
1.454649237436081e+01 3.448326048069707e+00
4.310109011818838e+00 -9.883294391509478e-03
1.027750325797745e+01 1.110419234566483e+00
2.912395750664317e-02 -1.674224417394578e-02
9.536957788775530e-03 -7.388241200218337e-02
-1.483695750773760e-01 2.421054665765183e-01
-3.037925789233721e-02 -2.821839391176323e-01
2.306232992228139e-01 1.346978346368234e-01
-2.903659768577916e-01 6.109396884001821e-02
2.285413768867560e-01 -6.198798147936198e-01
-3.192092817389169e-01 3.855459194309195e-01
-4.145506855992547e-01 -1.351744712652236e-01
-4.491343991204051e-03 1.014946411011401e-01
3.756020170123950e-01 6.266251030254327e-02
1.000000000000000e+00 0.000000000000000e+00
9.812866262032660e-02 -5.425212472559526e-02
5.445332039766065e-02 -5.707263855022926e-02
