
5.146290827931707e-04 6.425551196126600e-02
-4.489128367965758e-02 -1.218208596063469e-01
1.532578473310228e-02 3.971312616934412e-02
-1.996630899459004e-02 -9.693485799050500e-02
4.753780365208717e-03 -8.466591111042363e-02
1.945167991179690e-02 3.267934602923901e-02
-1.976732340304617e+00 -6.144407767702834e+00
6.496437654968180e-01 7.581620573146335e-02
2.001234194218475e+00 -1.336882215363648e+00
7.309654058449975e+01 7.612005199777907e+01
3.335978787131630e+00 2.499131866808900e+01
-5.373546882002364e+01 -7.006111704835683e+01
-4.738853422951287e+01 -3.131470731925661e+01
4.292021247547108e+01 -1.192248702078356e+01
1.403547601553809e+02 1.188380163857098e+02
1.140509817217205e-02 -8.183297224811722e-03
1.956745946906207e-02 -1.169751507830494e-02
7.534567199812557e-02 -2.660929994781477e-01
-1.393377180643170e-01 4.056134339310348e-01
5.427810966329490e-02 -1.054487774788145e-01
1.488731406897043e-01 -5.242519295704167e-01
2.014861935325840e-01 -1.028763302531178e-01
-9.627209496156998e-02 1.461346512146718e-02
5.900260702979232e-02 -4.870429359664897e-01
4.084366338482249e-01 1.078283606402244e-02
1.058477893569199e-01 -5.262508391462777e-01
-4.582524260823276e-02 -1.022259264733256e-01
1.000000000000000e+00 0.000000000000000e+00
-4.657904129095868e-02 -1.190172909115910e-02
