
-3.149566518937490e-02 -6.490683845239938e-02
-8.587439735417049e-02 -9.730683367493068e-02
-4.666759350842618e-03 -4.346260098618911e-02
6.152148624739723e-02 3.065696169343049e-01
2.830249626281583e-01 -1.872834676218905e-01
-3.002582105802235e-02 -2.416627784819055e-01
1.523616836340140e-01 -1.439762319964750e-01
-9.830710116547361e-01 1.128834647472171e-01
6.637585391479999e-01 7.137868545539998e-01
-1.825586788074513e+01 -1.202027433665043e+01
4.143928907021376e+00 9.025377448988216e+00
9.537191368958984e+00 -6.273173245864244e+00
2.440920859193779e+00 3.084873977924513e+00
2.807485530564472e-01 1.034406312757286e+00
-6.133647584455250e-01 1.057397935435950e-01
2.706125293090676e-02 -4.171899113772885e-02
-1.889188213546851e-02 -7.360607881654527e-02
1.433823170162248e-01 -2.393307835009555e-01
-5.728364259068471e-01 2.913579552648718e-01
4.351361098737476e-01 -1.055671693706954e-01
3.940691806124719e-01 -9.695548760834008e-02
-5.961181251797693e-02 -8.249521714718856e-01
-2.536607541282020e-01 2.347581423212421e-01
3.120688144992963e-01 -1.489662332270809e-01
1.000000000000000e+00 0.000000000000000e+00
6.263272078799828e-01 -4.272962475834419e-01
7.983060186229118e-01 -2.141510565052919e-01
-1.056580657701924e-01 2.510957695112381e-01
1.512417499998737e-01 2.640469742693496e-03
