
-0.253697171401355442118e0 0.134204398371579675559e0
-0.460943667304809896985e-1 -0.189483501524380252621e0
0.697007841703390022391e-1 0.127629611024657092422e0
0.192396621238679050016e0 -0.620345464722095917927e-1
-0.114340059664050371900e0 0.775307844032930147630e-1
0.613005501626763921119e-1 -0.721698518993700837559e-1
0.169557131599773577033e0 -0.119764808607282767473e1
0.849107357165162403918e0 0.665482657437044634006e0
0.467968912793297975609e0 -0.147276752383487880200e1
0.107033908589913489317e2 0.522159914772022850206e1
-0.527544752718504875513e1 0.128821275117766012499e2
-0.710716002884803591628e0 -0.612397054989534837897e1
0.853683813737389506982e0 -0.136459401976677508848e2
0.212257011275936370454e2 -0.548301846281634489922e1
0.228075307923450846942e2 -0.177818697851182181855e1
0.905591769937348319107e-2 -0.335039287695421174251e-2
0.113572304701556425008e-1 -0.152506950416974880340e-1
-0.243684346905150090026e0 -0.928688173297525905393e-1
0.188075330368409351212e0 0.135288035608998120495e0
0.331343278595384298986e-1 -0.622942187842375642190e-2
-0.219266352956548779440e0 -0.255754299314189713300e0
0.112651040238574824496e0 -0.114289788718499680175e0
-0.239930006067504395927e0 0.380470440185861923424e-1
-0.291471646205157603393e-1 -0.906373865037732386084e0
0.619354906962630755304e0 0.194909245804459962619e0
-0.498981554063799286275e0 0.148348651116657312984e0
0.100000000000000000000e1 0.000000000000000000000e0
0.747172700002371865794e0 -0.248657196231542417441e0
-0.144319646825374525885e0 -0.314058049382105671665e-1
