
-0.466964804353837990142e0 -0.152914949045149764086e0
0.179303619680325489893e0 -0.362342001087111199094e0
-0.243434182587834381809e-1 -0.500100103826996493259e-1
0.274045614324426145981e0 0.188521260581109172680e0
0.435818196404739939507e-1 -0.139581798717285295510e-1
0.214892045101196927798e-2 -0.591785769558540987876e-2
-0.832018197276082050492e0 0.154437360798283043566e1
-0.217874645802881488905e1 0.882537404072619682501e0
0.348461221627323034205e0 -0.215902063992094743681e0
-0.647796165888099224027e1 -0.136561216530385841426e1
-0.154424359728896786327e1 -0.839392510473283425497e1
0.708531952877173621004e1 0.134909669830338296553e2
0.952869813381297167763e1 -0.601001952720849359421e1
-0.141710073779606157036e2 0.137298691045934350115e2
0.127994976176624236557e2 -0.175322396288664234566e2
0.361036353085006100170e-1 0.221832253202957199737e-1
0.669813593697819295155e-1 0.775659484418952256115e-1
-0.207890422569998169642e-1 -0.218869856671930463065e0
-0.103162064673602014650e0 0.262043625409239922246e0
0.101142665112462025456e0 -0.109821698658058930736e0
0.642775205168384702723e-1 -0.132041133845378088154e0
0.687519757939049709432e0 0.693325001015515216885e0
-0.407072863533507595834e0 -0.393309834003443978810e0
-0.354658620184274577154e0 -0.445849545377718567299e0
0.100000000000000000000e1 0.000000000000000000000e0
0.275081098438235888625e0 0.158486658533439996315e0
-0.543575245525690839790e0 -0.829579327128498084267e-1
-0.737197699399650927958e-1 -0.229096244448479830616e0
0.239263319239918290101e0 0.338311259684236346969e0
