
-1.599961802529426e+01 1.867037350249541e+01
2.829304185425416e+00 6.809392443577986e+00
4.706507251202647e-01 3.062479032823459e+00
-2.984647872588147e+01 5.519469737031511e+00
-2.022546713790361e+01 -3.071245742340603e-01
9.661611826036861e+00 -2.495469734069654e+01
-1.321196122121907e-02 3.618521232742611e-01
-3.242331491790872e-01 -2.949631070322718e-01
-5.051080221764063e-01 2.695828263812438e-01
8.468483300943450e-02 4.282056191051249e-01
-3.589544759256864e+00 -3.056142452636760e+00
1.217262521710196e+01 2.296809315837576e+00
-1.115297965111480e+00 -2.365576072732066e+00
2.841068519631430e+00 1.507323653078010e+00
1.030613132102046e+00 1.937370453626940e+00
-6.649128355726475e-02 -1.883933262005491e-02
-4.997221766793611e-03 3.984864683022748e-02
-1.856467804375345e-01 -2.985898022745117e-01
3.218685604464852e-01 5.078990595677033e-01
-4.875318770741470e-01 -3.504706704688458e-01
9.113950238818564e-01 -3.236841494507597e-02
-5.617621062609347e-01 1.621131061504691e-01
1.572910354575989e-01 -9.659148210666529e-02
1.000000000000000e+00 0.000000000000000e+00
3.220525564319070e-01 -4.958222567259307e-01
-4.049353398394925e-01 -2.937441095950948e-01
-5.192235522689341e-01 3.991463473589782e-01
4.062751583776064e-02 5.596029079508675e-01
2.493475428857014e-03 -2.823887566400921e-01
