
0.108944142601451006594088485461e1 0.104450838196785684310541065930e1
-0.255877865889233872640415070107e0 0.112338046254599029708244237684e0
0.607992447549982927529273888602e0 0.778325596275511504359337312921e0
-0.108322581537755933882823791912e-2 -0.517312810749581928693691072566e-1
-0.176226152024463375521196067614e0 0.488452915358099975178823846684e-1
0.321044111208579501806111325882e0 0.560928645459618354725040331386e0
-0.339897518746218202142246652032e1 0.183058432522579915492492663153e2
0.408468561924888353077804334985e1 0.609119330430471289010147588575e1
0.990356308665084242130513265830e0 -0.137102102164736989749084895338e0
0.335906809936955715374625627655e2 -0.121368309186486890575621395831e3
-0.179432639768002441640444972861e1 -0.817100761796035429094859593770e2
-0.468464160954815747812223737292e2 0.185682326124870261038735440044e3
0.726773951398524417422942532167e2 0.204957580201500483236948405488e1
0.261853533989245108756200570059e2 0.103408857850107202994996531754e3
0.605124809318908438401382374568e2 -0.291020934518691963512957733157e3
0.196654541935595800923541225450e-1 -0.148795205334754956792998515829e-1
0.457464140320692952761805552180e-1 0.200667620325003438022525912485e-1
0.182426842161299853299662278350e0 0.208734794095856981390599060841e0
-0.237472973401959536628232489188e0 0.509546820923848369541206060450e-1
0.388945289626454680280567077097e-1 -0.254421199721209042205213960847e0
0.286443117999972798942071539193e0 0.108773709647180716440972487363e0
0.450871515725823714128390701705e0 0.122266011966549897845492950448e0
-0.131673130932418985451667084559e0 0.290601828649002236465556172612e0
-0.376247901115395534631597760702e0 -0.176531326069625035439318885402e0
0.100000000000000000000000000000e1 0.000000000000000000000000000000e0
0.165769426757270250385136412384e0 -0.233551218750131941712854596842e0
0.213687643312670075648436104833e0 -0.782422262689545650918900191555e0
0.546285473843679964925019300616e0 0.158178355836388141562336827308e0
0.867055044973641383803321801899e-1 -0.820784957047368003090862049257e-1
