
-0.315006957832648392358e1 0.115406852584768828860e1
0.151674535507847242323e2 -0.866668548809954949639e0
0.165180446829378033725e2 -0.104452004932940072978e2
-0.668739218263620013791e2 -0.161541760264306632350e2
-0.853011861039895701031e2 0.235865739399336563770e2
-0.812129455265472959824e2 0.797897526920414024570e2
0.185916917756400593077e1 -0.188485581922497257338e1
-0.198103194928519908615e0 0.336539231570612317737e1
-0.459133470510409883244e0 -0.112101231762242891778e0
0.423515166049741940968e1 -0.295543170500466927508e2
-0.125168926423399159299e2 0.414831049285139767460e2
0.259404304662896340976e2 -0.282765839705176958169e2
-0.255305918896277321516e2 0.121476009572072411163e2
0.183317240592701618772e2 0.788373079750496563506e1
-0.410729515763153049538e1 -0.160794064786577394037e2
-0.829167007991415995940e-2 0.431773569837996541360e-1
0.104435496659409523632e-1 -0.417482540219234293891e-1
-0.183167548383181313926e0 0.396682987638560613215e0
0.184677816416322491643e0 -0.592663553090348656628e0
-0.966444809143346536057e-1 0.512220149543277242232e0
0.831662662543847946723e-1 -0.451764244988507060853e0
-0.156073923102695398614e-1 0.482856580583380039947e-1
-0.120737302699688495782e0 0.118843866542868403365e0
-0.187725534225054554229e0 -0.762960030731457297930e0
-0.141399725354752129412e0 0.144536261279023328392e0
0.252383334945720841402e0 0.525604482894408861179e0
0.100000000000000000000e1 0.000000000000000000000e0
0.434222460009437400720e0 -0.336861442150219899533e0
-0.303644113019562166065e0 0.648376483821811584087e-1
