
-2.692090446640000e-01 -2.994882961520000e-01
-2.763781040410002e-02 -5.896049494479998e-01
5.920808693530000e-01 5.383944826739999e-01
1.840813974129999e-01 3.126955987340001e-02
-6.488973831899997e-01 -6.215906824459997e-01
8.274108035059999e-01 -8.201311921829999e-01
-6.870183763769996e-01 9.400115308519996e-01
7.752784799659997e-01 8.691393860049996e-01
-8.331409389329679e-01 -4.031737304384531e-01
-5.204637599680000e-01 -4.987910546219998e-01
-2.580751185950000e-01 2.873748037699999e-01
-5.747356924460001e-01 -1.252334055230000e-01
2.777779463240000e-01 5.287922689120000e-01
-8.930271711399997e-01 -9.554349936429999e-01
-6.114797335950000e-01 -7.636717607820001e-01
1.265789705569569e-01 -4.293636534245704e-01
-1.505597075919422e-02 3.858518328333842e-01
-8.874845513883766e-01 1.773794536556165e-01
6.409719614415603e-02 -9.533854013275987e-01
6.650427592865945e-01 -3.905473070191726e-01
1.042411856182160e-01 -2.117972295620108e-01
2.669551379483145e-01 -6.462553524957981e-01
7.904037877752336e-01 -1.841752958498394e-01
-6.773325992875037e-01 4.662026992049386e-01
7.354811233003792e-01 -5.265163335665150e-02
-1.737061402012817e-01 8.943600451815914e-01
1.000000000000000e+00 0.000000000000000e+00
5.534402558134194e-01 6.812245637537064e-02
-4.390107716874309e-01 -2.071097361044939e-01
