
-0.625705349066998936947e1 0.109328279213962961045e2
-0.200036204305250537965e0 0.317649589726986691213e0
0.569497060369613976132e0 -0.822897994735834323516e0
-0.408845216883125777037e1 0.832432542026128681652e1
-0.309445857276279603313e1 0.614461638022552470318e1
0.533434065703759277034e1 -0.897643268294831632274e1
-0.130912180691242541891e0 -0.282935253136359951753e-1
-0.352960082108737991914e0 0.162620700528981927747e-1
-0.749088303260123825533e0 -0.366848112050722827810e-1
0.116961618651027539394e1 0.896999849782844083847e-1
-0.413755059727152920638e1 0.105606922893803597356e0
0.132161615499125609562e2 -0.263137474942962315116e-1
-0.363592807130976279503e0 0.183216392630316335285e0
0.712919916413242862646e0 -0.236077927424740372032e0
-0.806023379379299114518e0 -0.272916377608600743703e0
-0.661342496764034366928e-2 -0.112339598969419880523e-1
0.118741106084162136264e-1 0.242902870104227872643e-1
-0.149844425004761899932e0 -0.331343796742769542844e0
0.171969110450604869043e0 0.363025019513525901550e0
-0.968691422844076002811e-1 -0.179176547468072609645e0
0.445148762990051659392e-1 0.468806639009701671687e-1
0.188623865667369748376e-1 0.511985383575495403699e-1
-0.935127705707829407514e-1 -0.221061545998075639944e0
0.514525716398041636313e0 -0.426685053053940849027e-1
-0.164591553430678559281e0 0.675617402585768019423e-2
-0.415626824259238480881e0 -0.269776573101969237100e-1
0.834467638521580625747e0 -0.279452392890031603250e-1
0.100000000000000000000e1 0.000000000000000000000e0
0.412650140140952846729e-1 0.433083814977147348484e-1
