
-1.677694275122819e-01 5.115102612946465e-01
3.634534504183745e-01 8.870363981854239e-02
-4.497550219291367e-02 -2.111806360156221e-01
-9.373856906853678e-02 -1.952501485339515e-01
2.926630649469301e-02 2.275305225541100e-01
2.615079965808187e-01 -3.162601127606949e-01
-2.635890115428408e-01 -1.374979318302650e+00
-1.151759885364866e+00 3.967219557961754e-03
3.319211746829623e-02 7.315906562152321e-01
-9.992819263363478e+00 -9.942892401472214e+00
-3.103415419049741e+00 1.524290820266071e+01
1.238228573719871e+01 -1.764097848732891e+01
1.250141122495888e+01 1.200692632876882e+01
-6.615808744912818e+00 -6.597703908712759e+00
-1.990828380300855e+00 1.105226756358134e+01
7.622750069143475e-02 -1.982112025711805e-02
-6.827423559980624e-02 -1.293443422274357e-02
8.797171493047673e-02 -8.076510151088601e-01
-7.753598197020505e-01 4.766724177612133e-01
1.000000000000000e+00 0.000000000000000e+00
-5.759781366131637e-01 2.717073759854685e-01
-6.217345398975335e-02 -4.441862422148881e-01
-4.297668390294030e-01 -6.409413493348919e-01
1.097847162425829e-02 6.188645335725595e-02
3.713662093657456e-02 -1.072973345543905e-02
-1.761301147433401e-02 -2.069809442631707e-02
-2.615577798369761e-02 -1.328444678649688e-02
3.471304962610085e-03 3.939907637418680e-02
1.536316962737393e-02 -2.341016753807274e-02
