
-5.270530412298364e-02 -4.405898383816990e-02
1.618406416549982e-01 -1.479583147692963e-01
2.189337171372947e-01 -5.972998374684590e-02
3.991004729769998e-01 5.750346462566791e-01
9.566002851625799e-02 7.180514316126281e-01
-2.513059256411789e-01 7.063064916937235e-01
-1.967569949952768e-01 -1.213885796130445e-02
-1.627742677716607e+00 -6.403279731726446e-01
-4.528187068147789e-01 -1.781517479970919e-02
9.329982159358442e+00 6.087557535174838e+00
-1.487391392580826e+01 -6.750603357907704e+00
1.586620435682458e+01 2.609954194228029e+00
6.049593864295928e+00 2.333511833098529e+00
-7.125606620336742e+00 -4.199005320320775e+00
1.007407904187573e+01 4.858131631467539e+00
-6.238921755800091e-02 4.244404467880485e-03
-4.731277803623601e-02 -1.315150960185487e-02
3.589875540511846e-01 1.225710452983544e-01
-2.195311031810711e-01 -1.581079959078992e-01
-3.036052176344594e-01 8.939929465065083e-02
1.000000000000000e+00 0.000000000000000e+00
-7.622237956502145e-01 -5.491558310699661e-02
6.024749501623152e-01 7.640915302722348e-02
2.711812920590300e-02 -5.893775340891556e-02
9.414608042340468e-03 1.118167734964881e-02
-1.940635447352656e-02 4.052645817695038e-02
-5.029143230801623e-02 6.982253975980138e-03
-2.508449111178431e-02 -2.389927696494633e-02
-8.584744765626973e-03 1.374976028016906e-02
