
-0.547076037429465537507e0 -0.131470114789103588091e0
0.188471633797236728090e-2 0.169361115780564553703e0
0.347416269486693343743e0 -0.708276661611981607771e-1
0.682225635384233787472e-1 -0.984140767343650112430e-2
-0.158196049009191165815e0 -0.106216694586939818288e0
0.478853473891042158753e0 0.141311522462540089222e0
-0.348337381357016917136e0 -0.572765984506683601459e0
-0.404550718154674978082e0 -0.290401411748460931635e0
-0.784137329471010950243e0 0.181838460251797125558e1
0.430044736213665297186e0 -0.147628749702295600397e2
-0.862519205826805931275e1 0.103579312044089090891e2
0.146130379332308338982e2 -0.159567062191927390487e2
0.153056667186096530490e2 0.160205744217174111850e2
-0.393709980948055571302e1 -0.510311797344346504694e0
-0.522733240968304796068e1 0.142389986815904666974e2
-0.146573927294269830199e-1 -0.227478522701630834249e-1
-0.223099940426101007989e-1 -0.237269836440083769201e-1
0.429662169834199096337e0 -0.390960948646573081455e-1
-0.613232686326007861205e0 0.146413483497645883745e0
0.870078912025673202222e-1 -0.132343371820010664283e0
0.100000000000000000000e1 0.000000000000000000000e0
-0.321260382141581209527e0 -0.305803939772936482879e0
0.203804708498666561580e0 0.188837408359732604137e0
0.889464231670554250500e0 0.332059560623249818676e0
0.834316727685469149140e-1 -0.183951801956927096473e0
-0.559973456342473021642e0 0.122694509640311640548e0
-0.644338030269501930311e-1 -0.547923897730615610631e-1
0.302033999346161836198e0 0.100288034364349903731e0
-0.770110984800388335188e0 -0.383342828814002062202e0
