
0.560408446302784567714e2 0.211641027720281545525e2
0.848840413800348294188e2 0.342910938598148778596e2
0.692838455629597769550e2 0.242274263349401884279e2
0.120306136030178349609e3 0.560014515154358880518e2
0.888810204152652417603e2 0.419602762907039789700e2
0.540146322458471790651e2 0.350350163573160590970e2
-0.139938091799640809167e1 0.128417189560913595141e0
-0.196672261355905568774e1 0.163198102471208746664e0
-0.198612680545207664592e1 0.317796626291157490666e0
0.404307319614144004376e2 -0.884024584155869144753e1
-0.442870786171655559937e2 0.983671476878666240298e1
0.225938161730274869165e2 -0.323283258392707796179e1
0.485106951261019445076e2 -0.109429690801139507545e2
-0.247550270037751764061e2 0.362548745456991447760e1
0.125572427379089754090e2 -0.867531593963597761222e0
-0.152956146050822643663e-1 0.552921000621819499704e-2
-0.205294844101329570395e-1 0.878685082422367371640e-2
0.336594015754957011415e0 -0.201926378448475132014e0
-0.400246965260948418835e0 0.244756251376182571222e0
0.150676832304980480787e-1 -0.246906900905108654064e-1
0.652057018603716047973e0 -0.352767516484484494621e0
-0.270264104918894155713e0 0.109926619450045154733e0
0.241461016313598521643e0 -0.121900771905590369909e0
0.100000000000000000000e1 0.000000000000000000000e0
0.267134999773349165022e0 -0.778850744071970036822e-1
-0.518569183249187270221e0 -0.188635245419958207590e-1
-0.693617675765357165547e0 -0.340247723718732703361e0
-0.820794823248029753471e0 -0.252760586279817057017e0
-0.243102392674708086393e0 -0.102933140417962159771e0
