
-0.832190723695168602901140314846e2 0.818817077217222484847764293982e1
0.162025693585159693445575725548e2 -0.157035018607161549250977781408e1
0.834973211610970619168981451649e2 -0.821148884476967401251487105264e1
-0.573910474639561515865923947264e2 0.559517446875943056366644455531e1
-0.174404595322517048884874119998e3 0.171384308458138843955696794805e2
-0.201601064408641402282188399200e3 0.198682234603693720462688486281e2
0.326844038005344118962208289956e3 -0.321348005039297033506524108673e2
-0.260052484076644213528910544552e3 0.255536984999679011151571899868e2
-0.498441503896361571215470000119e0 -0.723242134923988391863491582077e-4
0.283184624833231394879485645456e4 -0.278371545984784456092180328561e3
-0.409526225893633097328523182050e4 0.402365043519855459889728056434e3
0.361709065949465735111717875398e4 -0.354527616881665923701185377065e3
-0.362665241428183530256186542599e4 0.356346797822187548936490300111e3
0.812957993524194332598682272201e3 -0.794686701304798745711228601533e2
0.794806165949521353741287336705e3 -0.779752518374030928412894723369e2
-0.339718238862717310423449799694e-1 -0.378510206222722950462055043171e-1
0.814878151502106660667415816279e-1 -0.148690986013143158195525117364e-1
-0.804953196697547447821527314322e0 0.928693384338323851911771499025e-1
0.100000000000000000000000000000e1 0.000000000000000000000000000000e0
-0.594682329799124369379035930415e0 -0.235961148975626986838706496154e0
0.181642090442487891926294794880e0 0.580831941234511646681900914257e0
0.260329998827877973361116923257e0 -0.378070809054653707063185149272e0
-0.503460717084228313177643807677e0 0.254960466617561735459405628345e0
0.188495382494245530089621962517e0 -0.190326548316797881692307094351e0
-0.264714004786359079683663733345e-1 0.285550552438403657145704990607e-1
-0.186768898750672896397692075935e0 0.188973142228828908150075011630e0
0.102530245798876723043444213059e0 -0.108424113705717052166518327199e0
0.372582607486243348166329520363e0 -0.380170931367361425365269018679e0
0.456836886832690958209220536818e0 -0.461067274657289436900473746318e0
