
-0.146396554213693420765e-1 0.164668219696152051660e-1
-0.281288719559747012731e1 -0.107618767414903942093e0
-0.218580753586176424526e1 -0.596054988426321043682e-1
0.865867410756252342281e1 0.157062843187786963005e0
-0.229122982613555975766e1 -0.389257613493614816049e-1
-0.864403445214115408006e1 -0.173529665157402167731e0
0.937251438762234173976e0 -0.247391357521082309347e-1
0.120872691012694446861e2 0.405535416648218630152e0
0.419147535291027155456e0 -0.112318894835236336217e-2
-0.914753652655465928408e1 0.193471718393326692171e0
0.258873028017565371493e2 0.109947410830465931329e1
-0.332506191137684226633e2 -0.185295350553262348336e1
0.356892040144046706653e2 0.127146683459143630766e1
0.103104435681846042204e3 0.293405306549994584174e1
-0.189241780039096554270e2 -0.164273154268078782920e0
0.377837481329475091172e-1 0.407844254514099070409e-2
0.108478770852074915566e0 -0.254645138058927952406e-2
-0.122326126506528193588e0 -0.215614881062672904505e-1
0.896211949225739760140e-1 -0.202765371969886473060e-1
-0.529390535768173813223e-1 0.507481670906396368197e-1
0.740462121297466217915e-1 -0.361559681670600718771e-1
0.100000000000000000000e1 0.000000000000000000000e0
-0.533156965556170243101e0 -0.456915563882252935931e-1
-0.157556964590309766717e-1 -0.442096214398203949228e-1
0.113784176578753795399e0 -0.720530209099830346969e-1
0.889254172481501281811e-1 -0.470862715311602123039e-1
-0.290640853528307600959e0 0.236495072751173018047e0
0.908587056260038543061e-1 -0.611442310220375416163e-1
0.325226775230188592402e0 -0.200502211135057735878e0
