
-1.495654799478700e-01 1.252469426866052e-02
1.456330768904773e-01 7.202240350969337e-03
-4.524463614218847e-02 -8.025268674624700e-03
9.388474890070342e-02 7.370179845197580e-03
1.707393269236760e-01 9.673779385014153e-03
5.568073104716656e-02 -1.989487411385811e-02
3.482199083589997e+00 -7.716911070972209e-01
-3.194084245672595e-01 -3.027243362841497e-01
3.245984701974894e-01 1.080360198971709e-01
-2.458581395171182e+01 -2.488225619449729e-01
-1.192093890308993e+01 2.827457163285399e+00
4.143405588865408e+01 -6.129348633295292e+00
-2.099218809086891e+01 8.671191216046410e+00
2.180765353905862e+01 -7.006310019407586e+00
-3.566078250177273e+01 5.945014098675056e+00
-7.637023021140171e-02 1.085228792490847e-02
-7.123569455297087e-02 -6.571428390466821e-02
4.330670690207511e-01 -4.085939644150779e-02
1.683580367903446e-02 -1.743391185892530e-01
-4.650498420679731e-01 3.471497392213762e-01
4.434028541762828e-01 -3.544606033853700e-01
-9.002906960781941e-01 -4.200415505931248e-01
1.000000000000000e+00 0.000000000000000e+00
-1.206978649227484e-03 -2.747271735626178e-03
3.274170541482801e-03 5.060716818053911e-03
1.411244824627762e-03 4.243926283718626e-04
-3.946616364621838e-03 -9.618387775982484e-03
-7.207494424761908e-04 6.436998246558434e-04
3.688151228875274e-03 4.946012020214744e-03
