
-0.415278230930163641704e-1 0.772109313272199131974e-3
0.400418339032428309867e-1 -0.139122779431480195728e-2
0.154143633156356007628e0 -0.157346621362270368105e-1
0.738908976368257573768e-1 -0.145939452819902427989e-1
0.719980853901238888857e-1 -0.323177417386699802795e-1
-0.138886994150625242623e0 -0.260978435560808040920e-1
-0.139938091799640808971e1 0.128417189560913598176e0
-0.196672261355905568612e1 0.163198102471208750729e0
-0.198612680545207664331e1 0.317796626291157499096e0
0.404307319614144003508e2 -0.884024584155869166784e1
-0.442870786171655558862e2 0.983671476878666264584e1
0.225938161730274868887e2 -0.323283258392707804289e1
0.485106951261019443619e2 -0.109429690801139510165e2
-0.247550270037751763592e2 0.362548745456991456434e1
0.125572427379089754003e2 -0.867531593963597778569e0
-0.217963827961273268773e-1 -0.270908987822328351066e-1
0.630959810865860192179e-2 0.780877295577282781251e-2
-0.479060029614064265650e0 -0.425736721730879574208e0
0.276638534383181353246e0 0.291628062649443565730e0
-0.996871720948565947747e-1 -0.165104939877531147003e0
0.520213860131719119551e0 0.544328949909796109955e0
-0.263613412980060624616e0 -0.267686346690556368523e0
-0.410323763315753831251e0 -0.319419334366403413490e0
0.450755144204812709661e0 -0.331979597426280501314e-1
0.689870717191908390596e0 -0.345414209314056817475e-1
0.550662520591068556516e0 -0.537013049685103385123e-1
0.100000000000000000000e1 0.000000000000000000000e0
0.739866004405510095188e0 0.356993578273451768273e-2
0.483082867701447492352e0 0.686538880394673184962e-1
