
8.079623542140406e-01 -2.092988791304873e-01
7.390629321056416e-01 -5.841220470381357e-01
4.165735581988548e-01 -2.404462433337870e-02
-3.168633086652933e-01 -5.695095718319940e-01
5.405094804950206e-01 2.513307528243429e-01
7.648064231056668e-01 4.450911090998596e-01
-6.878469019215119e-01 -7.068009631803069e-01
-2.399936184913981e+00 7.664147759222772e-02
5.024860380974470e-01 3.497953027391321e-01
-1.319875851010317e+01 -6.125770955704834e+00
3.010436603196896e+00 1.142851690721140e+01
7.908541727566316e+00 -1.034839073087291e+01
3.498167041183797e+00 -4.331779591667461e-01
-1.489662859353907e+01 -2.014707552455147e+00
9.700591468919376e+00 6.558948914871577e+00
-6.777484827334447e-02 3.522807732056221e-03
-6.655445199350588e-02 -5.251822490884820e-02
4.677266861717623e-01 -1.899753929411448e-01
-7.740675734094066e-04 1.175299033782073e-01
-4.284200271900994e-01 1.861105538750454e-01
2.905878759656604e-01 -5.654921917449783e-01
-7.865152740574988e-01 -3.477529532294769e-01
1.000000000000000e+00 0.000000000000000e+00
1.100700595365131e-01 6.177991380419112e-02
1.064233198312020e-01 7.598385685419747e-02
5.743189886059574e-02 9.043995152196550e-02
1.787738033147342e-01 -1.037139839255067e-01
-3.651649565719583e-02 5.327995445290590e-02
-5.011838681632604e-02 2.128782584112411e-01
