
-0.188790767581441259208866793662e1 0.133817184109429900709988129855e1
-0.898757849585470858107432977773e0 0.981080918529608602209575019926e0
0.605512216807058242751969374355e0 0.105333739469999217571111754078e1
-0.386135325686759059480741553685e0 0.660409907486803258211065663771e0
0.468077153007668285618393101677e0 0.518566902427938410996895100586e0
0.580678314528122350985882949814e0 -0.264085982049106409934305180005e0
0.149829850820010493568079957354e0 -0.309879261645068852814253962687e2
0.117219875812217428924089829208e0 -0.311890340131706156325831606547e2
-0.757177237901609711973729508526e1 -0.188456625865838614875904386318e0
0.167568417858795946408017871199e2 0.121342298140447789775794129044e4
0.400459245727327942818277477810e2 -0.215061826449944245864063839466e4
0.397014595821422415313336766639e2 0.420164364271898384124877915477e3
-0.167346006377971756601009052485e3 0.385897722718577330051634362226e4
-0.162968929590917848936646103729e1 -0.792014403617431251561386605604e3
-0.366393005575879599986878297712e2 0.113073512767186252282800428951e3
-0.711935620302621252634431059261e-2 0.406814427479480137938518252105e-3
-0.923303715188561265932670195699e-2 -0.974887134979472891215896765968e-4
0.454650714281294839082118851164e0 0.375114987572852289720728351001e-1
-0.648984227120128614929544029709e0 -0.253028090197386703732361860745e-1
0.105902425866622828252140287742e0 0.122548853774011256897272516564e-3
0.100000000000000000000000000000e1 0.000000000000000000000000000000e0
-0.175321181821656165361934253844e0 0.103706443522128695728564309482e-1
0.150604502473846408842479392045e0 0.306294057807668000174957720394e-1
0.319670684931523528493035150516e-2 -0.200111682844225108675109222677e-2
0.213988072714747385627990150244e-2 -0.127475040068976426215415164139e-2
0.191366593104198126599844217634e-2 -0.796117750153234034294228237828e-3
0.137647085540625802934417791371e-2 -0.786778288678412584931489268859e-3
0.948574294598298002398009784156e-3 -0.357298373134671748395123194331e-3
-0.843807783821483295185052454843e-3 0.527326181563178532232566805763e-3
