
-0.110395817465441703764e2 -0.323363669804524050174e1
-0.428582212215511978537e0 -0.355471235034398874383e1
-0.519798651777012971390e0 -0.150907468407680564536e1
-0.135438282084410976528e2 0.552807355408755514946e1
-0.817843243648516049753e1 0.556767073967546281821e1
0.100404671364323229681e2 0.769099651401350171889e1
-0.344990152074580372620e-2 -0.371023605528290317443e0
-0.329125112175387051665e0 0.307469682913828633981e0
-0.499198868020387315100e0 -0.265807712936593612855e0
0.111595425390555434556e0 -0.532766556483718293840e0
-0.366761258004024216306e1 0.321900950937855088248e1
0.122286654402890433962e2 -0.245404835987934612966e1
-0.119080727944181725758e1 0.245585476618091427966e1
0.290383954781625968321e1 -0.146962457413617260339e1
0.107921185405126182318e1 -0.192308820969719598598e1
-0.183376006605315447508e-1 -0.155337831194175515706e-2
0.250046670929378088836e-1 0.420037598921545401763e-2
-0.242290670404110501481e0 -0.144400542247295501490e0
0.329496933211744651095e0 0.112744306992159032434e0
-0.245222260100913924577e0 -0.180672772819282697940e-1
0.170781831293344883355e0 -0.264576058064655643523e-2
0.231932341938652831877e-1 -0.884081361883289852454e-2
-0.113546121647713892096e0 -0.118370067379451003099e0
0.535532978472286671579e0 -0.184956273292547568234e0
-0.168033237505922745478e0 0.105308755351790869484e0
-0.215785629840727282048e0 -0.681943877983306172980e-1
0.962905804288576214233e0 -0.589705438439158116854e-1
0.100000000000000000000e1 0.000000000000000000000e0
0.141203327828515139071e0 -0.597249808343207976122e-1
