
0.995055574829088682715e0 0.277020271464749998118e0
-0.824862794146167219200e-1 0.471620459634627997014e-1
0.613358712327329965526e0 0.220014229928700938473e0
0.225119267420600102183e-2 -0.844582917832088834468e-2
-0.540667507870466746985e-1 0.258846673186570270541e-1
0.375815356270371216210e0 0.166610611210685281408e0
0.674330100241462021809e1 0.640764226656014357613e1
0.505150860053526350960e1 0.183373818469077159488e1
0.106122802033127716051e1 -0.675690441251043048257e-1
-0.391850875035412971152e2 -0.434341501524620478836e2
-0.394787296952051227419e2 -0.276598218183204868411e2
0.601556048477544933646e2 0.658989736500674587738e2
0.429367021212156334473e2 -0.298296650581625432709e1
0.693407733218209282808e2 0.341276230742977541958e2
-0.923555998475280914839e2 -0.101691078553727092801e3
0.557796765728803929925e-1 -0.253232128611802690268e-1
0.992783299382698267003e-1 0.812469162627804639548e-2
0.260002172592956499558e0 0.236983389203815612845e0
-0.576929942403142396329e0 0.123913919683906498275e0
0.248948091381164908459e0 -0.332796346752085621016e0
0.657457286313926449900e0 0.248367572715583348567e-1
0.100000000000000000000e1 0.000000000000000000000e0
-0.547834738605106730800e0 0.448493358977765203333e0
-0.318729303112464471986e-1 -0.184516954029050582763e-1
0.141932332858602978281e-1 -0.189744522658943033495e-1
-0.200598087237305930437e-1 -0.209962946798922666270e-1
0.222241301262658565107e-3 -0.107993694870597300988e-1
0.136982477201450096914e-1 -0.494079818978479214829e-2
-0.119205709047414867053e-1 -0.116172056488747357933e-1
