
1.833179696896557e-01 -1.349847789941603e-01
1.271540602983223e-01 -1.173479634512669e-01
-1.483915261912488e-01 -6.150021930065107e-02
-1.146942945986674e-01 1.002135243069309e-01
6.339947350629263e-02 -3.829902281860348e-02
-6.862367509098825e-02 3.477125468722940e-02
-7.141805930728625e-01 -2.488400363682125e-01
2.242975564402820e-01 1.102443322701152e-01
6.694789466073608e-02 -6.186427013689441e-01
-5.738474532333576e+00 2.436425495267273e-01
5.579085135089535e+00 1.195955908886998e+00
-2.191058004579486e-01 2.224670158061564e+00
8.712378263228327e+00 -3.347874724980018e-01
4.194341709541683e+00 -3.915387818058680e+00
7.570686100521128e+00 -6.736415750950232e+00
-6.384824443381493e-02 -3.983376621634895e-02
5.091829408701140e-02 -8.479623433431552e-02
-4.171439704719622e-01 -2.197827087672833e-01
1.000000000000000e+00 0.000000000000000e+00
-8.504507889078250e-01 6.506518155538837e-02
5.751639074852580e-02 4.222599594060002e-01
-6.017632321126620e-03 -9.942135432329865e-01
1.900188945657311e-01 6.273059111009213e-02
3.974895655648403e-01 1.438120066978726e-01
2.060167676147546e-01 6.196768515150400e-03
1.804792382878857e-01 -4.775424911623699e-01
-2.505321517158172e-01 1.510909766666031e-01
2.945191774676951e-01 -7.276999842453007e-02
8.883849645840086e-01 -3.928862939258412e-01
