
-4.416879323250080e-01 -3.389213397305646e-02
6.742488139475168e-01 -4.664485098310633e-01
7.950816904397556e-02 4.317594046304350e-01
-2.351978115716874e-02 8.508327636586298e-01
-4.146344189043494e-01 -4.312978193070762e-01
2.050879088385655e-01 -3.196866505885393e-02
1.785603803134984e-01 2.284325390204303e-01
-5.203791369259616e-01 5.996955998029949e-01
3.737011000237641e-01 -5.951458397427694e-01
-8.466313743762003e+00 7.215131101269007e+00
-2.185645645718395e+00 -3.900927083987790e+00
9.819421456864450e+00 3.408098115567768e+00
6.147921226574391e+00 -3.653732466778311e+00
4.084365605859182e+00 4.689686680751522e+00
2.318392517187602e+00 -3.561398634490694e+00
4.806372310498160e-02 -4.520228783109748e-02
8.824995517367365e-02 2.733979289078322e-02
1.390972466305302e-01 -1.802312022580422e-01
-1.143969611379508e-01 7.177448077136031e-01
6.212067148944356e-02 -6.270601371827860e-01
-1.973953683243779e-01 -2.114944763881626e-01
1.000000000000000e+00 0.000000000000000e+00
-2.926182342829190e-01 3.284428918570605e-01
1.120673415530382e-01 -1.090110663592723e-01
-7.870999815419577e-02 4.473067499099395e-01
-2.538706363925380e-01 -7.992625968675178e-02
-4.235320684143520e-01 -3.864447263060976e-01
4.074094650688942e-01 -8.683764822840645e-02
1.053984998509026e-03 1.718707460654000e-01
