
0.955667194858286909434e0 -0.731407163151304260274e-3
-0.647115847204209631058e-1 -0.127694859613446868549e-3
0.586844735774041426112e0 -0.605157134018428129879e-3
0.438181598394346655332e-2 0.206469000473220282771e-4
-0.397373486206167501168e-1 -0.678484735868049445656e-4
0.360362604696824086984e0 -0.467416658043607192562e-3
0.735873031959352647859e1 -0.176210945580955479807e-1
0.497692083491808546104e1 -0.497505502764203659180e-2
0.107875026123127931417e1 0.192825774224805019351e-3
-0.437467550107940832023e2 0.120109944318549015027e0
-0.411823288148814246334e2 0.763986321884851000974e-1
0.666997162241024106402e2 -0.181875891631530551412e0
0.388570215008192421519e2 0.717527216183316308984e-2
0.713495358794332875177e2 -0.929187359052195266385e-1
-0.100751715975546871640e3 0.280695887655555271351e0
0.711052604237894876325e-1 0.176705852552586224962e-1
0.950750152493079760086e-1 -0.572767443215520534191e-2
0.858511908458629846032e-1 -0.202172569297479793251e0
-0.627531479196345317987e0 -0.434726101687635773356e-1
0.448928709419045193676e0 0.226635512486577274252e0
0.632045956146575390255e0 -0.702281998301921396111e-1
0.100000000000000000000e1 0.000000000000000000000e0
-0.844228119160803467270e0 -0.328879931790149137878e0
0.470846515159888231745e0 -0.145010668073825593652e-2
0.616473173719822417431e0 -0.856863140741452979435e-2
0.683658260449814450164e0 -0.506707962112174538089e-2
0.645414250052064759021e0 -0.740702628770702514765e-2
0.427103036939616086401e-2 -0.166677855221282394592e-2
0.351822192844047564622e0 -0.222413765506739788809e-2
