
-4.764090837571449e-01 -8.575914867442531e-01
-4.242683499324855e-01 -8.783384988927447e-01
-4.332917906453590e-01 -4.929870288132154e-01
-1.372312886892221e-01 3.493239094498322e-01
3.349525181457669e-01 5.434351836063167e-01
4.428101270064159e-01 4.782052823986109e-01
-3.796624815915576e-01 -1.245633676588469e-01
5.543421116857596e-02 9.786659696551220e-02
-1.328267870925134e-01 -1.099005212769899e-01
-6.729111797881013e+00 4.825981474785479e-02
3.448700602174790e+00 9.599606813376549e-01
5.287749952338205e+00 -6.816699778679189e-01
4.986497562544951e+00 6.382375410277761e-01
3.631793166067444e+00 -5.718822641839345e-01
1.742614235336063e+00 -6.864973557756316e-01
6.416843291113994e-02 -3.327074245507009e-02
8.413479693797242e-02 2.994860477548195e-02
-4.709917291561690e-01 -1.786386724747924e-01
3.165813721493015e-01 4.326224551264291e-01
2.115527528337745e-01 -4.264593882773838e-01
-7.945839852480474e-01 2.168759313441492e-01
1.000000000000000e+00 0.000000000000000e+00
-8.037911691723152e-01 7.029606259114508e-02
-4.437541564100432e-01 -6.535253139712939e-02
-4.427713706985198e-01 -5.221216891104831e-02
-2.860100344498337e-01 -2.195730822971402e-02
-4.619275226210133e-04 1.616343748087553e-01
2.591448184286984e-01 4.766812220747195e-02
3.891337322016649e-01 -9.617013127728352e-02
