
-0.268791326165414284037e0 -0.931180722148133622633e-1
-0.212647298504857743298e-1 -0.117924855884874192673e-1
0.386286946501905803511e-1 -0.482578395209475148205e-1
-0.161724274239592743137e-2 -0.130559835817987690505e-2
0.396216921615117137351e-2 -0.349569001432445557547e-2
0.706937581371632051487e-2 0.114214550407054375782e-1
-0.214490057647402393524e1 0.133823284391607897487e1
-0.625977288499446719698e0 0.553108042473544486608e0
-0.124029305671053279860e1 0.582278937077548078977e0
0.243495766634704609684e0 -0.148225221811453573275e1
-0.354024057465827312122e0 0.839663362598039280434e1
0.352308301672266506390e1 -0.811546607171575176188e0
0.310752463996984557432e2 -0.389856414369950852669e2
-0.197842547568630544811e2 0.208825622566775606845e2
-0.455343971924371463409e0 0.773281629729546654767e1
-0.395857802998258418115e-1 -0.534039728562095443683e-2
-0.143163698043456814189e-1 -0.152938085452555808377e-1
0.858413658178741350620e-1 0.292621837934127227457e0
-0.155905395304575994771e0 -0.172009693790466718793e0
-0.173420307432480764684e0 -0.249694057303958469341e-1
0.100000000000000000000e1 0.000000000000000000000e0
-0.459059407310524976849e0 -0.750904613505471745563e-1
0.123098265706393400067e0 0.324889612575973557845e0
0.582800804488414461745e0 0.137260336983591148689e0
0.379069245130135714197e-1 0.379608462145086503885e-1
-0.401116534126319456975e-1 0.160875710226905101208e0
0.487968831497222368735e-1 -0.154473624349413249634e0
0.455874875954390217680e-1 -0.274983863770418587576e0
-0.522980645450195669817e0 -0.202174427834921292306e0
