
-1.318024663704364e+00 1.539921625740144e+00
-3.775373970566065e-01 -8.536183735897457e-01
1.264402020431847e+00 2.155383248273419e-01
1.541963320515068e+00 -5.541182690214604e-01
-6.921295048159735e-01 9.014887870258613e-01
-2.239386568107041e-01 -9.858033567186835e-01
1.920741577922587e-01 -2.241451125765903e-01
-2.603618138386950e-01 8.481147316187623e-01
8.382625847078132e-02 -9.503782417998324e-01
1.786760753790617e+00 8.474497120366513e+00
-7.296246507830546e+00 2.902138370240626e-01
9.833425084048892e+00 1.423607514103162e-01
4.867971629578890e+00 -5.108877281285499e+00
7.223984343366501e+00 2.970327055575216e+00
7.552359109620427e+00 -3.077494035647416e+00
-2.440394035981990e-02 -3.417845717421786e-02
3.453988803464157e-02 -8.438514613078116e-02
-6.984853624905842e-01 -1.552913309277665e-01
1.000000000000000e+00 0.000000000000000e+00
-4.453474633841779e-01 7.504643667683605e-02
-5.842778126189838e-01 2.157197858829802e-01
9.455885280921988e-02 -9.112977502250159e-01
-2.226720055176378e-01 1.377642430065064e-01
-3.199585717720424e-01 -6.353870668327377e-01
4.423263746922205e-01 -1.014652033462700e-01
-1.779139355084026e-01 4.809178984049617e-01
2.054078031169843e-01 6.803064552152527e-01
-2.812771052725918e-01 -3.895718685176148e-01
3.716719115262004e-01 -1.234312628838024e-01
