
-1.251432372884859e-01 3.341009452766778e-01
3.831237924995420e-02 -1.241130442016887e-01
8.869182112036228e-02 -2.180955476624445e-01
-1.459769380113239e-01 4.800458803117676e-01
-1.486865696076137e-01 6.297787493323663e-01
2.278901770869091e-04 2.712720709323942e-01
9.125314865192096e-01 -4.568003610447328e-01
-8.483758716144265e-01 5.767524512188845e-01
-5.887768084408780e-01 -2.904626154289804e-01
9.227761707580619e+00 -3.784615064645060e-01
-1.470598147254533e+01 5.302925500581930e+00
2.179071651905577e+01 -4.580798663616841e+00
-1.261257905193360e+01 1.469650615847366e+00
6.815136503593219e+00 3.446730562568141e-01
3.384817344352980e+00 -1.091189109382861e+00
-5.011146334854538e-02 1.515678997878946e-02
-5.394303432335458e-02 1.305088728469954e-03
4.427747484464813e-01 8.849893984010226e-02
-4.066937864213981e-01 -1.870754010801405e-01
-1.525507337124504e-01 1.456431914789744e-01
1.000000000000000e+00 0.000000000000000e+00
-7.369368797098930e-01 1.033191894775384e-01
5.644559068572250e-01 -6.373030303469862e-02
2.321319565793965e-02 2.863043497733383e-03
-8.818810635475651e-03 2.791125357600449e-03
-8.429536981435908e-03 -8.939108274661461e-03
-2.441593917742635e-03 1.107450772613140e-02
2.975805443296115e-03 2.731672792126039e-02
-2.387760575384411e-02 3.973208028464011e-02
