
-0.172490452745389376693657015602e0 -0.102787364999641136645865707734e0
0.353199437740761550558981322192e0 0.931851686530794987004033394460e0
0.880770678645219872518043722371e0 0.805726135341203550763602599176e0
0.150311282361755418614014357294e1 -0.471191290289808793240636342618e1
-0.936668188689158951530468540807e0 -0.584990061341581838307393901007e1
-0.415988218383744188447339300884e1 -0.574951578990640533582773075101e1
0.132828886227681709539925830610e1 -0.116266093294830520504986181272e0
-0.178456629726807933971647343565e1 0.224481690655480222259330113035e1
-0.456492853473047526637841770980e0 -0.104363997728863136623875256940e0
0.149901161196995610531334478117e2 -0.164891434303312788777732149096e2
-0.250735740156234056428432054375e2 0.212558267031283437190641113058e2
0.285920980574292505798341973601e2 -0.963192799208972038864296858415e1
-0.124990506335333848724507779155e2 -0.642230073201981080631863520487e1
0.349018362400878165164645252876e1 0.138431752104927192995819817002e2
0.699051035476237578444916894560e1 -0.141883484469386550864063985805e2
-0.234113940722507449624677383274e-1 -0.457576544746443641089838800481e-1
0.865133441597957744343796505193e-1 -0.267613323752326091418816255733e-1
-0.792858200498694499312872101287e0 0.819602291494245900244168191773e-1
0.100000000000000000000000000000e1 0.000000000000000000000000000000e0
-0.545947663829536531063498531447e0 -0.249306954958896295349077374697e0
-0.230175510090396853783385940028e-1 0.664852555697533173481677590996e0
0.389855760672293525102150620865e0 -0.527950524715243812813593985452e0
-0.525531807064714789343267133748e0 0.295818214229365898761850935249e0
0.357935096996720356343110391320e-1 -0.663135117170388151607225269128e-1
-0.100452737208146916509281671176e0 0.491539332822229071300076834540e-1
-0.844657391930813398061067086152e-1 0.132855266921055594561499864334e0
0.509788350201853883782345507570e0 0.115238965704142032702487182053e0
0.602954769955765429200948331705e0 -0.148502157110922207501968999573e0
0.527741363169136345539673170246e0 -0.398038460045704785093296905563e0
