
-0.197731440779612795339e-1 -0.198002046587191887631e0
0.121694895123974139987e0 0.481352431121747425060e0
-0.275047549225049991020e0 0.570408346792295018401e0
-0.477540020853382539743e0 -0.114308405889754491911e1
0.468758987813552434391e0 -0.150892626244756367646e1
0.169377847765248799677e1 -0.109202508563781102856e1
-0.217213543911761680237e0 0.146996371301784349334e1
0.248016171363003664810e0 -0.113099326120644765958e1
-0.438728416080556360353e0 0.127518448561369198883e0
-0.449375110630547285615e1 0.107223014551745536773e2
0.274614888566212074191e1 -0.173026642194441162559e2
0.760953933132098095425e1 0.153956019638319076080e2
-0.169541574422258311226e-1 -0.151422314993550488488e2
0.553023004596173464427e1 0.400651143699695234165e1
-0.777351337348287313141e0 0.325409246782101103761e1
-0.286246408950439044870e-1 -0.599512641822882248792e-1
0.896227075280540017927e-1 -0.141989599292810228857e-1
-0.835883185794721210243e0 0.220329006502384860966e0
0.100000000000000000000e1 0.000000000000000000000e0
-0.571115497191727408536e0 -0.427816685098779550284e0
0.176372473487771725003e0 0.905401010491471642638e0
0.343702392209188419805e0 -0.503472847547437646148e0
-0.583771960402604713641e0 0.473047067458624729565e0
-0.987696647611679102423e-2 0.661899787529465383036e-1
0.471590646787299905657e-1 0.146917167767095246575e0
-0.468918232495223771033e-1 0.145000984320306745156e0
-0.254164570496582139294e0 -0.357611623743157548900e0
0.508555107304706496363e-1 -0.495216934852597530267e0
0.564571598879146690901e0 -0.525752111883739249804e0
