
0.833200542897181111438e-1 -0.129056972825220072991e-1
0.140658357172278369683e0 -0.926804260007515861758e-2
0.106628979688020524655e0 -0.332626694601275008773e-2
0.235618198744293953854e0 0.520357143648594909160e-2
0.178072412340622228925e0 0.101060841224954490471e-1
0.134419548009716396659e0 0.123070622428377134907e-1
-0.924296320265401382646e0 0.147264478147250585621e1
-0.195185004368548617741e1 0.375469122170076758895e0
0.989956011249978208848e0 -0.159416425151618447426e0
-0.210721489721441816237e2 -0.635565145578840578556e1
0.137149645912578252403e2 -0.986883481281025609806e1
-0.517240262663311908993e0 0.166101836730885747753e2
0.796542082329906552082e0 0.151510205225057263299e1
-0.109263954607916758677e2 0.710125472572199271763e1
0.129060967565648579440e2 -0.229564679128746766817e2
0.555232145262579346349e-1 -0.250840946946980204686e-1
0.981289696052433920985e-1 0.840167811539861143372e-2
0.227328755105091065612e0 0.155558549877401999196e0
-0.516953109322454988661e0 0.208018657989583544490e0
0.235251776024554078086e0 -0.339645888314580545196e0
0.555181005088065700334e0 -0.679792133355538974021e-1
0.100000000000000000000e1 0.000000000000000000000e0
-0.540454883102968021934e0 0.402670250356024243013e0
-0.103329929404026933398e-1 0.129230960386666624557e-1
-0.171149673569768385484e-1 -0.460441397354714814275e-2
0.563067365087904861036e-2 -0.547437184024834900587e-3
0.425598349097740990181e-2 -0.284839817605200368020e-1
-0.473035915725139034981e-2 0.795798209166719050826e-2
0.148047464388788994152e-1 0.122552829880696166874e-2
