
-0.251220418906627955677e0 -0.413323700521665764147e-1
-0.507342427616266372975e-2 -0.730764534077420656951e-2
0.406223941090728202475e-1 -0.186206834069725292785e-1
0.599273312856004045998e-4 -0.305017042457539719951e-3
0.145517555970993484118e-2 0.566186330318697022036e-3
-0.408706824279929581132e-2 0.669436705915887344515e-2
-0.304841310966363704827e1 0.854403629601455026263e0
-0.102172507058338388739e1 0.312947064767796584016e0
-0.124951637145299519597e1 0.204809628950040987746e0
0.524316670676467829696e0 0.787681667748487238405e-1
-0.555913347272990104615e1 0.404425113844489711717e1
0.123922249567980087863e1 0.109369768404313582450e1
0.593332028625306861780e2 -0.244933126972006450246e2
-0.322613403933412764210e2 0.121809446393494332670e2
-0.114451803053970174902e1 0.321773628819181828245e1
-0.390924058037391613388e-1 0.544657027591336154255e-2
-0.221020928890848004952e-1 -0.227256679130633820536e-1
0.205366617758479409896e0 0.432882675591492182242e0
-0.257014054941346029644e0 -0.379996649343990340478e0
-0.148010580812708956503e0 0.106658705092764344824e0
0.100000000000000000000e1 0.000000000000000000000e0
-0.489472374468201566278e0 -0.492853267678539238927e-1
0.230773380448034129208e0 0.353268271269514934265e0
0.492152219328324628996e0 0.254932477540774920176e0
0.139195750221182293885e-1 0.695849334681674384085e-2
-0.758052800697032412840e-1 -0.639002540310388951147e-3
0.146538557163120911110e-3 -0.481900316979130734433e-1
-0.559315403179844343787e-2 -0.902078078066668662602e-1
-0.558029837013452592414e0 -0.341448525934774360039e0
