
0.670661321346632578440e1 -0.333493789250898475763e1
-0.740448850018245246889e0 -0.394003919122008763008e1
-0.113404435322490268451e0 0.209554786393386818094e1
-0.361957027058612601142e1 0.335668421644293062285e1
0.359535915563955176281e1 -0.153893697349987088117e1
-0.308704294288019977384e1 -0.217463239339458652992e-1
-0.125087324526522164960e2 0.969644011910412888938e1
0.120814986376511041017e2 0.124994926506081314608e2
0.554456006004448386263e0 0.885376352338057553016e0
0.181498836625113663737e2 0.151075595153679353919e3
0.161558020728122111384e3 -0.123596144100637707230e3
-0.193474700794813829541e3 0.195145928672434076211e2
-0.222531514371561973085e2 -0.783840035205959157578e1
0.579730144196382208392e2 0.189291321886103030697e3
0.156155429032016518809e3 0.584083640243160464450e2
0.607100056689222815186e-2 0.394662827693313086986e-1
0.424714563729281841194e-1 -0.759490298017145611250e-1
0.100000000000000000000e1 0.000000000000000000000e0
-0.606321724747101646711e0 -0.564743452633924851686e0
-0.183151277730539877286e0 0.723172957818010757314e0
0.342157590700236863317e0 -0.211652215563057318506e0
0.552319984080090900969e0 -0.383218589186133324270e0
0.731798702536352605472e0 -0.280530328241532220761e0
0.386656732686835972454e0 0.442630600801957942354e0
0.271804417583243058812e0 -0.148500061111448998711e0
-0.161953519918907737872e0 0.243371500185845741947e-1
-0.337034401873925970144e0 -0.212579605807055105023e0
0.185383598852347236842e0 0.217817977577130648091e0
-0.712699195924654774377e-1 -0.259183859166308400835e0
