
-0.275020227730926763391e1 0.506287961974368317481e0
-0.747056591159506365831e0 0.155567335537553454801e1
-0.781374292837985405427e0 -0.277973426631365870006e0
0.173645047049830845520e1 0.149696976391330307187e1
-0.637862690544082863481e0 -0.445432838292866464477e0
-0.130324144559738725499e1 -0.148748942506209195146e1
-0.206676843512388343888e0 -0.196049965681161857665e1
-0.377683062161441591271e1 -0.305965490325021861277e1
0.559759026714178301379e0 0.321389296774277168729e0
-0.119223734423449947229e2 -0.100889909643914102398e2
-0.776728785237621202099e1 0.167656436037307886334e2
0.188429782353982789179e2 -0.104117614864970805975e2
0.474667103790267688040e1 -0.789898774955852484795e1
-0.231981268073286965321e2 -0.327431250151780085418e2
0.717570240444231784160e1 0.179879787139499350886e2
-0.684452317323637506166e-1 0.222902902787848186890e-1
0.417643219078080330432e-1 -0.220497968720532148871e-1
0.592096471202060527824e0 0.116835753740349380524e0
0.233690046872667447946e0 -0.234003433454431400128e0
-0.888415468377244043350e0 0.266357927540517668138e0
0.543986123526310270070e0 -0.290375378052059410726e0
0.602841140115305554407e-1 0.958855598407734699871e-2
0.100000000000000000000e1 0.000000000000000000000e0
0.437608845206353857550e0 0.276016082454075237777e0
0.272835516661454489690e0 -0.221353303380164419104e0
0.446098365931278389425e-1 0.701082598563380200951e-1
-0.317092602945802187970e0 -0.343383488174429869376e0
0.146626089257392832490e0 0.137203423368368351528e0
0.122987593724395758358e0 0.192760402710350290715e0
