
-2.005170637429001e-02 -1.149023462904221e-01
1.072612302551407e-01 4.424988723323325e-02
3.922620958394823e-02 2.587980519681968e-03
-2.540328393946291e-02 7.732179443341633e-02
8.747223447821795e-03 5.316938693647996e-02
-4.068241117147742e-02 -4.126737428400649e-02
-1.541656752141637e-01 6.636387274594049e-01
5.050769059424592e-02 -1.064412380750653e-01
-4.035992190416564e-01 9.685458254751420e-01
-4.082340566531930e-01 -4.027168270800419e+00
8.403972075933308e-01 -1.463517487916427e+00
7.592559398073694e+00 -7.014911242497239e-01
-3.869531322861099e+00 -1.070667524317979e+00
6.162352638350947e+00 7.332992860731491e+00
4.277765379514291e+00 5.097835795118399e+00
-3.680420408051918e-02 -4.319109799638018e-02
-4.464297262393311e-02 -7.835477289976644e-03
1.612495406385628e-01 -1.960412825643873e-01
-3.381042042646991e-01 4.860507498902520e-01
-1.655681433966136e-02 -4.035116323005403e-01
1.000000000000000e+00 0.000000000000000e+00
-6.696050190878547e-01 -3.134603677763455e-01
1.756676445625778e-01 2.345480006837217e-01
2.263503283151989e-02 1.415871898015195e-02
4.381957475940087e-03 7.314244237809251e-03
1.646766976582299e-03 1.207119843209482e-02
-2.578766661572008e-02 -9.779812096734723e-03
-1.340123412777544e-02 -6.988674696256523e-03
3.328687546191086e-03 -2.386597364047659e-02
