
0.228546997688182432435e1 -0.347367149761830506789e1
0.190363956753006495688e1 0.305328640834216329862e0
-0.120031097950800737630e1 -0.550083411414668279195e0
0.113689509230793902455e1 -0.265614143693912459101e0
0.253976000163728853130e1 -0.118294298179941985037e1
-0.799044372112855663215e0 0.190626506305794078699e1
0.258450066442909388402e2 0.283040258076333721485e2
-0.939053433299747817610e1 0.182403604530859146503e2
-0.583391914097757121552e-2 -0.171053414899405821796e1
0.229819022067073370206e1 0.341351605169631418357e3
-0.429097013474444242326e3 -0.166759355880494248639e3
0.394802200359255054118e3 0.887488591713687179005e2
0.349490204750715583032e3 -0.533526646330851843147e3
-0.787174269332817168072e1 0.448289153229395142986e3
-0.351788394971386316729e3 0.192175041161220424790e3
-0.426091007116302300289e-2 0.331413527048615724028e-1
-0.225428838408112322708e-1 0.413523911470102169008e-1
0.494994192976750537746e0 0.135079840624322289748e0
-0.748386805143792937904e0 -0.231873389878995925275e0
0.191406711426914916485e0 0.152543293021217099905e0
0.100000000000000000000e1 0.000000000000000000000e0
-0.258258867808582996136e0 0.518947964467285996113e0
0.164708923870396892149e0 -0.205501547725234207797e0
0.811787668713278389929e0 0.436066444144322279332e0
-0.376636590389731718654e-1 0.414186073598469960252e0
0.921282530579968220912e-1 -0.284874811614540656508e0
0.916423080844865321781e-1 0.216395763831623784263e0
0.330275162665496518194e0 0.512733629918338058103e0
-0.431604163706961748781e0 -0.152569970266605083373e0
