
-0.494527706325154694311738220022e0 0.164865209899288844886402010950e0
-0.154047737133060749269624854144e0 0.235160610420125886456839759959e0
-0.936607743588395939531639155765e-1 0.952131259582612565608773119819e-1
0.312767978537362164382548955361e0 -0.469567188971163216238775167789e-1
0.232261455412740123391383336696e0 -0.101436378463300532169882111917e0
0.181759727787792529929189264649e0 -0.117908491002172523262524494151e0
-0.132697572152480441062990633486e1 -0.288738923982616012595688761302e0
-0.203165148411175495571695036916e1 -0.118569419738866643418009972507e0
0.149777198692105667880459629239e0 0.854354481399431500225587210707e-1
-0.314949580417415239679900942902e0 -0.596672846943240433224415182588e0
-0.181803173529097558460429171419e1 0.238969433481684636274098105398e1
0.280328096514422134921074059314e1 -0.304930521805735344129763253433e1
0.130487279258587460255809555841e2 0.998401968205927502759697254406e0
-0.156381401067964095877847672754e2 -0.211039131006763894053908804523e1
0.189271923745203649345927339128e2 0.320782566141115937252152244513e1
-0.948959964912114052845643431629e-1 0.251944578322808461195514863057e-1
-0.209786554286207342215250002545e-1 -0.616330463975312736995850611557e-1
0.402443214196530520071270656723e0 0.105463229096846583033075863232e0
0.229715459739663162285490286923e0 -0.371279543080816307658391260902e0
-0.808728000528755838900292453659e0 0.462193369655836617603047152734e0
0.834891094825341983690526513087e0 -0.365403461083302561057415997528e0
-0.663957429143959022325164287968e0 -0.282158218634642797476539254530e0
0.100000000000000000000000000000e1 0.000000000000000000000000000000e0
0.634463618716944561326086004913e0 0.108491695989429046032037115817e0
0.435887909095074050610863845235e0 -0.298011861914208019094127155890e0
0.265864342638124434928216756861e0 -0.130245247043709145843158006535e0
0.104143993601230989825801838130e-2 0.628830452149837709423388833288e-1
0.190081817847968070412547564856e-1 0.148639301551098029432144124191e0
0.427871144471663406891811156619e-2 0.495736508996222843543372502088e-1
