
-0.714980339868626161290e-1 0.355546059398147738928e-3
-0.202267089998339552799e0 0.760415256810368397726e-3
-0.159102765351466336245e0 -0.430621835170685798996e-3
0.987973803514453141343e-1 0.651913637028285145663e-3
0.181364001322086003810e-1 -0.132371053088478505182e-3
-0.272993463645826979713e-1 -0.100745969642643285240e-2
-0.486991608037709031749e-1 -0.701420494499892731233e-2
-0.114844023891998566530e0 -0.264571709246815153931e-2
0.130577106668226642630e1 0.117304346245357735525e-2
-0.178328913577182839919e2 0.373210255472954206477e-1
0.661066587444297096027e1 0.456794402366419760629e-1
-0.390859395425095875799e0 -0.820418038916361567862e-1
0.119648437287993818275e2 -0.185446930890767382877e-1
0.854922304578443634573e1 -0.343845400450521734761e-1
0.796085825766716431197e1 0.126225190151922808234e0
-0.570470002870169998256e-1 0.173289170468409112496e-2
-0.171027030413915133965e-1 0.572620631826936829268e-2
0.423811354833403453610e0 0.397318553252022719759e-1
0.308194777260954132729e0 -0.399533628270049736268e-1
-0.623022078491462720225e0 -0.154945561861698983858e-2
-0.178711906202049041604e0 0.536067200107047754556e-1
-0.267553485134131467888e0 0.539824558723209619823e-1
0.100000000000000000000e1 0.000000000000000000000e0
0.144989437624994450571e-1 0.833919785594300883811e-1
0.376595523341098123478e-1 0.250540687671235313950e0
0.480364654807622150253e-1 0.444101940003701700014e0
-0.473683354374904901974e-1 -0.407951242572514446115e0
0.478108704725823384927e-1 0.375398742355014895355e0
0.481945935618242308368e-1 0.491529643641592271851e0
