
6.657440386733645e+00 -2.704708736904171e+00
7.810024202150890e+00 -2.833192180008989e+00
4.248077365753123e+00 -1.533053972361382e+00
4.815971428663567e-01 1.125427298152511e+00
-4.311158902795245e+00 1.702025329991828e+00
-7.139037529600000e+00 1.579281438751659e+00
-2.694770674127860e-02 -1.617062949136701e-01
6.784898830157479e-01 -6.062862697644760e-01
-3.397787473079347e-02 3.801436933672971e-02
-1.046678471416507e+01 2.951827895159883e+00
6.083061944471642e+00 -3.303348528443445e+00
5.274908276078757e+00 7.436804920742940e-01
2.037506946085401e+00 2.307667650949991e+00
1.047125891127168e+01 -5.058253706250901e+00
-2.759241554720209e+00 4.250454978450636e+00
7.145987467712361e-02 -3.281086899544229e-02
8.185300735784728e-02 2.936510474407223e-02
-5.046666562852834e-01 -5.385874003456470e-02
2.404853607258475e-01 2.892426550650390e-01
3.126383349452760e-01 -4.035300288987342e-01
-7.519353556979844e-01 3.735743623767290e-01
1.000000000000000e+00 0.000000000000000e+00
-9.180228298197608e-01 1.277913198943458e-01
-4.148963734633206e-01 6.160068809254529e-02
-5.915919046767963e-01 8.107575791148067e-02
-1.613766251130773e-01 -1.608547896015854e-01
4.153197331867166e-01 -5.333328209741807e-01
4.671144068789377e-01 -2.454079806234343e-01
5.363385549853874e-01 -1.616563689340220e-01
