
-0.275624971038000369801e0 0.944435385839701079536e-1
-0.230341659226622675283e-1 0.853206810905066814296e-2
0.345546407033942889461e-1 0.509339429525796738807e-1
-0.192365362121462800491e-2 0.766917051024886423147e-3
0.301806947142505828428e-2 0.422108164326384286630e-2
0.846265765277657236369e-2 -0.987125677280927992119e-2
-0.204254638118742292427e1 -0.126010337042363985093e1
-0.565646791878062971473e0 -0.511025579398117059643e0
-0.118175797869193377910e1 -0.621367669772588594246e0
-0.108991382244313575570e0 0.138126769835805618273e1
0.639038945564499646186e0 -0.774420217380385420350e1
0.323291438233739106224e1 0.123013181344758644735e1
0.278266104710211487835e2 0.360011043042680728074e2
-0.179691011286999344793e2 -0.199039706163832375678e2
0.213740631731819312770e0 -0.817016884441699912673e1
-0.308943645006373252312e-1 0.202252732118182875947e-1
-0.395899023896631964576e-1 -0.737965460180241905266e-2
0.357141760585570268438e0 0.378343039076010941127e0
-0.484892831834940212600e0 -0.430362147540461055447e0
-0.343300332472962649874e-3 0.202919762462124297783e0
0.100000000000000000000e1 0.000000000000000000000e0
-0.553275303510229025353e0 0.129145384715744494236e0
0.297694848270408216057e0 0.157127418063166096154e0
0.485004192634808455737e0 0.394248759731275386271e0
0.543126874668113763470e-1 0.238457306873009606917e-1
0.120346312628650620944e0 -0.964584234213819719769e-1
-0.124646364628661627130e0 0.139105301593109774639e0
-0.234235905895925911385e0 0.202841194400991981970e0
-0.515591898570395360045e0 -0.256878265840217729537e0
