
-0.180873436583040494185990703765e-2 -0.300563252264886387551227552883e-3
0.252898227956054908978925576607e-1 0.212609524733407249433082172836e-2
0.478178590914276538966272137728e-1 0.365489791558164964737012682982e-2
-0.351284069567974882085250740050e0 -0.108034751925736437788141027146e-2
-0.663798125204790711418579269640e0 0.299451367107560755242768387727e-2
-0.125426294101027241763974974535e1 0.151744569142940267081050401470e-1
-0.195500854145048402577891808285e1 0.744835523739207701953522188566e-2
-0.680642487199249473736058070636e0 -0.307038402125554640393321151196e-1
-0.589171585313030786123405439511e0 -0.450729849558999273067462121592e-2
-0.356745011750890283596216180029e0 0.338865616580932967452453294564e0
0.712138310470049774629266740711e0 -0.418663805731703096898253973973e0
-0.393263447735953063697475597081e0 0.230392807006292843058575476087e0
0.285437206865207083658319347077e2 0.743328962530699072888122009886e-1
-0.150760784130609316585018417188e2 -0.167473330228201121803282269777e0
0.796160867576743275405018844958e1 0.156598424569221575135158694680e0
-0.230954633138166366960897562671e-1 -0.531103569339023528203688931245e-1
0.794031441064517925115194962611e-1 -0.197484066930923528377705648896e-1
-0.862663816313339288041580173836e0 0.103571518774507051306268133520e0
0.100000000000000000000000000000e1 0.000000000000000000000000000000e0
-0.497359832302515942586432563355e0 -0.323836061607086462921984253746e0
-0.205246424829806480419112268730e-3 0.860233141409329582473514358780e0
0.313252724699530336446299291739e0 -0.536322451083607021629695912181e0
-0.598130352573901017032164727130e0 0.317505189557158498747431469404e0
0.399715773174305028185756593442e-1 -0.300290076710963240425754383952e-1
-0.139052367578095054606626747246e0 0.122354233525075423399767507042e0
-0.261464627648610565179059357370e0 0.239693146740713725044815208367e0
0.297714043760627840003406572195e0 -0.285714918016080359038198409201e0
0.544050765212499933744535793280e0 -0.532108769696148102753080757118e0
0.473793067595835364048492376755e0 -0.509386038033013270945361918594e0
