
-0.467544437913594356399e0 -0.190240587730927254476e0
0.904474789986951394218e-1 -0.718323641796320096220e0
-0.232315509156820590201e0 0.829569146225436915439e-1
0.111512463316312851848e1 -0.512415949686736213323e-1
-0.279130477624324455224e0 -0.282667241648108763853e-1
-0.647580195249534162059e0 0.241482182699600875768e0
0.377160159960018869559e0 0.779402544517816757918e0
-0.139646509650924095412e1 0.159992507894713582265e1
0.697927561071564708925e0 -0.282188552120142285276e0
-0.168378579300978939992e2 0.746544395979799950153e1
-0.972796232940293411576e0 -0.798180505048193128514e1
0.136749248489231780054e2 0.354731009152853370820e1
0.419775648290023138372e1 0.412910677207121737690e1
-0.172610174772122647530e1 0.158170064576215568782e2
-0.139613962021960836125e1 -0.678375555194313946666e1
0.697309163955905652013e-1 -0.286875351058212640080e-1
0.880601771529869748804e-1 0.108304549048946317161e-1
-0.593670317571926826472e-1 0.846527864275412870630e-1
-0.327396357659755663178e0 0.326169373807206954452e0
0.376232595371839722165e0 -0.396781804240687466500e0
0.868878670407418991222e-1 -0.151084040067845871568e0
0.100000000000000000000e1 0.000000000000000000000e0
-0.777933538501568987297e0 0.399209533102699135233e0
-0.543993350534201614187e-1 0.668045459164158779371e-1
-0.524286638644768225614e-1 -0.140633066741903553376e0
0.424779530527425541490e-1 0.340194187011326736572e-1
0.292436672223450216219e0 0.352307743248894360363e-1
-0.123170802329326435610e0 0.150413963122799260953e-1
-0.493332081975104853319e-1 0.134584826644422484437e-1
