
-2.574712949672308e-01 9.011622837222651e-02
8.998664346405669e-02 -1.593620834776223e-01
-2.246541566065760e-01 -5.465111052061601e-02
2.512076914857125e-02 1.201870171531050e-01
1.374839208568910e-01 -7.182918023659166e-02
-1.345558264537303e-01 -1.424658305052222e-01
3.914912633647449e-01 -1.826820490803126e+00
-7.361058725215610e-01 5.108514170373498e-01
5.407138455433121e-01 -8.029692392033222e-02
-1.390757286663948e+01 1.237960718405748e+01
8.464180901409981e-01 6.795089553730536e+00
1.117845734973134e+01 -2.036475234625038e+01
6.124296378754099e-01 1.194353655713628e+01
4.029609345340360e+00 -4.078831380840678e+00
-2.321978338556683e-01 2.338786976571997e+01
6.092626549015056e-02 -3.230997639318479e-02
9.362080964110732e-02 1.765993809111951e-02
-1.322267809820164e-01 1.605189161486309e-01
-1.479415729876829e-01 2.103446005353977e-01
2.496112084450898e-01 -4.142100688727366e-01
4.506686319962191e-03 1.609803331618453e-01
1.000000000000000e+00 0.000000000000000e+00
-7.348069124832159e-01 3.957578339765436e-01
-1.160351008769521e-02 4.882547426812395e-03
-9.005606954651579e-03 -1.859874884979940e-02
-1.203887549086245e-02 -2.268057813869745e-03
6.369037895336767e-03 1.798405578751471e-02
-7.488524443142784e-03 -3.958673466364851e-03
-1.599101640049064e-02 -6.930104489440593e-03
