
-3.955694041274847e-01 5.990484984748257e-01
1.838507209910195e+00 -1.242358883937509e+00
-8.042290411360145e-01 -1.012441013377854e+00
-2.366225121561790e+00 -9.168198828659988e-01
5.370323036795026e-01 1.854355459123048e+00
8.082902916968531e-01 -3.807920906530168e-01
5.340291704449411e-02 -1.908273694897888e-01
-5.476328181824325e-01 -4.097475269561496e-01
3.474357731704480e-01 5.654473204243093e-01
-8.732401356296219e+00 -6.591612885055403e+00
-8.421067940985598e-01 4.042805164767096e+00
8.778432574707491e+00 -3.770581831205680e+00
5.705161461801076e+00 3.163396703657750e+00
3.134730146971946e+00 -2.934488368531512e+00
3.027239894495142e+00 3.428216181397652e+00
7.383737214839363e-02 -8.798915735631248e-03
-6.619953193508583e-02 2.411082863233431e-03
-3.433882480296837e-01 -6.364510564165812e-01
-4.617081193148109e-01 3.943195528002010e-01
1.000000000000000e+00 0.000000000000000e+00
-6.713983940938717e-01 1.308082882411939e-01
-1.458875347225694e-01 -2.023796908100138e-01
-7.718566192391314e-01 -5.460723822297677e-01
-7.691544194407842e-03 -6.993788106720024e-02
-2.023253194712409e-01 5.154019969111407e-01
2.733451900442274e-01 1.468429101353918e-01
2.853435147061371e-01 -1.285860024170227e-01
-2.779158304289531e-01 -3.056054177999973e-01
6.614070562451022e-02 -3.070268802165365e-02
