
-0.497489581499675997077e0 -0.232044587254966424319e0
-0.887014552367804613980e0 -0.610667986671390216247e0
-0.261846988088395518581e0 -0.257167495692827472332e0
0.704308567017164669432e0 -0.853356491877013680715e-1
0.601988784760407520696e-1 0.511999897881658342345e0
-0.206818985517488672368e0 0.317380236442667792296e0
-0.495749839951115369059e0 0.174942490596542646282e0
-0.748647722567512889169e0 -0.809617575530219713421e-1
0.317667309276432815578e0 -0.365685030364152300735e0
-0.852378304891270603249e1 0.368563634934135190809e1
0.281693619520797078597e1 -0.443219174086789858115e1
0.428426567851683984690e1 0.478815504540631919341e1
0.698707058447081681566e1 -0.119205101955752114482e1
-0.140636242797585908442e1 -0.919127571397615036365e0
0.763855848412762196116e1 -0.341650560516974743691e1
0.601492941209890506258e-1 -0.545011462502740449593e-1
0.834193032734727233621e-1 0.336165607833170322823e-1
-0.308844441922400471558e-1 0.153050490512087550132e-1
-0.940629371101759605069e-1 0.589372986171194163736e0
0.208640755618243356744e0 -0.719516186491334048289e0
-0.329246497728759056166e0 0.919153861959994488394e-1
0.100000000000000000000e1 0.000000000000000000000e0
-0.518051357695730237878e0 0.492273647774068202508e0
-0.771141154720563424589e-1 0.156820016811598840338e0
-0.433753128143999954109e0 0.354922963873005214861e0
-0.180330520914097612456e0 -0.249438999007207369096e-1
0.908628967229632144849e-2 -0.381028882263233990596e0
0.246139923896628243366e0 0.115491803731696974422e0
0.560015229926846996018e-1 0.962329790828669283658e-1
