
-0.596053673065353561544e0 -0.167677921128778131691e1
-0.759607126453159771845e-1 -0.503348054910107715258e0
-0.118932575790277031381e0 -0.617432398925429302863e0
0.109039084828004982388e0 0.157465624885991636856e0
0.226945952008665240171e0 0.546701786836577596112e0
0.487014588237348579108e0 0.151931358640178967997e1
0.956011998117542742288e1 0.318743113419625526614e2
0.423577336701395083373e1 0.168427617726023372315e2
-0.143879114785633509016e1 -0.653057272919923361665e-1
-0.122144066598067013388e2 -0.939097022567660263126e2
0.272762964990010563296e2 0.183718338818714943386e3
0.581807502772576358371e2 0.108032295618313895970e3
-0.233921113936571003183e3 -0.862752353604710424950e3
0.117423826015793283932e3 0.415946139798498235901e3
-0.385783505704019298380e2 -0.105149327871858247398e3
-0.309413514111507170180e-1 0.212079817108063575683e-2
-0.327250341609955819473e-1 -0.135382787823132322824e-2
0.410018963799120217980e0 0.518339927217715190692e-1
-0.488500209212506135290e0 -0.541489281000378738592e-1
-0.383276239730632448741e-1 0.223703712529699297148e-1
0.100000000000000000000e1 0.000000000000000000000e0
-0.485650844828648013208e0 0.119063908445069970064e-1
0.344529229828041753914e0 0.278423949863629019511e-1
0.103651896424310572723e-1 -0.306570276011715451254e-1
0.569592569080441848804e-2 -0.802640570417191277282e-2
0.738549016547325264172e-2 -0.995257405455896012213e-2
-0.394773373794968156918e-3 0.340515527475541118717e-2
-0.408023597601213048096e-2 0.100569769227453911339e-1
-0.516355970918845232844e-2 0.299496505299160584625e-1
