
7.176741914040010e-01 -1.945879568094178e+00
1.349705684753076e+00 -1.796052103852465e+00
6.390257802421095e-01 -1.240559103042278e+00
1.332895018398272e+00 5.329751553555611e-01
-4.179066163331944e-01 1.116848841865441e+00
-2.050569209802272e+00 1.412904412738617e+00
-4.595179116072771e-02 2.562436302106558e-01
3.525799397979584e-01 -2.336960433785198e-02
-1.631068635122024e-02 2.394492969977081e-01
-8.813276575182840e+00 -1.092008072796608e+00
4.236634697108498e+00 -1.254162686761225e+00
6.135694975670956e+00 8.572277308034995e-01
1.841335010046653e+00 -4.527274134411974e-02
8.329345718983813e+00 2.205504570716426e+00
-6.174604559251985e-01 2.168231758563837e-01
8.286264128179592e-02 -8.916591940227415e-03
-6.303763494762575e-02 -8.516474618454249e-03
1.143909685132357e-01 -2.384518965141681e-01
-7.374265622308891e-01 1.266024929990061e-01
1.000000000000000e+00 0.000000000000000e+00
-8.003932717934029e-01 1.396450226909444e-01
5.771410941364181e-02 -1.937385669377677e-01
-3.945941496893882e-01 -1.785658881152461e-01
3.095002335487760e-01 -7.191445015431516e-01
4.525127011672297e-01 -6.154688410091923e-01
4.001814061730562e-01 -4.936848660926262e-01
6.401907308435305e-01 -3.317133193240888e-01
5.300797016535450e-03 2.884777812675548e-01
-1.704431560844246e-01 7.487459206917910e-01
