
-0.123154965654252431437e0 -0.161610111475115153225e0
0.741509694660225426716e-1 -0.877561864007659946517e-1
-0.165157766674856687107e-1 0.577065683056237680899e-1
0.340723847086149299717e-1 0.429568097531922604313e-2
0.324174371445025765239e-1 -0.451491874434433610292e-1
0.890825809456375014786e-1 0.157314430499795927191e0
0.124585533305654146607e1 0.584633057011168087865e0
0.354207666034198888577e-1 0.872324080716256035079e0
-0.532712651754622347770e0 -0.156675337373287899704e1
0.599751069436374864303e1 0.154029178275902934913e2
-0.165225688894028002168e2 0.249231178620894327363e1
0.231355217204495480186e2 0.627474862663961414780e1
-0.329099944933826280870e1 -0.407382238517014167584e2
0.133003516872592113945e2 0.113494665990638494025e2
-0.535122574485689625695e1 -0.176279957313472741744e1
-0.122262339564585168141e-1 0.336196361368250646523e-1
-0.370843533591923329118e-1 0.238114480387665515092e-1
0.404435171934172205159e0 0.318567722509040274724e0
-0.677194376076443273378e0 -0.405416435855074583589e0
0.182697401712169210953e0 0.213700901489170476172e0
0.100000000000000000000e1 0.000000000000000000000e0
-0.434050212397414786173e0 0.426322020640754402541e0
0.162188171016486572370e0 -0.357350863342634552861e-1
0.592493855109326728753e0 0.439944605840381119922e0
-0.569758278202084752455e-1 0.144480211958472334340e0
0.102579921270823351275e-1 -0.399025907472363026290e0
0.115236009321290283649e0 -0.962417487408367717128e-2
0.274805207429171473196e0 0.301198916100543358926e0
-0.466615136672730975998e0 -0.343223271607460730123e0
