
-0.396016351289123631215e0 0.128022669823360025115e0
0.131045128166037974150e0 -0.742597011253663677292e0
0.235585624905253421271e0 0.159272732746326991385e0
0.656083832085784050478e0 0.498070855975966748794e0
-0.443273678757449540993e0 0.906646623512708045616e-1
-0.277251416633355936879e-1 -0.668138534956749830131e-1
0.159514679935562760590e0 0.396306774631631601112e0
-0.775348798716229686584e0 0.707505559664617050049e0
0.400530194359784622428e0 -0.555550612436836396130e0
-0.898436916901793938654e1 0.752266344343457550765e1
-0.281015530200717547930e1 -0.543020373318503469899e1
0.106849866722549613268e2 0.446658171978966501764e1
0.663428593107933078747e1 -0.298224154531972654881e1
0.190630938179758526677e1 0.653273638990798202406e1
0.235008323793860859755e1 -0.454042189811484895798e1
0.523840507098571244387e-1 -0.135348363627467402821e-1
0.956258481450593385588e-1 0.651968144981720722376e-2
-0.122875064467388492602e0 -0.319679564618280288987e0
-0.142653353798294825160e-1 0.544117894893842153398e0
0.123976265690442257618e0 -0.233414984072562119082e0
-0.116216316241804468920e0 -0.500435515089132432372e0
0.100000000000000000000e1 0.000000000000000000000e0
-0.604498291775277567933e0 0.248835938163668390991e-2
-0.708585912257575667884e-1 -0.603270028022368996588e-1
0.258307642696364817410e0 -0.122579629360337797085e-1
-0.281862074441948561882e-1 0.124252457792048995155e0
-0.223267460521634441883e0 0.275662844647871974090e0
-0.744407502365075709151e-1 -0.223728600878408642120e0
0.101694334087413365912e0 -0.198987299293130500002e-1
