
2.897339725558434e-01 -8.549089316901672e-01
5.210307159905787e-01 -1.005146549793291e+00
8.412318604577561e-02 -2.577832940460989e-01
-4.083666392906159e-01 7.571095954488204e-01
-5.785089953842956e-01 9.743929496676246e-01
5.853041819661051e-01 -1.122896064167558e+00
-1.309537078766805e+00 -4.730252532306134e-02
-7.306308283190815e-02 -2.607487948253882e-02
-1.394753136589883e+00 -1.079454878675126e-01
-5.991738232778290e+00 9.367431863336195e-02
2.400306749406251e+00 -6.225701044678221e-01
9.637526625217477e+00 8.547036098638046e-01
1.838913939562933e+01 1.515316277593023e+00
-1.163658208761311e+01 -1.334209965134380e+00
-1.239740116285104e+01 -1.608990596226385e+00
-6.315760022891373e-03 -4.474087610674932e-02
3.029505038473616e-02 2.060148911212351e-02
-5.653876675907326e-01 -7.456694561211014e-01
5.731941852173670e-01 6.122732946180797e-01
-1.716178363609263e-01 -3.381607545549217e-01
-1.930376835060520e-01 7.159520505261200e-01
1.077956104316926e-01 -3.580634592195148e-01
-4.039242922279191e-01 -5.072342815098325e-01
4.313561889938308e-01 -3.768960197494842e-03
6.675248705257801e-01 4.381332647633351e-03
1.025484339451081e-01 2.370474070247127e-02
-5.660417369797717e-01 -1.083898809671602e-02
-7.007749470114304e-01 -7.825406526913836e-02
1.000000000000000e+00 0.000000000000000e+00
