
0.131030782897142259591e0 0.256064675751208551360e-1
0.190055511037561831821e0 0.337936335436546781655e-1
0.145961612661722361819e0 0.216407806745163623245e-1
0.275586408172693330656e0 0.441769333350973958114e-1
0.211542756519417371873e0 0.276931883049224157513e-1
0.162245482061635704966e0 0.165069060077190077544e-1
-0.135403600769563871840e1 0.559384956181099787944e-1
-0.207277304121670977633e1 0.102900010105311999985e-1
0.600482294418372266026e0 -0.322423313141348229357e0
-0.945060164601266545180e1 0.633753994804946549791e1
0.780127925333832631738e1 -0.710688633244807651569e1
-0.166460805416184566292e1 0.366313069017478617887e1
0.542302938944799822621e1 0.527218830009546084517e1
-0.142386686911270430164e2 -0.998061920456024158094e0
0.202382605394322106530e2 -0.140082302206749013821e1
0.590808220733497996072e-1 -0.287241701532676086796e-1
0.919765506318351363114e-1 0.131905077335707202055e-1
-0.150620157737533288281e-1 0.542189133526363101421e-2
-0.219468792957667489836e0 0.381963882189637645988e0
0.230355339779988668053e0 -0.398834463021359762768e0
0.437789282427792634839e-1 -0.155769255777821969005e0
0.100000000000000000000e1 0.000000000000000000000e0
-0.622248280348814061043e0 0.327552158971758839383e0
-0.741037529724921376296e-2 0.664542151154331312431e-4
-0.787216155177203021006e-2 0.549018873419756145241e-2
-0.109922796798193686055e-1 0.139325917584069827571e-1
-0.243070035168937299238e-1 0.262736096463143782504e-2
0.725548569381831424235e-3 0.253022790449186770153e-2
-0.256459721921123039160e-2 0.238554696132610444405e-1
