
0.290881766167446199287e0 0.100907709368772007764e-1
-0.805516869761651656289e-1 0.124238678302241649389e-1
0.210184065561975675293e0 -0.137922915088048495342e-1
0.215113454589649319702e-1 -0.762713013534164867926e-2
-0.571029643234465654494e-1 0.147774966726249573436e-1
0.150347533193353914436e0 -0.251475450669552419181e-1
0.180413990798287229199e0 -0.695550489132628263272e-2
0.179541873390024242789e1 0.687700055279418919624e-3
0.160067991536467700423e1 -0.179916720591077975780e-2
0.227849335234353550820e1 0.750054682752843820259e-1
-0.947065704003019115387e1 0.429490735499454250198e-1
-0.677139001038426588397e1 -0.812652035345341592661e-1
0.366837044424655560476e2 -0.515285519271156703877e-1
0.271652878215340708567e2 -0.102743768762626135169e-1
0.197693850597133012267e2 0.125160150553759783217e0
0.454964930934613396499e-1 -0.373620030332249344895e-1
0.765002053286368418564e-1 0.874744530375467891683e-2
0.451236732457846052011e0 0.576439062781976049291e0
-0.819172282633483228955e0 0.585547149027648987276e-1
0.284914275427222712597e0 -0.511957926902056890787e0
0.100000000000000000000e1 0.000000000000000000000e0
0.755256687383819354025e0 0.366023462133457052378e-1
-0.382409402132946478470e0 0.883618707822093002262e0
0.254218827776958042987e0 0.230051079018792452763e0
0.381508851730968833870e0 0.323226781572046461427e0
-0.420974278412495423574e0 -0.357612893566376630213e0
-0.257777754426330457947e0 -0.206059447599712502539e0
0.480273538998057182147e0 0.390531861149598321547e0
-0.742170259349404336214e0 -0.638212061651811371683e0
