
-4.614209930280500e-03 -4.411192742241791e-02
3.129380860947012e-02 2.232559582445777e-02
9.438656641433795e-03 5.085184892937308e-02
-3.558155594845229e-02 -8.877612481918630e-03
-8.159028414674130e-02 -8.434939567959460e-03
4.019576587873280e-02 5.298953990433652e-02
-8.707741837865022e-01 1.172939297087283e+00
-5.077083573020101e-01 2.839511041263034e-01
-4.334893073379645e+00 2.711877667660171e+00
3.783555956228543e+01 -2.475964088977749e+00
-2.291008745484575e+01 2.648379394209799e+01
3.109610055525102e+01 -2.553507385948020e+01
-1.102791778077142e+01 -6.634299289559223e+01
-1.476822586081980e+01 3.554779889655599e+01
-1.094388008414208e+01 5.014009891866633e+01
-9.041746163167347e-03 -4.945162808767611e-03
-1.175763320346701e-02 -6.550132617065614e-03
4.650009242788269e-01 1.843963290238732e-02
-6.462463633042819e-01 1.144267141118566e-02
9.535212084104101e-02 -2.586735941977809e-02
1.000000000000000e+00 0.000000000000000e+00
-2.019486781956162e-01 -7.095910140613136e-02
1.792816859738469e-01 6.626343414845826e-02
2.449425999942160e-03 -4.086929926806707e-03
-2.337928971445895e-04 -5.169523270712421e-05
-4.426073856903127e-03 2.660959765305085e-03
-1.563493003821793e-05 -1.444716160643451e-03
-1.203238672228249e-03 -3.132722439556426e-03
-2.174254331168879e-03 6.749637175483105e-03
