
-5.852574216733208e-01 1.037380391923177e-01
-2.627986350718492e-02 5.920026094663273e-01
7.463193598660325e-02 -2.198700696780838e-01
5.930469378930504e-01 1.552314802430573e-01
-2.539801616892221e-01 -5.394936162632864e-02
-7.789516219729793e-03 -2.589695194353751e-01
3.572378350554898e-01 -7.224500416747259e-01
-1.097429572865542e+00 -1.595139257726816e+00
6.637585391480002e-01 7.137868545540000e-01
-9.446855401039988e+00 -1.558175666548155e+01
-7.631684875402017e+00 1.210650544675021e+01
1.322388624136652e+01 -5.301604591337425e+00
1.294470103320392e+01 -1.741961228792203e+00
6.058731090636407e-01 -1.532584585780094e+01
2.012678245219427e+00 4.537665600401707e+00
3.923967906829193e-02 -1.204725978648979e-02
1.103910897848004e-01 3.246976248681130e-03
1.998166020623254e-02 7.534326353808045e-01
-1.318453118174360e-01 -6.648528387378192e-01
-1.056646035148594e-03 -6.794578185817617e-02
3.912350458836704e-01 8.602970416978984e-01
1.000000000000000e+00 0.000000000000000e+00
-5.241476748943641e-01 5.154963625312065e-01
-7.091936056190282e-03 -1.305329029106022e-01
-7.323127831992585e-02 -4.039901264957048e-02
4.765312515050682e-02 -6.376043306666850e-04
-4.539586614649367e-02 9.818134723186725e-03
3.640651386102724e-03 -4.705753099748199e-02
7.740956622963088e-02 7.974038648157381e-03
