
-0.294368816594986816574604392173e1 0.128215994975308802917770223088e2
0.139808214846995042630199368611e1 -0.818968268602452158251895719497e1
-0.851281863320479050005097750975e0 0.346993298891794267085445561296e1
-0.588983753180626706491161781783e0 0.521386222685770678218790664381e1
0.412809470742664198206456247287e0 -0.221834027056269795632562044324e1
-0.245218300766497880755359802829e0 0.938853249091225842570187828313e0
-0.226098548024375479159115327183e2 0.196852553624018425810357114395e3
-0.159652923703321489062964133649e2 0.966084227288816657616669472045e2
0.648566333556523340213833058147e0 -0.693616202835980149092553498634e-2
0.782503491197180516152638554486e2 -0.931033690695706617104129283433e3
0.830610543810890371728720975671e2 -0.743974304025415696413727823477e3
-0.167933207392038422947393088828e3 0.169258821061440485768621953111e4
0.589123904800191360681755168008e2 -0.507415448293505837183332155379e3
-0.212623029537704973026097058154e3 0.155686859538825275757804192825e4
0.290848192604251315240349605972e3 -0.259427016528779138286105200927e4
0.293042004929609602948701648405e-1 -0.193070083242310752832311646886e-1
0.111793544576078306824665183596e0 0.996034588938198425998802415842e-2
0.153714441056808645047594739209e0 0.142307992971352242546258661590e0
-0.102918931008228723733416584365e0 0.815513278262204637238707860576e-1
-0.133299434253977082963740627689e0 -0.243297351043561278523499119020e0
0.377581154324646792307996581591e0 0.133358558255143577381427712478e0
0.100000000000000000000000000000e1 0.000000000000000000000000000000e0
-0.302231201255717604236482811661e0 0.266749189590136747788004813626e0
-0.317854495611310797916150878297e-1 0.694264937626677086130304420256e0
0.277739977956122799621891216987e-2 -0.434445781126823585996959210331e0
-0.951325260265226426878782750436e-2 0.190071747860928384514471011429e0
-0.643998363354111874774334038870e-2 0.277654917282191501742796344989e0
-0.442685448071412583433810178632e-2 -0.116592020801795291249820819835e0
-0.285616073176717146624587074724e-2 0.531457961252057807504667302378e-1
