
-0.198845920024868888070e-1 0.701709037652475753702e-1
-0.519546435523248951828e-2 0.739026288613314058981e-1
0.926372176542453343190e-1 -0.228223528739300400976e-1
0.101853540347166050646e-1 0.745618741191015726018e-1
0.873700462779051957387e-1 -0.419355612863825216019e-1
-0.859119851391027669751e-1 -0.905285408985875703208e-1
-0.669251214087208982310e0 0.133245391255214474429e1
-0.101646287850867602699e1 0.139456078270446093032e1
-0.985060671722336812220e0 0.320886826978711339081e1
-0.968076230958399147619e1 -0.583547166477390811916e2
0.263979032214450462131e2 0.535573184634893751273e2
0.344453175911644737545e1 -0.223998402614671087100e2
-0.531880167793322319800e2 -0.468015081533820933198e2
-0.169458849243021640162e1 0.308893657676382472517e2
0.884967083128529190521e1 -0.215278634651800643979e1
-0.612068041336073178193e-2 -0.146186576209644534753e-1
-0.104851765074057856231e-1 -0.193531655936156159046e-1
0.491751547640409967903e0 -0.164842313765660258661e-1
-0.683933171903761686814e0 0.738406004155640074103e-1
0.117618514951590587975e0 -0.676573607545341048947e-1
0.100000000000000000000e1 0.000000000000000000000e0
-0.171495796265888028219e0 -0.227175259507274921280e0
0.175580877072865281733e0 0.130623417609979735037e0
-0.206451973801272518291e-2 0.309365238697879306052e-3
-0.182111353413274032963e-2 -0.737952676992003520401e-3
-0.126188709055044175847e-2 -0.107001412664462087944e-2
-0.102459234435553523602e-2 -0.156301015338764919763e-2
-0.885394191131469961949e-3 -0.135756296027109260096e-2
0.283882296384176188991e-3 -0.106883918777395773286e-2
