
-2.700610404951639e-02 -1.327622979486737e-01
-7.358886538601644e-03 4.166217976327037e-01
2.070833559105622e-01 1.836333162827428e-01
3.403715810217746e-01 1.778910801070662e-01
-7.171281673158042e-02 -2.728241875382263e-01
-3.133654769722581e-01 -4.512878215839247e-02
-2.132308545719719e-01 -2.074335839040539e-02
-7.574638085644907e-01 -4.174862711359965e-01
3.303398619523945e-02 6.129994863115102e-01
-2.326174139826568e+00 -6.899976448297576e+00
-3.700785054041290e+00 3.663811474384715e+00
8.932878459276282e+00 -2.736842390175973e+00
6.116006293575937e+00 9.246925866171902e-01
-1.926346135481995e-01 -1.582867259638505e+00
6.605691895846470e+00 3.004734340330041e+00
7.235308041271137e-02 -1.430087088043426e-02
-8.057118800189653e-02 -7.144878215640024e-03
1.239124832417267e-01 -7.611096566311607e-01
-7.853499983997728e-01 4.792929021683741e-01
1.000000000000000e+00 0.000000000000000e+00
-6.230217085609369e-01 1.331696672994497e-01
-1.612120411865262e-01 -3.356307469910135e-01
-3.398660815912027e-01 -6.058579215467131e-01
-6.350419409736140e-02 -2.112635895074211e-02
9.068221447786977e-02 3.629712226576427e-02
7.409175879564864e-02 -3.800278776955755e-02
1.441824488829692e-01 -1.031043528635889e-02
-4.393042381211633e-02 4.954571753277377e-02
-1.755456201912100e-02 1.453485658089071e-01
