
0.269849243129734618152e0 0.698339472995592252676e-1
0.778085211738715709799e-1 -0.278790170427765325872e-1
0.539216158914265246936e0 0.167288122680946109243e0
-0.510538152486155539123e0 -0.294317955212324285482e0
0.463452151089192260908e0 0.109715839113866147624e0
0.899508280144865059744e0 0.298751622390328843673e0
0.406975245302095529594e0 0.108420217248550443401e-18
-0.161509173113050017931e1 0.542101086242752217004e-19
0.947661441220914909256e0 -0.542101086242752217004e-19
-0.279982396248716363524e2 0.173472347597680709441e-17
0.747336253011303793242e1 -0.195156391047390798121e-17
0.129332409086447007920e2 0.000000000000000000000e0
-0.199480925425337732369e1 0.975781955236953990607e-18
-0.345217411146553612841e1 0.650521303491302660404e-18
-0.597425847632403365451e1 -0.867361737988403547206e-18
-0.500117624613074609035e-2 0.365168482143872758351e-1
0.112220127799839752775e0 -0.603929591270711341683e-1
0.737057343100342603757e0 -0.671668777980796951243e0
-0.277787173129760237114e0 0.232668820383576426929e-1
-0.497099406455960719819e0 0.647825970802371737091e0
0.776723671593338134216e0 -0.502950082717476781033e0
0.914270277404938627741e0 -0.385804806508052941890e0
0.426243791098895922988e0 -0.776277046518719671196e0
0.232063637637203702907e0 0.655832745462198767809e-2
-0.787263491831554118084e-1 0.392331878767012001897e-2
0.559589623372116595876e0 0.646761907619486711967e-3
-0.999172434275402943440e0 -0.144748343635205926232e-1
0.378114600682026310078e0 0.504871945595582409646e-2
0.100000000000000000000e1 0.000000000000000000000e0
