
-0.903657168275336997445e-1 -0.273550788803408614501e0
-0.455448748548474100845e0 -0.313223418907855853758e0
-0.130244119519264347199e0 -0.318205556061842454092e0
-0.304781290262041627934e0 0.391049758503245791652e0
0.914439655726234080336e-1 -0.426881780345724457602e-1
0.395147007089575327658e0 -0.117498969699837177144e0
0.361401935947333288285e0 -0.613066544558291368267e0
0.128900760616437027220e0 -0.473926459360336935699e0
0.787145182797170138553e0 -0.399280201152750085917e0
-0.159778639532578336496e2 0.541417625271907110730e1
0.440324288528978514566e1 0.215406665154411766563e1
0.585099792884957581839e1 -0.261496973968308527286e1
0.473485878966169749637e1 -0.525477238593711311679e1
0.110363383431549527446e2 -0.679907922387041387677e1
0.227573900016851125990e0 0.668316148691255507370e1
-0.778095167736479489975e-1 -0.288636939011998745178e-1
0.391000300683230518482e-3 -0.839810689118848273859e-1
0.267006903187986352694e0 -0.373937065169274381255e0
0.595956338456140412676e0 0.218166356674467031801e0
-0.876607468286497298839e0 0.909200201246656760506e-1
-0.357097912866207040501e-1 -0.121523101211485886735e0
-0.289647555019720221538e0 -0.876233079046099285023e0
0.100000000000000000000e1 0.000000000000000000000e0
0.220003106866575949880e0 0.801705338464690705843e-1
0.322497967608981024373e0 -0.125292065705803444406e0
0.348089315457976211182e0 0.156426470949077599736e0
-0.437695383803932958706e0 -0.551760949477061397587e-1
0.132765652183836608904e0 -0.859275954376872698698e-1
0.329511313148072337018e0 0.408164117819868256466e0
