
-4.570084630805200e-01 1.788074305130854e-01
7.225929871005037e-02 7.417883188297819e-01
-2.855889856332295e-01 -7.931409120988067e-03
1.253498729095166e+00 -1.393890398991099e-02
-2.979679468954106e-01 4.121949871165966e-02
-7.964902660146463e-01 -1.648685265231743e-01
4.625380167751281e-01 -7.827164045211632e-01
-1.276399196911705e+00 -1.653503438570878e+00
6.730155828923433e-01 2.121308128464333e-01
-1.711569838670192e+01 -5.440270735531824e+00
-8.028424384923831e-01 6.315582050903566e+00
1.410776890087592e+01 -2.889601572951427e+00
3.193773876094215e+00 -3.705820812555313e+00
-4.053361964632793e-01 -1.626230876281484e+01
-2.544641506913937e+00 7.485106151741023e+00
3.795468077567377e-02 -4.903604718337405e-02
-1.638156235563456e-02 -3.994363949468364e-02
-2.703944519389243e-01 9.231830666342414e-02
-2.166641653346965e-01 2.262510250361830e-01
4.920125842204539e-01 -3.428959750115768e-01
-1.138243840689123e-01 7.505363771379038e-02
1.120873458431496e-03 -5.397613487193854e-01
-5.669917655823679e-01 5.403834066295911e-01
3.351731091059174e-02 -9.050529589465178e-02
-1.276968116259884e-01 3.031774525973699e-01
2.131999682124437e-01 3.119645017797686e-02
1.000000000000000e+00 0.000000000000000e+00
-2.837104176224579e-01 -7.338109989443187e-02
-1.332909237942453e-01 5.648755879539316e-02
