
1.063354401945437e-01 8.968027686310223e-02
1.360942725297549e-01 5.602813986636292e-02
-1.013646471281804e-01 3.581917762641838e-02
-9.454071944142434e-02 2.358994149484394e-02
3.589046962298351e-03 1.092259978238469e-01
-1.179472075311936e-02 -1.132702183579462e-01
-4.843565937356197e-01 8.998570548055911e-01
3.077586855869550e-01 -3.645877302630241e-01
-6.706894898019482e-01 1.089165143164967e+00
2.748152339052170e+00 5.556358059741378e+00
1.930714534350240e+00 -8.261083890862587e+00
5.110693843658455e+00 4.184728135576243e-02
-2.643852550722438e+00 -4.547467798895489e+00
5.605966564159681e+00 1.009794988840139e+01
5.768848600950490e+00 1.474724045778023e+01
-3.086902662787859e-02 -3.297171067672318e-02
-3.603686419968998e-02 -8.975533911872096e-03
2.052170848991163e-01 -1.815790881293961e-01
-3.862669303058186e-01 3.778021930993007e-01
2.894084432755850e-03 -2.905855018436850e-01
1.000000000000000e+00 0.000000000000000e+00
-5.622103938960612e-01 -2.710653205800163e-01
1.566556257594977e-01 1.506761087379078e-01
-4.724970934078858e-03 -1.307959899140643e-02
6.224464958638922e-03 -2.085949907105733e-02
2.483082798144859e-02 1.847587353800012e-02
1.836326421782889e-02 -3.197653828155142e-02
2.834590503522810e-02 -3.327880070380367e-02
6.007443051627084e-02 -2.422587840616494e-02
