
-0.547326035938300264980e0 0.136218890119050068050e1
0.744061557095743192336e0 0.419709053741401740467e0
-0.248787362568030393515e0 -0.510203981945111239855e0
-0.101347994893233317299e0 -0.446855428850797246670e0
-0.212137350033056586575e0 0.774050975594562451184e0
0.496048592884299043899e0 -0.606209343709286921787e0
0.742185788349615147203e0 -0.142847433536926821703e1
-0.141350852508173967562e1 -0.999618124231743033874e0
0.166552960007089011403e0 0.100270553314213913963e1
-0.680832628583618471897e1 -0.205302212054643017716e2
-0.155236876089924272252e2 0.171861430784946016791e2
0.230221723542558629940e2 -0.141140198695844152673e2
0.137948603246115659689e2 0.153961444197319532925e2
-0.262862909409232649175e1 -0.164386580864950049528e2
-0.698653403877538125297e1 0.513407678573234848131e1
-0.578552783909187266462e-1 -0.172195841631297142708e-1
0.376779448417747934317e-1 0.653543830483922517973e-1
-0.722502324904079846167e0 0.690929654738773422074e0
0.100000000000000000000e1 0.000000000000000000000e0
-0.657811406943411061665e0 -0.556833919208263494283e0
0.213060720126363701529e0 0.407895528905923282690e-1
-0.186889197314206309653e0 0.603967337215848842924e0
-0.196195457381690937804e0 0.764526540367802953354e0
-0.342919592646423984888e0 -0.269515749411405863302e0
-0.159268815266260434433e0 0.155958760965006858158e0
0.167955757222199193558e0 -0.381317397631806610474e-1
0.104965476871676376845e0 -0.257099701591588620332e-1
-0.209838972921090453113e0 -0.152102261740854938197e0
0.123076912413612478601e0 0.148372789674099561506e0
