
0.106935247207188934769860391964e2 -0.180008486759283302916709992437e2
0.330189976871910693175803442054e1 -0.538680909421580756494711329376e1
0.407234207772652835281533070852e1 -0.667985750167106979821376086212e1
-0.943130395968699277065822573205e0 0.167855017096661581200983383346e1
-0.345194020693370913121254612231e1 0.586639626784856195851882542341e1
-0.975039432475019419989945992267e1 0.163222985049617144798151012156e2
-0.205172616354734721432132974491e3 0.342370495583664037436646682935e3
-0.109290533370005054184905581541e3 0.181000988491302447444862604466e3
-0.146014966468253523374605706192e1 -0.481806285569920249775658358039e-2
0.629108192425026652262688279236e3 -0.102176901027929789189730579104e4
-0.121515025586580520953349799363e4 0.198052606258196547894296471967e4
-0.667047840136164809942731395503e3 0.115651581743348438976562607346e4
0.557474641781925023252590006212e4 -0.926169321832342614962306306378e4
-0.268523439148442233986433051294e4 0.446853276852705487070693043238e4
0.671972400188858376383114725352e3 -0.113268345110640018016391135375e4
-0.354686436562250411537819526515e-1 0.667819816232763379307073799598e-2
-0.225188506253997048292123365226e-1 -0.135063176072718519361288498827e-1
0.179187908483105353519790980557e0 0.316194331645748231192000119714e0
-0.277816681519759306761588247127e0 -0.291288988148383600632334226934e0
-0.104005986706125453484862086734e0 0.929456321037018814491536702374e-1
0.100000000000000000000000000000e1 0.000000000000000000000000000000e0
-0.482251429333765962511600182690e0 0.136605694281888341556467130403e-2
0.172259383291993724077529585440e0 0.231274036465114841584482975429e0
0.496815867490684522069087732011e0 0.192293154554328569577256190939e0
0.149344554173212973343640032338e0 0.611751931404253207426145047842e-1
0.185278896516065203683074045519e0 0.761977338758934646453128759483e-1
-0.461565346311858522598965477362e-1 -0.169084714359668620484319303589e-1
-0.162065154672248892700134722737e0 -0.633624410413085001840972104152e-1
-0.449370901003500993186682201675e0 -0.168217319402640326099590516460e0
