
-5.764989752555948e-02 -2.559285327351047e-01
-4.716761505223245e-03 9.565052883151981e-02
-6.004389871602278e-02 -1.079444636904853e-01
1.100051334029650e-02 -3.318347223381203e-02
1.057775178347081e-02 4.383240888774156e-02
-4.146380164790150e-02 -4.078139030801595e-02
-1.576391481734986e+00 7.264208476763189e-01
1.384722248667117e-01 -8.663125411123442e-01
6.637585391480001e-01 7.137868545540000e-01
7.701342317821689e+00 -3.977459571054520e+00
4.125517839059510e+00 -1.890382604553996e+00
-1.458577369686146e+01 3.935201883503476e+00
1.612266355845897e+01 -9.722725665668214e+00
5.056710677528701e+00 1.587168550222131e+00
3.475551213297792e+01 3.840145595131245e+00
-8.364049149041132e-03 -2.518264661638527e-02
7.196435769517337e-02 -9.260159204246125e-02
8.747468485414668e-01 4.587730872896191e-01
-5.695693979145037e-01 -3.692177749398005e-01
-3.251507756570218e-01 8.930456826808461e-02
1.000000000000000e+00 0.000000000000000e+00
5.707232327372658e-01 -7.445664981326559e-01
5.223926654153300e-01 6.919765792915331e-01
-7.468880440477529e-02 3.563957266347682e-02
3.318126330122967e-02 2.235076821325168e-02
-1.332941499614437e-02 1.887116560406870e-02
-5.202531014199228e-03 -1.879673277950407e-02
1.645313698977568e-02 5.253508886917389e-02
5.105988772896745e-02 3.006276644414399e-02
