
0.206937499668754250927929876978e-2 -0.120459391114669786339354638415e-1
0.278547806730154575353050819107e-1 -0.115135710184082075942111156617e-2
0.523159933869966593890506699006e-1 -0.237165575792332388779181663393e-2
-0.355484390546153997468438208745e0 0.110387475877360807368305628335e-1
-0.666710667726438790137839158634e0 0.206981520012292691878225877385e-1
-0.125041398102994551732801912312e1 0.388062505687994776761088738133e-1
-0.194601641524144666921045055869e1 0.000000000000000000000000000000e0
-0.712628449861591262532823238079e0 0.828303950482062395682314993547e-29
-0.594047647222557965983873076053e0 0.631088724176809444329382852226e-29
0.248474892848331171358712152044e-2 -0.730928932493843750951804748770e-29
0.266609377355334295218180002133e0 0.176704842769506644412227198623e-27
-0.142050014303175306836696230424e0 -0.938744477213004048439956992687e-28
0.286067373966779584438735471121e2 0.100974195868289511092701256356e-27
-0.152417274166218672375703640915e2 0.000000000000000000000000000000e0
0.812082312712740219031875786663e1 -0.100974195868289511092701256356e-27
0.142632060809728686348362981620e-1 -0.257395908161728393625134636846e-1
0.290967763521055244342764364221e-1 0.525135950992782253495848995066e-1
-0.276248259043254505049772025910e0 -0.593441380634525212687257428488e0
0.272749618665088526970047517199e0 0.706839090176769837746329210381e0
-0.937625665069017413772028069181e-2 -0.407866868439934483142138080648e0
-0.333790827135357854219628875180e0 0.154068029983997984611262904715e0
0.291349287707039897500687759449e0 0.124648798805573518197282885126e0
-0.286557722718874844285466782906e0 -0.368916537724587407871066961112e0
0.532245213041392739288411724056e0 -0.307773909564301692407731003343e-1
-0.407859769443937692214872284522e0 0.118381884334114370448683499980e-1
-0.761588141614511711820712955942e0 0.227976562018608973788610485029e-1
0.539101128668159860255456094961e0 0.395000363856026762895057110226e-2
0.100000000000000000000000000000e1 0.000000000000000000000000000000e0
0.165810393854302694258414575215e0 0.461126469500154768623786607481e-1
