
0.273143924009286348650e1 -0.223938905986072375439e1
-0.265372714362855808934e-1 -0.280245096355381034700e0
0.911795417489748707919e0 -0.237808065650820335920e0
-0.117114800412762717148e0 -0.120476014432294400351e1
-0.404252389693253788095e-1 0.416996250186251358165e0
0.290437004978659717418e0 0.129503613804327612365e1
0.431329323256738294450e1 -0.153515230163466502209e1
0.901532228958816838835e1 -0.634605992207851608801e1
0.710003274294416038075e0 0.122844878609750991902e0
-0.138455596394508620970e1 -0.538302723255582368268e1
-0.236776223298468843723e2 -0.752586768913591806079e0
0.145086130648353124253e2 0.920996994671424209968e1
0.421665597550333070172e2 -0.124526095183097743561e2
0.969174515529489435176e2 -0.562144533913018098342e2
-0.407820037910882208058e2 0.178356367508655980353e2
-0.381886859624132301394e-1 -0.404945762668913116991e-1
-0.178821954228084452418e-1 -0.100634004024082923282e0
0.287526332131815399334e0 -0.932666495071693871951e-1
0.422411897457144603265e-1 0.220294397076803659521e0
-0.324600001860524518924e0 -0.466226602472899887794e-1
0.204532533095912303663e0 -0.388527642774123127323e0
-0.287953203586720338979e0 -0.946513679801777879359e0
0.565365619683106581360e0 0.464691652427601555964e0
0.100000000000000000000e1 0.000000000000000000000e0
0.643771450535813414501e-1 -0.482943481155656137102e-1
0.289696243036724870222e0 0.172416537565747490592e0
0.528358790491824879094e0 -0.242348687455367401162e0
-0.208133131755679642237e0 0.444061047149576552478e-1
-0.298248708256158449664e0 0.412024305651157201621e0
