
0.798253619950420242272e1 0.206950608926750739044e1
0.899391479271548849404e1 0.192073921069382428620e1
0.503441052859267356530e1 0.952183900185891956723e0
-0.190567103428800086482e0 -0.219642081955501913414e1
-0.512838958896847976711e1 -0.128552318085483175661e1
-0.779196909607540233629e1 0.126914730287511743701e0
-0.202996073538732300746e0 0.704868747673185552265e-1
0.300168267946473503254e0 0.470704469365648648505e0
-0.715018334656130984838e-1 -0.606118698987354642590e-1
-0.833708486473325277935e1 -0.220276677602843605442e1
0.434821770989296492796e1 0.284282985381080087082e1
0.546912846797708486523e1 -0.852188027825517110361e0
0.362369894323689273352e1 -0.153332623422513626287e1
0.663585111326219435207e1 0.345575442845681398405e1
-0.106598877165564889953e0 -0.325324348996852750365e1
0.820213194699059027190e-1 -0.150493217465572972288e-1
0.704656431640619683503e-1 0.122183507059676265382e-1
-0.448351448996075460911e0 -0.489804601654603115058e-1
0.131982298267049536939e0 0.179319018001654820039e0
0.439964444551060248419e0 -0.193925444527537961235e0
-0.904648639876020181541e0 0.827427224046470953934e-1
0.100000000000000000000e1 0.000000000000000000000e0
-0.911722137916604909559e0 0.666721420669961678854e-1
-0.513412027768280725798e0 -0.151398100985954094260e0
-0.682418906386265817533e0 0.172574032074334700489e-1
-0.109669388980890916066e0 -0.111845749947085685894e0
0.833157685232456792271e0 -0.241977076400063061140e0
0.600328052654114933419e0 -0.915106803445840758524e-1
0.404446463550458618470e0 -0.781535640455001778235e-1
