
-1.083162676165538e-01 5.899219873658217e-01
3.800826217013951e-02 -1.533447566681511e-02
6.747096167060193e-02 1.959598056898015e-01
-2.275705181459791e-03 -1.632395432600431e-03
8.840222627836552e-03 -1.106406428613236e-02
5.355445949839888e-02 4.754373664792379e-02
-5.588130076631753e-01 1.075697962526000e+00
2.936964675990223e-01 1.614336856547967e+00
5.063811406696425e-01 -6.409548438336132e-01
-1.504343929484540e+00 -3.164023624671890e+00
-3.222862518314233e+00 -1.942501850987276e+00
-3.521814823077836e-01 9.458201612687668e+00
2.359240893700437e+01 -4.528597927628121e+00
6.501875795037345e+00 1.408943830921424e+01
1.161055583183176e+01 -2.191724765814310e+01
6.536606150361611e-02 -2.271188186043218e-02
8.560833233417019e-02 6.459992331020709e-03
-8.167278652196047e-02 -1.906879193006178e-01
-1.756343498819381e-01 5.850304883202978e-01
2.933301940028687e-01 -3.605282831675527e-01
-1.658776220850405e-01 -5.656222276185527e-01
1.000000000000000e+00 0.000000000000000e+00
-6.704905073558286e-01 2.307113943202126e-01
1.926872976905448e-01 -1.916553874159674e-01
2.993766787506289e-02 -1.614184713631295e-02
2.816518484825852e-02 -8.669265006305002e-02
2.923964296891287e-02 -3.823093458418380e-02
4.919564973710770e-02 5.105345488066327e-02
-4.249698699103226e-02 4.555845588951132e-02
