
3.941830393479224e-01 -2.137245750259925e-01
1.277847991455255e-01 -1.007090139139385e-02
-2.183761627357821e-01 -1.785054461800075e-01
-2.273679778718573e-01 -8.115883391157049e-02
1.747068113613193e-01 -1.242557714896003e-01
-1.668150614760649e-01 2.948834089375629e-01
-2.126611061189193e-03 -4.306557132147804e-01
-3.886113423178611e-02 5.008028898591969e-01
-2.216313267002507e-01 -1.080720021160740e+00
2.647925642904950e+00 5.085583964589665e+00
-4.007661522069744e+00 2.276056550407066e+00
8.477481114938207e+00 1.175283063440826e+00
4.211647842474180e-01 -4.568801104294628e+00
7.244263969022251e+00 -2.493791781811435e+00
6.982233759289935e+00 -6.275269576803498e+00
-2.600203279270879e-02 4.280122999108667e-02
-4.304920569282852e-02 3.352598515850565e-02
3.806419824972196e-01 8.088806610333797e-02
-5.569677641876216e-01 -3.212742909219767e-01
6.475793606936783e-02 2.981139728943107e-01
1.000000000000000e+00 0.000000000000000e+00
-5.521614872110685e-01 4.884126236033894e-01
2.737217977773614e-01 -3.449790932055904e-01
5.029990248913062e-03 1.309970442964819e-01
-9.566641710251267e-03 1.618612433973073e-02
5.811738434785560e-02 -2.271184623342786e-02
7.352030180388767e-02 1.039397020330391e-02
1.561250027935954e-02 5.794439398015791e-02
9.732808865571079e-03 -1.037328843500816e-01
