
0.153376389216813474852e2 0.239456435775717559966e1
0.175867742585133064164e2 0.269424261426934221679e1
0.936624021306089967528e1 0.142315881528033879699e1
-0.891218591119043342813e0 -0.314856305557271508072e0
-0.986746823050724842716e1 -0.153072685051048314241e1
-0.144464203305623041440e2 -0.207970805219990409192e1
0.107685109351214955539e1 0.297499791178566137627e0
0.372304901264048792209e1 0.813978469362309341813e0
-0.326475628096863194363e-1 -0.921012559087982932248e-3
-0.258914892258022352398e2 -0.409830343954935750073e1
0.210286791965802639399e2 0.396179259301365286044e1
0.291407067890138537537e1 -0.600194446875661832483e0
-0.101886494032527726312e2 -0.328297969729383728337e1
0.383722104355543369228e2 0.747182094802616238258e1
-0.243006682522657795446e2 -0.577315426924593601190e1
0.570464112606996496433e-1 -0.238344948337804600602e-1
0.937379279804301253598e-1 0.208914442542308889446e-1
-0.509604915876774132520e0 -0.488655662011002115457e-1
0.361439983345222752347e0 0.227898927227996630490e0
0.133776510874439977263e0 -0.296416578731639162209e0
-0.607207023436279659078e0 0.238557532538060418183e0
0.100000000000000000000e1 0.000000000000000000000e0
-0.837794112160620090197e0 0.951173853575954646606e-1
-0.370665081153492056781e0 -0.517523757051110351013e-1
-0.419887864475746104922e0 -0.594607291316236595031e-1
-0.142424711595282838791e0 -0.156744139997264303547e0
0.154637406087021443297e0 -0.198463134430395333118e0
0.349875975763100192169e0 -0.121035102976055466941e0
0.540251967502156399674e0 -0.215648369832137944314e0
