
0.200094580293873309525e0 -0.118857361327821448748e-1
0.245860282423619292644e0 -0.116469778712032282395e-1
-0.739123645710539491733e-1 -0.676825322443204131193e-2
-0.225554541194465636570e0 0.457283217264008680553e-2
-0.116964554409392798162e0 -0.174801713719081502815e-2
0.254599609005923270277e-1 0.731290396014205807520e-2
-0.112349029341465661612e1 -0.556468494479788174052e-1
0.360905177691321992406e0 0.165880880169192550346e-1
-0.731173312274753832418e0 -0.521613938287549090420e-1
-0.101805664538800014866e2 -0.563753895087033916195e0
0.918664345167766436227e1 0.482469361394827392147e0
0.298245104440819303764e1 -0.491306038694885633018e-2
0.116216284156586464396e2 0.676945067642988259141e0
-0.308973780526718542257e1 -0.705512393486849819922e0
-0.577795894852840089678e1 -0.101509780807037277564e1
-0.505375121944694865823e-1 -0.203460876472458334588e-1
0.618387431534317438914e-1 -0.913794743624679763197e-2
-0.870514178852377524479e0 0.117401304043679564524e-2
0.100000000000000000000e1 0.000000000000000000000e0
-0.620679664730667068591e0 -0.104849408159787695912e0
0.460672404034078497744e0 0.366683636411470370499e0
-0.407121567862044604000e-1 -0.234194466126493540384e0
-0.493650106804283754589e0 0.741883417586170702381e-1
0.313145395536651448753e0 -0.387741207143868879510e0
0.343569856744735605377e0 -0.417278530473603667282e0
-0.226849853006090818511e-1 -0.383100051200011915049e-1
-0.326584417209840119058e0 0.372310725898653408817e0
-0.141506695897456789542e0 0.153152424524372040679e0
0.559281012929045147407e0 -0.602207148665350491118e0
