
1.178851569543146e-01 1.049875656358728e-01
-2.641390541765339e-02 2.944834627116440e-01
9.887854018667701e-02 1.627996521894506e-01
-2.202716054721496e-01 8.259303649342825e-02
4.071910557544734e-02 8.223505870754700e-03
1.023864485178350e-01 -1.875806021293011e-01
2.918519899273103e-01 7.315871672891989e-01
1.861002709513611e-01 4.065672570300486e-01
7.319075279271137e-01 9.286915182367612e-01
-1.406313217864396e+01 -9.773986375034472e+00
6.123378654149918e+00 -1.877247625977240e+00
4.137138214322848e+00 1.034785477114325e+00
-1.357701231481360e-01 1.030197267629506e+01
1.218150622920466e+01 8.041724989996753e+00
3.439876862405374e+00 -5.452040886093384e+00
-5.291706069096086e-02 5.429180495794102e-02
4.315721997623669e-02 3.676675310930441e-02
4.823624274526170e-01 5.266318157400131e-01
4.687029114121360e-01 -6.101048693036559e-01
-8.600995311807444e-01 3.243379974261474e-01
-1.937080079935491e-01 -1.358953503000220e-01
2.501441816186715e-01 7.024866478970420e-01
1.000000000000000e+00 0.000000000000000e+00
-1.697483332658853e-02 4.314984278647914e-01
-5.461565504874626e-01 3.563596206597501e-01
-2.678676170567551e-01 6.799836566251083e-01
2.841381996237401e-01 -2.472353599064276e-01
-2.436676949276747e-01 -3.618087619827785e-01
-4.920431379812629e-03 6.578651834424123e-01
