
0.151013444913967984209e0 0.372161307334137429406e0
0.320716639627142005781e0 0.572280112781026421202e0
0.400075549770882832811e0 0.432482735711500853513e0
0.437036324172253947735e0 0.836885560458383110521e0
0.337358918535852888134e0 0.599825626566545775232e0
-0.211626396792809518704e-1 0.408464799920801109991e0
-0.139938091799640809275e1 0.128417189560913596658e0
-0.196672261355905568948e1 0.163198102471208748398e0
-0.198612680545207664993e1 0.317796626291157493404e0
0.404307319614144005555e2 -0.884024584155869152732e1
-0.442870786171655561186e2 0.983671476878666250533e1
0.225938161730274869616e2 -0.323283258392707799084e1
0.485106951261019446325e2 -0.109429690801139508829e2
-0.247550270037751764494e2 0.362548745456991451750e1
0.125572427379089754194e2 -0.867531593963597769028e0
-0.221047784513801357046e-1 -0.230525678331592755343e-2
-0.291607701135464674736e-1 -0.440522274871387802369e-2
0.510912466478776312764e0 0.324791112224004751617e-1
-0.614820468752468603018e0 -0.131803492284599692351e-1
0.278224425125251966507e-1 -0.895592636908104832828e-2
0.100000000000000000000e1 0.000000000000000000000e0
-0.390884140611539486764e0 -0.379895412532896575337e-1
0.351782081533727086558e0 0.532799639919854287617e-1
-0.299851346587097902738e-1 0.423431815883915441527e-1
-0.535690839749911978287e-1 0.511622468886805677763e-1
-0.459800845215547252824e-1 0.362781972054487992969e-1
-0.844232255720507577100e-1 0.596148294980287816192e-1
-0.640524535803943566306e-1 0.413789243681840958068e-1
-0.459142245288310308649e-1 0.236242390358174429062e-1
