
-8.278527727569988e-02 -1.813129517950405e-01
7.856175509771864e-02 8.182353163584376e-02
-2.942973409460714e-02 2.398119640994755e-02
-5.758497099613971e-02 -2.917788665277947e-02
1.129845140931972e-02 -1.841529951326405e-02
5.835599851761917e-03 4.269486607333031e-03
-6.070308641009928e-01 7.753375179309748e-01
-9.952805696241453e-02 -4.006828973253101e-01
-8.429517583800300e-02 5.807775615259567e-01
-6.164602002064531e-01 -1.589068623854916e+00
1.276987545975110e+00 -3.734271637602962e+00
2.540830652278812e+00 3.920271951840182e+00
5.934840665936942e+00 -6.310199976940207e+00
2.956881581504194e+00 4.702289421800624e+00
9.999110919964078e+00 2.240147334022567e+00
7.839170053020873e-02 -5.331058955933693e-03
-7.573372845602014e-02 1.436188102641214e-02
1.477931628529107e-01 -8.309259710279346e-01
-7.511167550627221e-01 5.326414973993598e-01
1.000000000000000e+00 0.000000000000000e+00
-8.257317879714505e-01 9.188659904762803e-02
-5.184648480266844e-02 -1.315760473873819e-01
-3.085461929053509e-01 -7.486284604169082e-01
-1.948320287531476e-01 -4.540975437558022e-02
8.100413713663704e-02 -1.997304872348964e-02
1.534137202510239e-02 -4.569347356213087e-02
7.776536715594154e-02 6.008154802763426e-02
-7.385863182578264e-03 1.684922553629394e-01
6.369968693732864e-02 2.411580646978550e-01
