
-0.559100737974363930498e0 0.962123032423932314321e0
-0.447598316275845980447e0 -0.643387396740906448360e-1
0.333989008746084299601e0 0.147062960956954499086e0
-0.282238193176005646231e0 0.147650214499908747240e0
-0.599098373530177574602e0 0.390967121000908087380e0
0.199524950538480314052e0 -0.468917574762326456062e0
-0.958145857812197079915e1 -0.703132055764445070174e1
0.114268788368957098338e1 -0.537953340622012450914e1
-0.147505256027702322979e0 -0.186645402108078812924e1
-0.265634452218751790711e2 -0.881058544110500722751e2
0.136540480177180394622e3 0.804813694296723469365e1
-0.110359818292969358952e3 0.147138699822117207053e2
-0.693326244885533222381e2 0.194400009584435517901e3
-0.224317996093867192183e2 -0.143985293924047667496e3
0.958960697104285012954e2 -0.106294155173385445612e3
-0.828633050750607451966e-2 0.304001552286827077826e-1
-0.187843458000916756953e-1 0.327467502408954846916e-1
0.404817788646008324896e0 0.627255485863711611291e-1
-0.645774882155541803987e0 -0.197676064028382397064e0
0.142573658356216335119e0 0.170886003099316948826e0
0.100000000000000000000e1 0.000000000000000000000e0
-0.269342300753088824281e0 0.419546065108619745256e0
0.119022750050486300275e0 -0.243066153785195638494e0
-0.275952390015373010522e0 -0.117836584179287419432e0
-0.650844402802700251599e-2 -0.134659140924157189813e0
-0.366816218424951703742e-1 0.817971381865704100705e-1
-0.342422061734024857173e-1 -0.106948324304847600979e0
-0.957519240290802306804e-1 -0.177096277323303032876e0
0.135938723948634862838e0 0.224166723422675537461e-1
