
-0.169783896827123486847e1 -0.759506475163048485320e0
-0.130420239641528889303e1 -0.653502676363484588846e0
-0.513481987606897339314e0 -0.362472523079976872702e0
-0.999418145887976875415e0 -0.556904970157160812770e0
-0.389866607357565591826e0 -0.301673588152328338264e0
-0.146642033545468208430e0 -0.153648640462499214962e0
-0.400274291461366612773e0 0.755730133791332093921e0
0.933280899754169942747e0 0.110457366541287078411e1
-0.321088603404110545583e1 0.465515510274479808869e0
-0.321917379664446889828e2 -0.258183450302426386932e2
0.322456221148984307524e2 0.325838584888720148927e2
0.228965257265299562510e2 -0.697723093347175207964e1
-0.390397120566901745138e2 -0.466261383977290293570e2
-0.644651860045746095355e1 0.172279853084343054694e2
-0.536921108623331073025e2 -0.844799380609159542097e1
-0.220273333704782637401e-1 -0.744834509495955656078e-2
-0.933337166335729798561e-2 0.655434579786831096731e-2
-0.108687007470792777398e0 -0.373129320996560184283e0
-0.192347611580654277808e0 0.304517540399950662698e0
0.167373619680576891327e-1 -0.628268892002750259745e-1
0.100000000000000000000e1 0.000000000000000000000e0
-0.384828432775056299261e0 -0.745186318990628711458e-1
-0.224900689796896363076e0 -0.274011440995153873258e0
0.928488345691769463076e0 -0.180586319836751017936e0
0.713573588520907947663e0 -0.114823219988938487072e0
0.321645165753037293865e0 0.167536381432021509339e-1
0.556241859977614993519e0 -0.641423569768947856402e-1
0.263404242999768555184e0 -0.436896267431820296438e-2
0.134993835137149713531e-1 0.371433190869268590508e-1
