
7.264899773752838e-01 -4.079939034167002e-01
9.872668057378866e-01 3.539389442881280e-02
3.231234017001403e-01 -1.925416293556229e-01
2.161841915846027e-01 8.903036426376852e-01
2.545400685583468e-01 -4.208271954716746e-01
2.607219703627203e-01 -7.831002174523761e-01
-5.823205018495016e-01 8.033974892355675e-01
-2.514607078289845e+00 2.831951893209901e-01
5.005511143169081e-01 -3.360669444024743e-01
-1.268953002200784e+01 6.384739584536222e+00
1.285237426497816e+00 -1.131061444101281e+01
9.516457035295796e+00 9.710589070806282e+00
3.531734378964155e+00 9.353610230095053e-01
-1.520965422793623e+01 5.397744481833747e+00
9.157795643043682e+00 -7.320100607545726e+00
5.763500629008551e-02 -3.593005024663876e-02
9.065774663441649e-02 1.878169822037994e-02
-2.974013299938790e-02 1.150724371821555e-02
-1.532114280618447e-01 4.379362830636066e-01
1.996832706719613e-01 -4.885029302485288e-01
-7.236462541634557e-02 -8.725445403626893e-02
1.000000000000000e+00 0.000000000000000e+00
-5.822306957523049e-01 3.769372095897593e-01
-1.031139186967075e-01 6.393583556447811e-02
-7.494313026816202e-02 3.248923840589238e-03
-1.303918054241858e-02 5.183904367352627e-02
-6.606176248582159e-03 -3.794690179794147e-02
-7.167866638763152e-03 3.916993236856245e-02
2.582867370945351e-02 9.466355306390160e-02
