
5.617226942908506e-02 8.734385233477616e-03
1.237063539619993e-01 -2.000442625987841e-02
1.095033393864229e-01 -2.383095018702128e-02
2.456700404178172e-01 -1.263101191543123e-01
2.132875740378164e-01 -1.246438384166070e-01
1.844507952900679e-01 -1.215938331238087e-01
-1.501526887921429e+00 -7.841699460010094e-01
-2.070085909471309e+00 -1.621970290141571e-01
7.923657276889169e-02 7.078280267442887e-01
-6.250315327517992e-01 -1.140346234424915e+01
-3.614261795125772e+00 1.735972666320003e+01
3.294488418390066e+00 -1.365512064214903e+01
2.077867266682055e+01 -5.675052067296718e+00
-1.866060196024643e+01 -2.470804459903954e+00
1.663261289258613e+01 9.743943292642310e+00
7.484318511810807e-02 -1.761878769458381e-02
-7.068473358959060e-02 -1.007626589997977e-02
3.050912073248985e-02 -8.055350769991659e-01
-7.322378937907514e-01 4.881433723873212e-01
1.000000000000000e+00 0.000000000000000e+00
-5.920135928007156e-01 2.185392167410725e-01
-9.918185902017902e-02 -4.009300373505822e-01
-4.631715438991951e-01 -6.429555705648217e-01
-1.707403153708697e-03 -1.659827088013473e-02
-1.738596897637983e-04 -1.261296209321025e-02
4.292937673760467e-03 -6.074930855384894e-03
1.029626238995465e-02 -7.431779288724022e-03
6.124131486171283e-03 -2.951039924052253e-03
9.332475587299362e-03 7.221774586206400e-03
