
9.640616743296440e-01 1.295897982896945e+00
9.626406724775833e-01 1.364841558194457e+00
1.300009123978634e-01 5.427650310596122e-01
-8.627623838014309e-01 -1.371176672640608e+00
-2.231719823805953e-01 -2.482206425238860e-01
6.722302404290711e-01 1.090242970830666e+00
-7.735069167708144e-01 8.852020084089451e-02
5.745683204181997e-01 1.558996836871904e-01
-1.616642043240825e-01 1.293689080560794e-01
-9.566327914577238e+00 -4.417745792184406e-01
9.139584813384809e+00 4.730207935325020e-01
2.196787528636170e-02 -9.113369768750610e-01
8.451333372385269e+00 -3.404931514558409e-01
4.431822907818560e+00 2.396617207010916e+00
1.114994542191967e+00 7.822677306742808e-01
8.077755468081817e-02 1.150610848135884e-02
-7.670037586740910e-02 3.069169858733539e-02
3.301271985537905e-01 -3.616405194787452e-01
-8.642951748492540e-01 2.762873034307657e-01
1.000000000000000e+00 0.000000000000000e+00
-8.621652173304297e-01 -1.541334639860226e-01
3.108700611944876e-03 2.377422962487019e-01
-1.510797986575885e-01 -4.000194943367619e-01
-3.687859039565211e-01 6.593855712010284e-01
-3.750637890492449e-01 7.135098833248853e-01
-9.561601411861058e-02 2.638838407731686e-01
4.455087732484828e-01 -5.656313513347297e-01
-2.449194176821881e-02 -3.837502749461625e-01
-4.335330164892600e-01 1.098078538769103e-01
