
-0.855821881326427638559e-2 0.201244413175839653374e-1
0.163623601054290983357e0 -0.839042413790247754710e-1
0.274378378528310135710e0 -0.593182298609282837690e-1
-0.150854874381022740267e1 -0.339004236337212922761e0
-0.209152846194520618522e1 -0.109409094597200478953e1
-0.265403457446214181186e1 -0.243738610228720758077e1
-0.306536155678416672062e1 -0.956684343078246047305e0
-0.118161726370467959867e1 0.195863754015527512015e1
-0.510314161260073623628e0 0.126516148421085077261e0
-0.629746334145422291019e0 -0.198346880268315527273e2
0.294205077255204658338e1 0.264486602076292628832e2
-0.762148254655569033344e1 -0.170929782218164692392e2
0.442024233722512958113e2 0.317521366151287523505e1
-0.266959756567886852645e2 0.646122041079329902493e1
0.143732365989168671370e2 -0.888344834735293511184e1
-0.284204384945817342018e-1 -0.492931088734799046272e-1
0.837281140661760078786e-1 -0.100133880427856462631e-1
-0.858736641550930587536e0 0.168284698975420209452e0
0.100000000000000000000e1 0.000000000000000000000e0
-0.544727259241259663240e0 -0.351369612314002882397e0
0.150176110234537262927e0 0.776134995117451671331e0
0.296680266521880485703e0 -0.409582540706857582712e0
-0.595961902799900827832e0 0.365856710320253908256e0
-0.164134278338025329505e-1 -0.229621607680468910629e-1
0.446582844470279562091e-1 0.374297916313444480479e-1
0.430455775026068352520e-1 0.956229382553480789818e-1
0.118189760463603827361e0 -0.318339574912526366039e0
0.272387539664613442000e0 -0.427722466672371853834e0
0.604007609081011576731e0 -0.427259357326538020136e0
