
0.605384321569828829066e-1 0.226954462204580106754e-2
0.882188579585425437980e-1 0.249165499371204253244e-1
0.792117865276151296252e-2 -0.115115848959844383799e0
0.615536480615233020760e-1 -0.199203334049745916856e0
0.295858544296058039249e0 -0.246235111025113024891e0
-0.122092080218506184993e0 0.196933789427700115763e0
0.101656232683636826852e1 -0.303401174203345281688e1
0.728566083019553473123e-1 0.117939202829767093503e1
-0.155001226075167954652e1 -0.217985157824866860785e1
0.800262360163223228221e2 -0.207985064948423126526e2
-0.308191576203043991946e2 0.317652490449863307911e2
0.745139905191198530579e1 -0.125141635311961156940e2
-0.683449984596032316109e2 0.172547482946741651093e2
0.363186367375682607576e2 -0.262561544250016290492e2
0.713975112144630771199e2 -0.295461407778643339959e2
-0.926445294444166606442e-3 0.109076797323166391626e-1
-0.124759100587565497469e-1 0.945088475196797827396e-2
0.318774115675865486248e0 0.171804704104939437125e0
-0.428218413601122680173e0 -0.105551627644575228505e0
0.104254690095402646265e0 0.260710587476856911657e-1
0.495494926362259125829e0 -0.136567833059090295707e0
-0.114729166901337842836e0 0.193566887622468402941e0
0.138294244846991751648e0 0.969580284696239627672e-1
0.520941859967253595678e-1 0.126714232144922291055e0
0.211025105594674587221e-1 0.168721221776276615796e0
0.238399152123118573683e0 -0.204450789494475508297e0
0.523697970487422900983e0 -0.318837819442822504944e0
0.100000000000000000000e1 0.000000000000000000000e0
-0.381746708093066166722e0 0.664695458114978863270e-1
