
5.230096208218172e-01 -2.740490365116842e-02
8.865798040130863e-01 -3.449268931047389e-02
5.132327465145818e-01 -1.704075746460311e-02
1.323280465548583e-01 5.248429306997511e-03
-3.903336111885993e-01 1.870852959990191e-02
-6.553376673766754e-01 2.215647434417089e-02
-7.743617504719320e-01 -1.352733819538487e-04
-1.370279934675238e+00 -5.762164712396767e-03
-1.551410994912392e-01 -5.528538609874747e-03
1.633182072387356e+00 1.255940936579784e-01
-5.474703758022843e+00 -1.259485153863407e-01
7.792454049193585e+00 6.758288919322375e-02
1.090649360679780e+01 4.939022839906793e-02
-8.746474990556813e+00 -5.810969584635384e-02
1.131512977442863e+01 1.777449493406547e-02
-3.271276902578647e-02 -7.912146726681749e-02
1.167434182559806e-01 -4.395267537612905e-02
-6.292153605296651e-01 3.199620517548339e-01
1.000000000000000e+00 0.000000000000000e+00
-7.517934858604679e-01 -5.063338769632196e-01
2.318866485731333e-01 9.340047944290134e-01
5.820043063477403e-01 -8.115996432073309e-01
-3.823285876637403e-01 7.475319239937315e-01
4.142655646757047e-01 3.568193412485721e-01
-5.311272733351293e-01 5.454413372168776e-01
-4.823989360028021e-01 3.097892594337034e-01
1.265874214788839e-01 -1.627137536025769e-01
5.758783380447742e-01 -4.919788889681034e-01
2.426802956544031e-01 -5.855934453642831e-01
