
2.539388101360635e-01 1.453625489231661e-01
-6.524407668482064e-02 -2.545057302016059e-02
1.408247143601363e-01 9.865741092534072e-02
1.634322879110976e-02 3.722569544935932e-03
-3.681862246985679e-02 -1.838565970772622e-02
7.713017732796985e-02 6.527148899363927e-02
-6.964195422224108e-01 7.877778412188411e-01
1.467484301984166e+00 6.537376703418767e-01
1.512375781349022e+00 -3.523869357802376e-01
8.283051727132356e+00 -5.927584492513271e+00
-4.618502274989046e+00 -4.135754210209166e+00
-1.534470855072171e+01 1.013806752857755e+01
3.324519067628147e+01 3.880875591364901e+00
2.199736104171354e+01 4.620612077999596e+00
3.358273636294710e+01 -1.985287653334889e+01
5.024597926514660e-02 1.421437532283548e-03
7.558858411700106e-02 3.023227742662644e-02
4.481954199980689e-01 1.824032695194260e-01
-8.654145236559749e-01 -2.740934733477696e-03
3.403323356065042e-01 -1.435211079018612e-01
1.000000000000000e+00 0.000000000000000e+00
7.695062432869919e-01 2.930188208190280e-01
-4.302395091055529e-01 1.443275558706660e-01
-2.313894186975170e-02 -1.385957255443899e-02
1.001794276578946e-02 -1.830937890118516e-02
-1.499086612950051e-02 3.945948771656532e-03
-1.289999205152840e-02 1.935354059570230e-02
1.925589702231508e-02 -3.302411306307737e-02
-1.986123249394781e-03 1.794116482106289e-02
