
2.390313525574670e-01 -4.778069852642008e-04
-6.017867189610990e-02 1.028521277873160e-04
1.460889543468806e-01 -3.608543281796682e-04
1.515061605204049e-02 -2.150319892408855e-05
-3.677944486244021e-02 8.018955732844082e-05
8.928526578583969e-02 -2.626121578000601e-04
-3.958049533605766e-01 -2.865268007899338e-03
1.470792507105613e+00 -2.257212282543219e-03
1.766552785772026e+00 1.750161846201803e-03
6.985010205706682e+00 2.445043265866742e-02
-6.402431486876045e+00 1.421098709245117e-02
-1.406623450596635e+01 -4.154381773348081e-02
3.406249802709317e+01 -1.215498045188390e-02
2.450708398624459e+01 -1.264559400884124e-02
3.311040223607558e+01 8.129129995511519e-02
-1.649710776069882e-02 -7.333229611213958e-04
1.668555456722419e-02 -1.033933176594825e-02
4.723948956088173e-01 -1.449952172425866e-01
-1.111013909299173e-01 1.068137338393366e-01
-2.819746594598762e-01 3.024913226059137e-02
1.466154979896392e-01 -1.341669445846865e-01
1.458112088803362e-01 -9.754591941387254e-02
5.366894233804027e-01 -7.755811531416515e-02
-1.337257335040828e-01 5.049758299062325e-03
3.530238007379276e-01 1.175714661928895e-03
-2.215291167053826e-01 1.345686589007689e-04
-6.532227678393271e-01 3.549981221787624e-04
1.000000000000000e+00 0.000000000000000e+00
-3.342742397743375e-01 -3.685894625132441e-03
