
1.562133845067354e-01 -7.407042725419474e-02
2.247062685914489e-01 -9.973855799790850e-02
1.690428127011175e-01 -7.083352085130708e-02
3.229880701959069e-01 -1.337906742970788e-01
2.428291983220288e-01 -9.468049180041810e-02
1.824718967296501e-01 -6.678060191031909e-02
-1.424738050625671e+00 4.754881749285034e-02
-2.095457490407913e+00 2.320045029293305e-02
4.853617517695835e-02 7.305214251605914e-01
2.284068500119715e+00 -1.508244125500608e+01
-3.681604193850883e+00 1.570491182756151e+01
2.997682804423962e+00 -6.853840503756238e+00
1.498485857672506e+01 -1.348709657431096e+01
-1.692835613880168e+01 3.549945891715128e+00
2.007457024916575e+01 1.352017451335124e+00
7.380584670159833e-02 -1.737646776452673e-02
-7.425314694653097e-02 -8.719585408585894e-03
7.389936916782752e-02 -8.624140338885825e-01
-7.613573099860292e-01 5.307143174497134e-01
1.000000000000000e+00 0.000000000000000e+00
-5.895645336619757e-01 2.003549854274549e-01
-1.222951017664147e-01 -3.996949948023390e-01
-4.130619374125940e-01 -6.918391911659976e-01
4.223282021878827e-02 -1.217835959444638e-02
4.980241063521879e-02 -7.671057552771718e-03
2.400948685499187e-02 1.160881500200530e-02
5.478957894476008e-02 2.382676845685706e-04
1.941940735010627e-02 2.346616166562524e-02
1.375427325448855e-02 7.382885291057556e-02
