
0.219786351697275400815e0 0.654678181777055382697e-1
0.247627823099737581598e0 -0.311658883469569433981e-1
-0.391924452303348983505e0 0.213674962058245800404e0
-0.535123591709774900325e0 0.447009362938617182178e0
-0.489363748416048206780e0 0.915521922982465126547e0
0.315337240012499499470e0 -0.512477181116322720502e0
-0.469160427557251886923e1 0.542103773645579010846e1
0.275683538331072158865e1 -0.791950763538203955866e0
-0.210333986783736154682e1 0.116152003204325132192e1
-0.704901000270502130982e2 0.145588979074182673423e3
0.767575887770801137261e2 -0.722548952073667594548e2
-0.238762109038341895535e2 0.509625818274024273242e1
0.242700755313983677665e2 -0.142563199886566276467e3
-0.261456809129193755107e2 0.876983589250746704141e2
-0.530909990253752334874e2 0.148236576344754503620e3
-0.175042833845337023903e-1 -0.482633221335055080483e-2
-0.239287674831624082852e-1 -0.153435298073527166742e-1
0.590242264590923214861e0 0.185115486836020736621e0
-0.683024371679260923159e0 -0.116480359049040891603e0
0.437280727000832159930e-1 -0.582248147363362241622e-2
0.100000000000000000000e1 0.000000000000000000000e0
-0.307982250422055957691e0 -0.995601573504890709779e-1
0.379103771089543030063e0 0.221179682312854069512e0
-0.645355649481050582227e-1 0.321871234587809927721e-1
-0.463519017780508803181e-1 0.586125112851590656742e-1
0.507112550729131302489e-1 -0.145525582213594437323e0
0.241011816578934140332e-1 -0.241257726447646381573e0
-0.919414076065655679060e-1 -0.355702316445708732447e0
0.146759209611438328305e-2 0.208547298173335038187e0
