
-0.637435866910641849210e0 -0.485427696138485342326e0
-0.149592013280586797147e0 0.236703727449764929694e1
0.104323271493180457588e1 -0.584827692815561071100e-1
0.231497052022963701462e1 -0.133954208807101764038e1
-0.164419368471670847276e1 -0.803795483255336178801e0
-0.299505422395106614300e0 0.568916067640096368178e0
0.437470810648595237363e-1 -0.287765106893050876143e0
-0.691739577847025287436e0 -0.450620861192817228269e0
0.368179724621873995894e0 0.557846307172723369482e0
-0.908891105474156305987e1 -0.696132568940438190225e1
-0.118636264497887470248e1 0.506044070131197124690e1
0.925229842987098173232e1 -0.454658065526877045977e1
0.605249941858856596068e1 0.299236672057910822482e1
0.191397702831001959847e1 -0.382190323957700534745e1
0.303641163615299709963e1 0.396895896882527367570e1
0.661192810539349356907e-1 -0.102119275208712629629e-1
-0.839920593308268431163e-1 -0.428694617534825586229e-2
-0.297874603049198332614e0 -0.698295238015668990814e0
-0.499737931387400061384e0 0.466160659917379219713e0
0.100000000000000000000e1 0.000000000000000000000e0
-0.628827658113225048211e0 0.158604657345590482410e-1
-0.320630137299279986760e0 -0.257015775897623167338e0
-0.665007513245359747087e0 -0.548388753177953338161e0
0.261892793620914898355e-1 -0.189451464189494272504e0
-0.496140830770332995678e0 0.140152375334595788079e-1
0.290644502570053579898e-1 0.199006426826795702585e0
0.609330963790510781212e0 0.229660443584709820304e0
0.635391517139300723399e-1 -0.391819057511330562713e0
-0.172118090284702201002e0 0.207244493184836352527e0
