
0.786856139474007246562e2 0.204851436770621515328e1
0.661766097201734596681e2 0.172085038242468492398e1
0.233922692034912549988e2 0.607827908929542122182e0
0.467547691322070907496e2 0.121722657089982545971e1
0.112770271225016785891e2 0.295141058174363302407e0
0.104891279304649591734e2 0.271143859193147418506e0
-0.143738475092693255143e1 -0.171867847993071982549e-5
-0.465050160761239834051e0 -0.166097712970096733253e-6
-0.454523854303586293110e1 0.212345076955160194654e-6
0.921149650139295190013e1 -0.388842966681595368639e-4
-0.255392619457973180583e2 0.262967448010336529718e-5
0.412653184790064402887e2 0.167253970058574286117e-5
0.446994507982398671803e2 0.830197280591912084580e-4
-0.354535492192405238404e2 -0.326405647987013103339e-4
-0.539109472996328190839e2 -0.441354313910416462541e-4
-0.116748617495622416623e-1 0.862266866944231742968e-7
-0.142042346165608322763e-1 -0.122492007953843386517e-6
0.432178432785715421419e0 0.883220331612142521126e-5
-0.612241017959853637978e0 -0.624101789608908050395e-5
0.822137375222103747787e-1 0.374151159492658205545e-6
0.100000000000000000000e1 0.000000000000000000000e0
-0.241922670198014467185e0 0.160211305705131973028e-5
0.175032524511322522056e0 0.733519535195568467755e-5
0.821432145369726869459e0 0.360698341628616675003e0
0.279688676895983840125e0 0.292349751543505964992e0
0.100885232455148101898e0 0.103279109740014032511e0
0.173743873756730480627e-1 0.202129638574777157278e0
-0.805520718480164891142e-1 0.468372537987723490900e-1
-0.488303145804908972312e0 0.322305847324175602102e-1
