
-0.651838548895428194531e-1 -0.158414355023327433147e0
0.869122555799622245674e-1 -0.118113535839559592765e0
0.234506207762927892295e-1 0.348941552183008814694e0
-0.138049062042426561015e0 0.463302779708827516483e0
-0.349353084614774341796e0 0.609638126897117498481e0
0.203232916931969380468e0 -0.304888424685500083349e0
-0.284068334797372877608e1 0.343389829798770673374e1
-0.920140257106806545525e0 -0.203210798070238462371e1
-0.244426447158937016290e1 -0.614641640302323006694e0
-0.292420440281196753075e2 0.108167142806861845010e3
-0.574465667253596592307e1 -0.800287464543343960433e2
0.230644192502893917145e2 0.275990432340634703860e2
0.884414059075608080876e2 -0.523188401802497607268e2
-0.502938351258251831327e2 0.322301989415394941167e2
-0.585453467865749491578e2 0.756551231275724854058e2
-0.194413611782352859025e-1 0.555359349111865187121e-2
-0.225065094108875164911e-1 0.176641502843807267712e-2
0.403558606594093347730e0 0.948177705622912138858e-1
-0.554408617119142476586e0 -0.988505041677018595820e-1
0.398408951455027530892e-1 0.397870106117684117372e-1
0.100000000000000000000e1 0.000000000000000000000e0
-0.351700372348144937802e0 0.635139476414456168721e-1
0.225532120828926875317e0 0.335819235394841695404e-1
-0.142571767110831518129e-1 0.164159025810810735286e-1
-0.156629736345663376548e-1 -0.134845924574096286680e-2
0.422434044883027249380e-1 -0.176261305204886516211e-1
0.582965358946645737014e-1 -0.448153192043028861464e-2
0.846848040056865658881e-1 0.164608326851073446413e-1
-0.527827765442045405414e-1 -0.210453963966893575917e-1
