
-0.494713200530478117392e-1 -0.125915927896065002398e-1
0.280980731481494640027e-1 -0.128898515499976876260e-1
0.458553891074787404534e-1 0.121132946539002725020e-1
-0.107405705989088664208e-1 0.128716090430337805153e-1
-0.378278463701946144610e-1 0.301222846845341036864e-1
0.602118906519566781524e-1 -0.280016253427280273808e-3
-0.898564777401247575335e0 0.751087992028349692468e0
-0.497224881386460140672e0 0.208499356841264050081e0
-0.540610329413421978727e1 -0.163569534041358171641e1
0.270675002649436285858e2 0.225495715313461946461e2
-0.388368309824256908377e2 -0.432891924067341682825e1
0.506934673537509193492e2 0.101045573231654064513e2
0.350661321082556051154e2 -0.440903440081046512009e2
-0.322649857663766196775e2 0.877619630817283806565e1
-0.524698669180845404907e2 0.351714519368345053356e1
-0.867230822038040062145e-2 0.640815155784335455841e-2
-0.124583256878089785313e-1 -0.204185810398619526641e-2
0.385444191126002733957e0 0.466023461554013156187e0
-0.607538676663880934745e0 -0.330160282839429581095e0
0.112390289863569925161e0 0.197822647630266428892e-1
0.100000000000000000000e1 0.000000000000000000000e0
-0.225409704025110113981e0 0.128557666058173473435e0
0.102853742532459998315e0 0.367868837389755663059e0
0.460042964755336866836e0 0.515734745245676025978e0
-0.422396746778782251607e-1 0.147904174662366188337e0
-0.129205573007328818752e0 -0.344018572753711607899e0
-0.901746282935290539739e-1 0.108899616700102181929e0
0.948069943882453567595e-1 0.949964509985701638069e-1
-0.617944102025729328110e0 -0.408747049872604178902e0
