
0.108196989684031940701e-2 -0.174859557160647854218e-1
-0.248003016834952493140e-1 0.209575275449497712218e-1
-0.167338077612527763376e0 0.261232990343968680757e0
-0.207467264763688024010e0 0.350666983209426077475e0
-0.598935407593934350003e0 0.835550692222270235596e0
0.206385294866847704599e0 -0.333181027493361292080e0
0.308095423091669089167e1 -0.329907157344462583491e0
-0.161962636525286980118e1 0.202445092559764686091e0
-0.763195286944380877139e1 -0.197344366094512395327e1
0.339745993312953782572e3 0.545589637215370372031e2
-0.165193115675032338188e3 -0.192068675044503249759e2
0.341893415893524523289e2 0.382032238379492077203e0
-0.192706791616185179911e3 -0.296982185291823564399e2
0.820230055473676404054e2 0.690253866098915941016e1
0.240501130736530673596e3 0.332521471489374872768e2
-0.665301341838433059462e-2 0.188084125436764498140e-2
-0.872138241487427608209e-2 0.173563609506757206433e-2
0.449423755068161002741e0 0.399197777553712539075e-1
-0.648496600732969409315e0 -0.336117566385138059133e-1
0.109253952038662054016e0 0.738368347214319158743e-2
0.100000000000000000000e1 0.000000000000000000000e0
-0.170335593646512079385e0 0.325163620452936610023e-1
0.141183734047402023598e0 0.181824862280149627825e-1
-0.851601176156474816862e-3 0.220714155480119461619e-3
0.255375595012398134193e-3 0.250252013298644155042e-2
0.883236642340175404673e-2 0.111050132787692737131e-1
0.123927593777777364486e-1 0.132908755792347889163e-1
0.286947163165442724369e-1 0.362509525889863149941e-1
-0.121946221508718776659e-1 -0.137751783980216708421e-1
