
-2.216227462763445e-01 -3.907741803856878e-02
2.443941854711906e-02 8.942217223513518e-02
-1.701197713006329e-02 -1.085183137141340e-01
2.900645679008647e-02 -2.483657169483192e-02
-3.742593781943199e-02 2.543006776253896e-02
4.741869339372118e-02 -2.502099779898272e-02
-4.688992184108673e-01 7.126130626174659e-01
2.923451800204947e-01 -2.312307175044260e-01
-1.807376492559495e-01 1.255621937260038e+00
8.375460542366387e-01 -2.885726239851354e-01
2.714821986664836e+00 -4.558134320903285e+00
1.852983944744835e+00 -2.262549836051972e+00
4.639264218293309e-01 7.745978868775749e-01
7.493702628915709e+00 8.894325971654217e+00
1.027372373955162e+01 1.185111083682589e+01
-2.942204545174659e-02 3.301414846158003e-02
2.729576089577879e-02 5.971878993627602e-02
-6.772373125627337e-01 2.255340963402734e-01
1.000000000000000e+00 0.000000000000000e+00
-4.655358284944192e-01 -4.154919704681398e-02
-5.655908023764947e-01 -5.005136931112105e-01
1.504024453750680e-02 7.774896221445796e-01
-1.592273351117377e-01 4.221638960356205e-02
1.622657565397062e-03 -1.318718701322923e-01
-4.412793569823809e-02 -2.586420016588029e-02
5.526463775620639e-02 -6.528773173728880e-03
-9.106267712297000e-03 7.887791539975332e-02
3.645183172506162e-03 -3.377785966227080e-02
-9.045913696886866e-02 1.324696574933004e-03
