
-0.271416073010816918221e3 0.158158747348691303247e3
-0.225638413434839122843e3 0.799902360560489155000e2
-0.703381995435920545218e2 -0.432266338212855367601e2
-0.180288814691397633702e3 0.279404485196286372084e2
-0.465476845918759625335e2 -0.423303721400811159108e2
0.127775173112683416640e1 -0.216600273970760669358e2
-0.347736910939504460837e1 -0.730915530264447598668e0
-0.311587762046941576881e1 -0.150792576479110621165e1
-0.533555428620064587123e1 -0.301955667044076389496e1
0.732125365040265762354e2 0.123553668576099206972e3
-0.123585352698119270931e3 -0.169896509890267478599e3
0.624810134869629933349e2 0.539317905617046033130e2
0.207508741078030289409e3 0.220950234766355408739e3
-0.845511438030223504425e2 -0.431456444190970985868e2
-0.418486880457358654574e2 0.355293957302551550092e0
0.800224675903059749339e-2 0.543380616143577193202e-2
-0.188848753491221414307e-2 0.126941062970980697014e-1
0.682912756765030520996e0 -0.385781237567604558291e0
-0.492199614524756594812e0 0.605011968651417772068e0
0.209934053305094981773e-1 -0.132366258377645223008e0
0.600662229318024099263e-1 -0.920097342227686142352e0
0.179866180160912375198e0 0.197620220068690377255e0
0.531652781263957020146e0 -0.993578370674966605269e-1
0.100000000000000000000e1 0.000000000000000000000e0
0.336548971595366765803e0 0.376809610512989687366e0
-0.760379869319346684740e0 -0.384629758078287830220e0
-0.888479559891603480289e-1 0.590113455616778241240e0
-0.583278338046201330614e0 -0.105750743704677059203e-1
-0.266256611307749914251e0 0.479678040316132208278e0
