
-0.263382026757156118765e-1 0.242885444174045018778e-1
0.101237418183158051827e0 0.154471203335370260820e0
-0.521573090783470077816e-1 0.966609369381988576007e-1
0.178565392392573803478e-1 -0.257483370798735314419e0
0.274400305923652760269e0 0.796219477013495739216e-1
0.848166343645823151180e-2 0.233194826381330812582e0
0.637785618525424819380e0 0.646061541240314205902e0
-0.105259344153219088663e1 -0.495543874959345209143e-1
0.637040672426468313936e0 -0.320606746217722952339e0
-0.209073027457969595720e2 0.311624355078431348760e1
0.139864273730863835710e1 -0.653453498839409283126e1
0.153257932636157280237e2 0.855166636973514046605e1
0.931954728916310958789e0 -0.534108614582634213825e1
0.145939840450147084380e1 0.242210167472209785401e1
-0.755711456009739082976e1 -0.635714878099587716361e1
0.618673785449994712165e-1 -0.291833786828858296460e-1
0.907832701664184601859e-1 0.125459269161739407081e-1
-0.151606684043023135530e-1 0.293794112212561747812e-1
-0.258315483211770440328e0 0.373665510715802622011e0
0.269475598291203653149e0 -0.405380986212504021313e0
0.633006155930963358353e-1 -0.163534844127156766069e0
0.100000000000000000000e1 0.000000000000000000000e0
-0.655151274818396061738e0 0.356791561075274573972e0
-0.107382360948752678303e-1 -0.641200003410601560426e-2
-0.667839770623578184367e-2 0.495094999757262509966e-3
-0.141675590078157063421e-1 -0.442045995000475727757e-2
0.146382575181568072921e-1 -0.264673897073524134805e-1
-0.281258254948640469296e-2 0.479699464291416467212e-2
-0.256699764335448337944e-1 0.758446070514490197699e-5
