
-2.581567657327714e-01 -5.968033557300996e-02
-1.362143910598895e-02 7.954988515057818e-02
2.428601970548769e-04 -1.020095530378065e-01
2.442932886071639e-02 2.747234947300174e-03
-3.102453315394672e-02 1.714919741304773e-03
3.830559676636655e-02 -8.663506233076285e-03
-6.804381912827466e-01 9.419897701114770e-01
3.213525118745763e-01 -2.482615992562359e-02
-3.855364007140208e-01 1.344568834969354e+00
3.092073621296227e-01 1.780256098819601e+00
6.082175998430390e+00 -4.439011563987928e+00
6.426519277732335e-01 -2.910053467266005e+00
-3.046701606562825e+00 -4.959695966664414e+00
5.994490456478974e+00 1.370045269715304e+01
9.868970946996455e+00 1.478983203792148e+01
-4.353690635097628e-02 -4.264123235162216e-02
-8.386646604229053e-03 4.586924767450781e-03
-3.904438552399838e-01 1.987812819619824e-01
1.715626769533005e-01 3.051260594319708e-01
-1.830627070981162e-01 -5.027509753818329e-01
1.000000000000000e+00 0.000000000000000e+00
-5.475737327593909e-01 -1.144195941372388e-01
-2.789096347265277e-01 5.882057115196362e-01
5.129582127486193e-01 -1.758207927454853e-01
1.701003168671660e-03 -1.402700811561673e-01
7.066457829913718e-03 3.485758033081061e-02
-3.532105552572231e-01 1.386910460339082e-01
-6.088774778492851e-02 5.851565389629650e-02
-4.772632720646281e-01 -3.174247752517128e-01
