
0.456146527724310815082e0 -0.288360219796695637447e0
-0.422297386541316183194e-1 0.521880196558625715649e0
-0.614126476768542295804e0 0.109469009033571754044e1
-0.110289367020647758515e1 -0.696854998319156883054e0
-0.193328090159619796142e1 -0.610506964811828416726e-1
0.646747142482166770174e0 0.985215218115852520500e0
-0.341026852869479350284e0 0.120714390362100484097e1
-0.460840810204812831167e0 0.369886635784509035772e0
-0.131413433506564653161e1 0.267188855247901159364e1
0.176143196676128132618e2 -0.250293542431807851181e2
-0.476820333668942707497e0 0.200292080636294465082e2
0.847451001944237536541e1 -0.135379789136896250476e2
-0.304145796714729325337e2 -0.215216149149489051392e2
0.490808934233187000272e1 0.225193820039495464919e2
0.179172142522831191920e2 0.132859154268408968351e2
-0.198702861200763412273e-1 -0.194347694930754085636e-1
0.690613430193155282377e-2 -0.544641240235086144559e-2
-0.433733101680905128872e0 0.514679004873860108514e0
0.930657932421627466659e-1 -0.196271879050399997101e0
-0.213204118214405414106e-1 -0.216413669339979406305e0
0.854751789782429906772e0 0.160649475275341344609e0
-0.298932385377492230191e0 -0.368132312768899044213e-1
-0.500389391479725487199e0 0.606000282427403310910e0
-0.218831895057903403725e0 0.116663865373473946379e0
0.285192274262526927978e-1 -0.251876411615221658803e0
0.318320778166815617909e0 -0.523963889367596698785e0
0.564452016211989444439e0 0.343132840428344185825e0
0.100000000000000000000e1 0.000000000000000000000e0
-0.354542596017240642213e0 -0.482122716222646095503e0
