
0.725980280790869870111e1 0.333733195617897181336e1
0.118136372595953246254e2 -0.115754845431808959502e1
0.172846459116188214784e1 0.181825945783637792244e-1
-0.987655592312810595192e1 -0.392459316864236560513e1
0.202299908936890842650e1 0.645551928497474884717e1
0.261675311521940724951e1 0.587261212463393792577e0
-0.591583791740352232867e0 -0.515304127841524992483e0
-0.754593429277260209910e0 0.362506814096991679327e0
0.486817555437583762012e0 0.466599165364518757434e0
-0.126932444915610598331e2 -0.218481303182851554958e1
0.611770617137859287153e1 0.703054401795254546841e1
0.246533035653022868441e1 -0.102962475389591727208e2
0.780760310182281277959e1 0.367880928541903942696e1
-0.205335243406751220699e1 0.210397140123855659480e1
0.701871031301553219154e1 0.864780889675742308297e1
0.396378891579290856005e-1 0.434346405408652661280e-1
0.969176040321788969488e-1 -0.264201546360304302193e-1
0.180196386806908074842e0 0.110879768052672839685e0
-0.119979000787006279301e0 -0.616128008510263793201e0
-0.287435320816527520078e-1 0.592859127231878408747e0
0.235610101880596131836e-1 0.111425118754065218468e0
0.100000000000000000000e1 0.000000000000000000000e0
-0.251961662992879212823e0 -0.341769844145337801006e0
-0.113730588486966431520e0 -0.314716811753977055685e0
0.777679685752974461470e0 0.466655437645591654168e0
0.700105322699543654687e0 -0.262802269972805659478e0
-0.414790506535365000577e0 -0.503153461209726050635e0
-0.196924480006850798736e0 0.280719050411107614120e0
0.852674395418545707321e0 -0.327102220695529813415e0
