
-2.246131446461581e-01 9.474107285816011e-02
8.475763579127001e-01 6.286079612025754e-01
-1.148473968302896e-01 -7.182064646215410e-01
4.770794238422791e-01 -4.542866259123434e+00
-2.424049119717139e+00 2.009106786391416e+00
2.162768632583955e+00 1.777934010093296e-01
5.402650239953262e-01 6.602446116611199e-01
-1.564258080803849e-01 -7.489238480269791e-01
9.623147904087646e-01 1.079710939605339e+00
-6.889225130302750e+00 -2.338436337212856e+01
-4.387656531711372e+00 4.427924127177612e+00
7.000775413901962e+00 4.933752497116275e+00
7.950513926285367e+00 5.779253307749598e+00
1.231788860497278e+01 -3.142723878782999e+00
8.544602299881035e+00 -1.308073981125922e+01
-3.620565028917706e-02 8.271905534259183e-03
-7.561886642586660e-03 -4.429301005937334e-02
8.224760005849326e-01 -1.849417547504998e-01
-2.826824045575527e-01 1.554806730226165e-01
-3.961610740667392e-01 1.741039554912438e-01
3.075041169912911e-01 -6.936756584481276e-01
-8.301126214314444e-02 -2.354561827135981e-01
1.000000000000000e+00 0.000000000000000e+00
1.139438629086089e-02 8.167027292877069e-02
2.743851785745071e-01 -7.801079780323433e-02
-1.326836364473902e-01 -5.879288000838703e-02
-1.226046855998010e-01 -6.942815558574623e-01
-8.024831191246420e-02 4.699541894150773e-01
2.654705934841676e-01 -2.619408583143372e-02
