
-0.729571682416401468398769189629e1 -0.154960925643524629675512608340e1
-0.411351361787264197988565989117e1 -0.783994611842193052820261807089e0
-0.131612096694449498305381178112e0 0.450451808055021097631716445094e0
-0.224534120178584146557191332068e1 -0.374973135760882979890746914405e0
0.320207223942759881667312808494e0 0.343472205476957968451902764263e0
0.210083733418933046212395613315e1 0.485362881222821140717317741322e0
0.550075379799783786765571919294e2 0.123996312526259519621837142805e-24
0.566289486018859214617726607023e2 0.128035280360991100065545193060e-24
-0.860976155108560468818017542261e1 0.908767762814605599834311307206e-27
-0.247098465064417811764301823809e4 -0.548007155816380834602308258496e-23
0.440898575383023239396186300609e4 0.961597462092894672038012604531e-23
-0.826813447733453277891828962248e3 -0.188054342385102385459046819838e-23
-0.786696727250418752453285512591e4 -0.168538049807679388755049521009e-22
0.147528585868864304128818303335e4 0.329579775314096964206576900747e-23
-0.276659135529094490408291669579e3 -0.633310156485911813573422279866e-24
-0.381285128941493418583929526686e-2 -0.303715155352490195080401413703e-2
-0.390555637712811970340948422975e-2 -0.312465087914091440599465387125e-2
0.173016547480458735076904902928e0 0.139138132852061017635383361980e0
-0.305523456279406831454820112105e0 -0.244520669701975443047198942717e0
0.615442805650048089712877604319e-1 0.490869707616957070076085257821e-1
0.539166449158607761266158310023e0 0.430321302332101798779738408302e0
-0.103607474188713252562067111203e0 -0.824651237427841139124710797634e-1
0.143204214523099212236001415316e-1 0.123396705277485098296022429335e-1
0.100000000000000000000000000000e1 0.000000000000000000000000000000e0
0.505943771174864706894262324504e0 0.204948479436304793727645971691e-4
-0.290630953363891651450471779700e0 0.892234809283465455503255920967e-4
0.241994500249064530013999059356e0 0.236708816667749672345639995976e-4
-0.221616055458050966337116942117e0 0.548178581057602900368373450242e-4
-0.313209861020939049800042541118e0 0.959874638550639955067791018409e-5
