
0.116713303752723030417e0 0.900794021081177079691e-2
0.170489974615394346874e0 0.142387774047105081289e-1
0.135155249216795958120e0 0.345755387954215343034e-2
0.249034773794448441000e0 0.223783164372324478301e-1
0.197493376785761755353e0 0.629675648005141991293e-2
0.156096998192631362322e0 -0.403980779487940071631e-2
-0.112256254163801435782e1 0.535441155693130363500e0
-0.201161533250709081326e1 0.135363454159845726158e0
0.821520600847577720178e0 -0.120290172234840068809e0
-0.155605574666975007567e2 -0.681599425206713136491e0
0.114618638765051524108e2 -0.473346686614888189758e1
-0.140085340195698288012e1 0.642497824300056964535e1
0.164619603698364818322e1 0.707862698685124969872e0
-0.121496736967377962600e2 0.256812526794052373722e1
0.170337148895323637326e2 -0.785022956319704962036e1
0.697816573673540708217e-1 -0.221862164994342219548e-1
0.917822452650543140339e-1 0.835195609548876135966e-2
-0.374354445100311028328e-1 0.138161856249908086890e0
-0.409702472026465907098e0 0.169431698511304156397e0
0.396039910050657535071e0 -0.296410624636288265389e0
0.283131642212893158608e0 -0.185317617188622181670e-1
0.100000000000000000000e1 0.000000000000000000000e0
-0.825839082183538705003e0 0.342312717165801711958e0
0.947349942495571181842e-1 0.770395974272447327133e-1
-0.140400934265953653513e-1 0.469246972860830862489e-1
0.530719361868865691973e-1 -0.226942250676665890246e0
-0.243954621256600504913e-1 -0.258429395648832796283e0
0.283152339535506719746e-1 0.218438993605325554860e-1
0.486828742575196114610e-1 -0.310698159446081723165e0
