
0.515756547485345567903e1 0.228552437722040672607e1
-0.187345915584803409423e1 -0.912424050596537215612e0
0.122478035182229709685e2 0.547500316381447904666e1
-0.211100130870512863353e2 -0.963243361292390751043e1
0.814252384116128748517e1 0.359077833286843277837e1
0.218092980095910001330e2 0.977753860566252339451e1
0.406975245302095529703e0 -0.813151629364128325506e-19
-0.161509173113050017931e1 0.162630325872825665101e-18
0.947661441220914909365e0 -0.677626357803440271255e-20
-0.279982396248716363489e2 0.867361737988403547206e-18
0.747336253011303793155e1 -0.433680868994201773603e-18
0.129332409086447007920e2 -0.867361737988403547206e-18
-0.199480925425337732402e1 0.000000000000000000000e0
-0.345217411146553612863e1 0.108420217248550443401e-18
-0.597425847632403365494e1 0.650521303491302660404e-18
0.355252373372350566078e-1 0.684382097295483096466e-3
0.107207810215710845977e0 -0.259343806835838141476e-3
0.376461278413743130215e0 -0.717361590657325817559e-2
-0.415781351141445254218e0 -0.186884977279138277519e-2
-0.217627906494536891546e-1 0.871348379234918936166e-2
0.640819698229361927981e0 -0.348466924960879134449e-2
0.100000000000000000000e1 0.000000000000000000000e0
-0.244412229272340406246e0 -0.118632557212914809696e-1
0.250581750534971418854e0 0.227406213120540871261e-1
0.594194389275749344477e0 0.309308058938998455467e0
0.119233212420593942676e-1 -0.221810353393149941426e0
-0.988924821129373107233e0 -0.549427204942364384905e-1
0.513252341189388001973e0 0.856643260901514296728e-1
-0.307364261323559504325e-1 -0.420901127089933928992e0
