
-7.118921163229569e-01 2.223470447278259e-01
-5.348332278098468e-01 -2.816036059762028e-01
3.667889483176737e-01 2.110754262724533e-01
-5.249209621872442e-02 -4.217087013928970e-01
-1.852599382157682e-01 1.893940072894241e-01
7.643842125416813e-01 1.993616566650711e-01
4.609323463557317e-01 1.090856108235619e+00
-2.631486154916955e-01 2.607690265212144e+00
1.527135485162314e+00 -8.430418901617962e-01
-9.767763781951313e+00 3.033117550985309e+01
-1.295341671595842e+01 -2.911778662176191e+01
7.530538827149520e+00 8.053562662708314e+00
3.606202075339392e+01 2.225511434037131e+01
8.741439709483508e+00 2.429332243707721e+01
5.775807665672868e+00 -3.728414183107408e+00
3.867746203649393e-02 1.995393742730266e-02
4.662958170392116e-02 4.546243201829860e-02
4.248475817056681e-01 1.163832470020862e-01
-8.523108111401866e-01 -8.227736543223862e-02
3.494594558285001e-01 -5.048004690883040e-03
1.000000000000000e+00 0.000000000000000e+00
4.782410770259462e-01 4.853041319330823e-01
-3.319310673147336e-01 -9.815491295522841e-02
-2.259688727764276e-02 8.043653526458891e-02
-4.744371653300108e-02 3.522543920879520e-02
3.319801971187546e-02 -1.181772405937872e-02
-3.136726780185227e-02 -4.419200622895169e-03
-8.058466023888060e-03 3.032335529996733e-02
5.147489237230414e-02 -5.296270449461278e-02
