
-0.162979890564275321316e0 0.215057782593446820432e-1
0.108670593654622603710e0 0.281720653189607356703e-1
-0.852933560593122330041e-1 -0.108830557235542844949e0
-0.615597148129230683627e-1 -0.456917701691234275331e-1
0.260844079691300298674e-1 0.907506852736749474532e-1
0.423287726213215842320e-1 -0.108324614022869695705e0
-0.236404981578647730152e0 0.917992050763612046991e-1
0.121246299143934894791e-1 -0.281685945721027728030e0
-0.675887957303079340155e-1 0.763904658461865580148e0
-0.444141124225707992212e1 -0.291775526284951342080e1
0.853895963436145797134e0 -0.171221448369151379773e0
0.613887339466343290133e1 -0.331360285117966459545e1
0.490410426314997744714e1 0.427831694703706711964e1
0.493167406907845966247e1 0.132060111637605410604e1
0.351270541394789675331e1 0.670894158916459224136e1
0.842930838633579852955e-1 -0.191836960862610841116e-1
-0.548971306606769945517e-1 -0.507451045238820847476e-2
0.747643046539689046858e-1 -0.814192792261160174037e0
-0.733204189538370723048e0 0.444167298862804080782e0
0.100000000000000000000e1 0.000000000000000000000e0
-0.717631487107945159035e0 0.412057277083513108279e0
0.104753444793860349746e0 -0.405334206693339485928e0
-0.475295620653810988869e0 -0.703050642611764664580e0
-0.892946999400080146047e-1 0.170071733522227624508e0
-0.472131187227084889747e-1 -0.222453957531343924037e-1
-0.116161130035115317046e0 0.110332173939027387078e-1
-0.649793129213875934148e-1 -0.135771133783718126472e-1
0.719863756727856344295e-1 0.459199904066339244837e-1
0.930027297717465068340e-1 -0.694081117298630182109e-1
