
6.704590806927180e-02 -1.484937583551316e-02
1.504860591866013e-01 2.760154290189256e-01
4.053400781730399e-01 2.339643133712385e-01
-3.532328894412287e-01 -3.874919762400034e-01
-2.678009952976027e-01 5.605375413001216e-01
7.061061621586353e-01 -1.635951937561341e-01
1.371188365825765e-01 6.963363242028818e-01
9.924303972012510e-02 2.494638746373296e-01
1.318496000563896e+00 1.598656203860393e+00
-1.480081322807515e+01 -1.574337843424367e+01
8.018618126392154e+00 -8.149666301705571e-01
-1.720698395793852e+00 -2.102661365230787e+00
2.500750484804076e+00 1.906573973979441e+01
1.365988908799484e+01 7.631916237786581e+00
1.230006274327107e+01 -3.322361305550744e+00
1.541864903527275e-02 -4.842047580341591e-02
7.275818190726056e-03 -2.723902842741914e-02
-1.199200553166450e-01 1.978211436555700e-01
-4.749277129976463e-01 2.405901185262014e-01
3.450159251737058e-01 -4.214292707531584e-01
1.000000000000000e+00 0.000000000000000e+00
-7.931678685848784e-02 -3.959075554509024e-01
-5.979793087101946e-01 6.527665935816991e-01
-8.490958304366046e-02 -2.917867561474057e-02
1.995027655542541e-02 -3.492305890929189e-01
-1.678453253433964e-01 -5.026974379895454e-01
-1.343497838484315e-01 5.966439119814146e-01
8.084332166623849e-01 -1.363890355025777e-01
-6.524410773689705e-01 -5.437119825036345e-01
