
-1.434952127199575e-01 -6.648226815505363e-03
1.445478770773456e-01 -3.356453374781394e-01
4.982150820002437e-02 2.320579058590377e-01
6.693822950586860e-01 6.452022676435830e-01
-5.971359699010264e-01 -8.955856509967874e-02
3.497653554473187e-01 -1.773457709990440e-01
5.667794581299943e-01 -7.056246055273561e-01
-3.767662568533336e-02 9.523395258418272e-01
9.009735128460937e-01 -1.134457502589279e+00
-2.176740212650216e+00 2.355541173972488e+01
-7.526434374208939e+00 -3.302310196107570e+00
6.951908401810371e+00 -5.951217411000577e+00
9.190876809481530e+00 -6.183215498576839e+00
1.395620222338328e+01 4.337392051818348e+00
1.123200458906253e+01 1.290897460270959e+01
3.554505077736512e-02 4.403915662944043e-02
8.759837400297291e-03 7.984303469878883e-02
4.239768999418606e-01 2.644121095712824e-01
-9.643676595081890e-01 -2.626458595740462e-01
4.863474809935954e-01 8.012041463927452e-02
1.000000000000000e+00 0.000000000000000e+00
1.609286153368141e-01 9.092899629002720e-01
-2.905959946406940e-01 -2.030685398690583e-01
-2.739022989804574e-02 1.567699649463064e-02
-7.038653721084219e-02 -5.393675837535297e-02
4.264381731539010e-02 -9.652985437770087e-03
1.485566605990070e-01 -2.961740008792550e-01
3.293877467648253e-02 1.781185122206893e-01
-1.359234668660567e-01 -4.642270862402421e-02
