
0.499027319265988204966e-1 0.229398694399062593149e-1
-0.345268995003858423984e-1 0.104623789374671605356e0
0.430619937715831575531e-1 0.376566574404189858802e-1
-0.610328674569857254636e-1 0.501740307648632670889e-1
0.598794941148910384631e-1 0.987883350280566599858e-2
0.111301355303869049654e-1 -0.731139002047695264072e-1
0.525085447731659421501e0 0.108702984777896959350e1
0.406931556103621237423e0 0.449213843733442180133e0
0.151207811193477427675e1 0.147817573872479378913e1
-0.165815926008251040055e2 -0.162305507175105664438e2
0.690413988946152352771e1 -0.839580604593382048405e1
-0.383326140039330148616e0 0.447133831817925717729e1
0.278067664354227142781e1 0.299729690219588941202e2
0.186206722815961429780e2 0.824404993871493417534e1
0.971171800717947709437e1 -0.130859539887521292177e2
0.324835782080103950373e-1 0.301917837121785959775e-1
0.127252684120081381986e-1 0.821914238103538529724e-2
-0.685280546185517152214e-1 -0.362777916977402527428e0
-0.116986181030341544664e0 -0.329799229355893478729e0
0.252610895537528199400e0 0.462921253639913148558e0
-0.238400502517701116028e0 0.662748820254398945094e0
0.280064932036256165193e0 -0.154271962134722293610e-2
-0.296490643588452861505e0 -0.848441653277212351383e0
0.270641856343508418662e0 0.199446031456062891832e-1
0.244683070358819694783e0 0.455302233548182571266e0
0.831230312833380594560e0 0.238464217302889552346e0
-0.651314051148066796499e-1 -0.442017918092621674218e0
-0.793305564674057061853e0 0.466297433761607785674e0
0.100000000000000000000e1 0.000000000000000000000e0
