
0.221669801661184253782e1 0.849336547636073902531e1
0.464467178775971258889e0 0.673588669805407348583e1
-0.162342323942813843163e1 0.171369979609002960445e1
-0.609382471657360984220e0 0.515762839295015940774e1
-0.147143675459902673356e1 0.106384018944861234637e1
-0.622002475656068713609e0 -0.126866985803195993617e0
-0.338839805143996801928e1 -0.632738142685761159384e0
-0.302278169648025983552e1 -0.137266462952744668535e1
-0.534168929536208384823e1 -0.302362885421522421142e1
0.729293891314111330515e2 0.117280822549443100450e3
-0.122758633141355447703e3 -0.160753205143002408345e3
0.625636189354769307325e2 0.523920994964825079143e2
0.204761011650278954566e3 0.206754452497842095268e3
-0.830021903196340826575e2 -0.406169203265002929717e2
-0.421521377275680562413e2 -0.165178227008668778407e1
-0.112741714973382578406e-1 -0.401358603384874684233e-3
-0.492964109875396194150e-2 0.516364031260901069831e-2
0.112265405753757170928e0 -0.390760863021659271040e0
-0.350278407509953427617e0 0.158445353542914797455e0
0.610891199847656799247e-1 0.605433859412574039702e-1
0.880458639922645258202e0 0.199244622573534970790e0
-0.223250564481425216060e0 -0.928158725431027711245e-1
-0.854192077073039640627e-1 -0.424418211047742731265e0
0.100000000000000000000e1 0.000000000000000000000e0
0.758900666836948550723e0 0.133229676836183408747e0
0.151830032318882021506e0 0.244669681645259174107e0
0.555966981806355825546e0 0.198373802767940281961e0
0.790665999137243436935e-1 0.193229950692464928685e0
-0.346588017125704997163e-1 0.451794403144839567369e-1
