
1.267382958353832e-02 -5.553138942320375e-01
2.308821760789705e-02 1.902683642719127e-02
1.110629029898773e-01 -1.806200381508312e-01
-1.574303077182048e-03 3.439455392336233e-04
3.948818335215157e-03 1.071614775883951e-02
7.137707555471008e-02 -3.816445234479395e-02
-1.069497123086304e-01 -1.070270791083872e+00
7.697911842363983e-01 -1.559270635930384e+00
6.637585391480000e-01 7.137868545539999e-01
-2.528731451301088e+00 3.216865236179628e+00
-5.656968892682366e+00 1.183038173121816e+00
1.527097606620575e+00 -9.804041450291363e+00
2.583545405328465e+01 7.041576766746335e+00
1.272035888191036e+01 -1.362272835713925e+01
7.838347066938106e+00 2.215440150030595e+01
2.610260959591240e-02 5.862864989515087e-04
1.123399764735348e-01 -6.964061458656023e-03
2.456246236412396e-01 7.174137020249155e-01
-1.508840333102089e-01 -7.278139256587800e-01
-1.684249971136401e-01 8.384776485195444e-02
4.441055781448614e-01 6.874211184910470e-01
1.000000000000000e+00 0.000000000000000e+00
-2.098693246629927e-01 4.235870616844314e-01
1.426760030992877e-01 2.604817528707407e-01
3.566684531026413e-02 1.913990269182077e-02
-2.140766686784588e-02 1.068456403593722e-01
8.976229521076115e-03 5.849207023879859e-02
7.307751887566874e-02 -3.953458690676891e-02
-7.531347635514379e-02 -4.650426971460121e-02
