
-0.120295130937218129902e2 0.672030115805718678609e1
-0.101144424869249535568e2 0.187964258055296909715e1
-0.315079270300543848272e1 0.470017024267355828463e1
0.381488770377363325091e0 -0.143053315983330526784e2
0.489772544993007993104e0 0.617348248516859401643e1
-0.371815355241240473073e0 0.144148015552705454027e2
-0.159450550861421277006e1 0.957458780635273129750e0
-0.488416627961571475549e1 -0.176083336267692352139e1
0.478044240487734065916e0 -0.282282766991886002001e0
-0.159523754807267224643e2 0.702443930893088937673e1
0.613264523942162039687e1 -0.198462597578376668539e2
0.878790689602161905099e1 0.196332625735694143981e2
-0.224326787116728029346e1 -0.932893434484870134459e0
-0.387789044881135980744e2 -0.938180143405998752133e1
0.181956433518940027573e2 -0.609154587444601924211e1
0.296405997831197854660e-1 -0.289380612197021917670e-1
0.108876943746959556594e0 0.193976191238555480150e-1
0.858803039222051715061e-1 -0.107222301823306475054e0
0.118422926209446746838e-1 0.421557618516576575131e0
-0.150205423327155324553e0 -0.392199731966606903165e0
0.164355785623390250141e0 -0.402680043798555225486e-1
0.100000000000000000000e1 0.000000000000000000000e0
-0.294730569127811452691e0 0.184977611568550471077e0
0.276942989964475850075e0 0.103857866012247283135e0
0.224432686235085549224e-1 0.259485180488670261250e0
-0.598761253856591411712e-2 0.600700070500458457680e-1
-0.444915871255366140600e0 -0.532644050688884552894e-1
0.136460096933875997766e0 -0.886688822120401783295e-3
0.156491596939832825207e0 0.925576353723978532032e-1
