
-0.451503188936814503270224787676e-3 -0.457818415022491502650070720276e-7
0.212935858758016233133036324307e-2 0.223956280809330403653641862530e-6
-0.835599292963569370199183877491e-3 -0.879937538510053506471168169649e-7
0.106716046664331042970838222827e-2 0.110904184620628579448547339230e-6
0.725125401303001525670222627354e-3 0.762204504045011206680498628684e-7
-0.615657277706495926438157440618e-3 -0.651223431183794291835402610394e-7
-0.169730993614663625388890203189e1 0.567882698877045737583365891084e-5
0.476906183613343886136174105183e0 -0.432301148140504494675869698932e-6
-0.101933380035004241675512150960e3 0.108318660886685391369557042128e-1
-0.932133483231621529209717562492e3 0.102569799081136954116169438153e0
0.210751452317288945837823609783e3 -0.217482681122577896586594567193e-1
0.104072210446683195424703955711e4 -0.112881377207939681355015959762e0
0.173649442018849202844720396762e3 -0.207510617301292754576806333018e-1
-0.874438039587045582944959161904e3 0.946692450569234450869776626924e-1
-0.244243663367061944941129517344e4 0.266058357443675707143861294039e0
-0.989981276698066273702788559553e-4 -0.664570460229998587967753327538e-3
0.118485810632173922943162081672e-3 -0.124297263894659394712159248116e-4
-0.195667364975354079879182858566e0 -0.423168664205776885991219230741e0
0.114099690999674825573585432314e0 0.101920725836460205180224213355e-1
0.216288504335221407342959568457e-1 0.154510221843586715562326803249e0
-0.599322605799438327707749389758e-2 0.551069753275019196823808535652e0
-0.466405120516193023913936920763e-1 -0.206765705564587350806381827338e0
-0.176923588287609148878206448522e0 -0.569024270026889158450156497589e0
0.253514129767700347418178380637e0 0.279014139710827819080090867387e-5
0.823705710291399983622108248921e0 0.121362061582317911235736997188e-5
0.602577006534899472013514586871e-1 0.936441015265818914536393971204e-6
0.100000000000000000000000000000e1 0.000000000000000000000000000000e0
0.397108547186766338688612145003e0 -0.406687476053964557929917638446e-6
0.553552390884900884459934930672e0 0.690733227950321190623091511591e-6
