
-1.043945920727614e-01 -8.507971327861290e-02
9.054380599983866e-02 -7.342473977336215e-02
-1.052446323429544e-01 1.825207845718115e-02
-1.610715286939892e-01 -2.623005745227110e-02
6.524664559994237e-02 -7.997914377528273e-02
3.516061796577169e-02 1.987589217864227e-01
1.129777393033115e-01 -2.721754024134519e-01
-7.038550533660849e-02 3.305786485975687e-01
5.637586656780502e-02 -7.172207242403833e-01
-4.608792113223958e+00 5.635439189738346e+00
-8.914356085713709e-01 3.518338310596422e-01
8.512710616873823e+00 5.367475634892720e-01
1.530532887972731e+00 -3.616898515584471e+00
7.229530311975923e+00 -9.430609706404491e-01
3.078259225251227e+00 -2.018540674153875e+00
7.092443105460570e-02 -2.022492800067004e-02
7.594956268694586e-02 5.425080406059215e-03
-2.896626908893524e-01 -2.281503849535863e-01
9.449904547886519e-02 5.926737785098529e-01
3.102658512675637e-01 -3.309118108139497e-01
-7.335508342470785e-01 -5.979609800847264e-01
1.000000000000000e+00 0.000000000000000e+00
-7.195914644486993e-01 1.838131907833050e-01
6.561341825666353e-02 4.583076267554737e-02
2.994550990975192e-03 -4.596191675161385e-02
5.729624685851476e-02 -4.311099336402555e-02
7.943567223131792e-02 -8.557776835517608e-02
-1.138246154844546e-02 3.917675356164902e-02
-1.011779115567826e-01 -3.199340880744717e-02
