
0.192108105859624558596e0 -0.644578897969489026493e0
0.389463727290620141051e0 -0.361330829067532406635e0
0.363831758341342498600e0 -0.146834389956579754969e0
0.409990938680954154901e0 -0.894235849028116476229e-1
0.306438925907170682463e0 0.461915202743855014258e-1
0.199295549187508860985e0 0.112518296940274942955e0
-0.658784546935773429220e0 0.119554198105596088764e1
-0.372546711196749078817e0 0.128819527084398722377e1
-0.187357797453750652263e1 0.101414411030741562388e1
0.129481444745288894020e1 -0.259274161541622003915e2
0.256567089493025870324e1 0.304948442254046750474e2
0.154046523041842206049e2 -0.789422593641791761057e1
-0.114777477653852529454e2 -0.464050600076585988765e2
-0.670014894700646367704e1 0.240151707255950010098e2
-0.899691057099943010400e1 -0.453232989117118716896e1
-0.220964750847579461443e-1 -0.921846799485341061733e-2
-0.233194781110664365966e-1 -0.879075022255566693821e-2
0.375715003100972118089e0 0.951934715320232201129e-2
-0.516878338304586723573e0 0.481416488023492434545e-1
0.184959081955089596430e-1 -0.605046635991343242671e-1
0.100000000000000000000e1 0.000000000000000000000e0
-0.377505814779444570092e0 -0.111093613040032102897e0
0.225541506555134722205e0 0.995725835013356698949e-1
-0.250649935554780142104e-1 -0.320441567851854038923e-1
-0.317682194237579045544e-2 -0.348720402639210272433e-1
0.521900360792498182908e-2 -0.208552159889517990651e-1
0.150332375561603592156e-1 -0.238794620816937278031e-1
0.198813232678919000023e-1 -0.101222227666856083651e-1
0.237702947519400984578e-1 -0.167360046209466736099e-1
