
-3.527376149542507e-02 -3.927245978547887e-01
-1.714121692832948e+00 5.471544967817373e-01
1.408617035798979e-01 7.191869674857083e-01
1.606355951730930e+00 1.229289732973091e+00
2.255686084953916e-01 -1.458108094933396e+00
-5.840020634520796e-01 -2.263937656031325e-01
-4.118142921322383e-02 -2.772528305503813e-01
-7.227325487224839e-01 -3.175954230965796e-01
3.645394964792017e-01 5.453870111354634e-01
-9.444220704588075e+00 -6.704529445307806e+00
-2.616752358556125e-01 5.387209345630162e+00
8.532646654218366e+00 -5.001578283177288e+00
5.926655199592375e+00 2.750668171788197e+00
1.181199737661383e+00 -2.679018576037844e+00
3.517565504995705e+00 3.953861273519613e+00
6.651466642007385e-02 -2.192363983382513e-02
-7.911542079958252e-02 -3.363401879553043e-02
-1.638134568937307e-01 -6.013028862371355e-01
-6.347807516847204e-01 3.991727550365504e-01
1.000000000000000e+00 0.000000000000000e+00
-4.544781009010864e-01 4.459760788839184e-02
-2.782255956293764e-01 -5.275843630515479e-01
-6.061005727644987e-01 -3.476917134529092e-01
4.619052522802042e-02 -1.700779556745573e-01
-2.129632876183094e-01 1.026423449489761e-01
1.074967225005712e-01 7.524571488126403e-02
4.369949237313451e-01 2.303149131621117e-01
-4.779484992863579e-02 -2.446738555598775e-01
-2.167538467335874e-01 4.456188964275797e-02
