
-1.748638045092446e+00 1.907398144401737e+00
-3.442545538657523e-01 2.661909270473976e-01
8.823867367927418e-01 6.800317054420804e-01
4.396243075582607e-01 -2.691317966578735e-01
-2.175907328373973e-01 2.502594346291456e-01
4.814234329772302e-01 -4.233074036311243e-01
-4.361868743409835e-01 -3.995048079623104e-01
1.713759881647034e-01 2.776568978904332e-01
-1.731316974577699e-01 -1.062513696686019e+00
-1.480214003344192e+00 1.239000835718921e+00
1.756635415164949e+00 2.457686510986199e+00
3.676673812786244e+00 3.250429685096702e+00
4.044757869481089e+00 -2.447659554895355e+00
5.511011669187950e+00 -5.349080236139041e+00
6.774673027476501e+00 -1.047667014985289e+01
-3.883848639662061e-03 3.672606611823850e-04
-6.893381693902796e-04 -2.146301393247943e-03
-1.962278708465587e-02 -6.543131506512905e-03
3.140738385401542e-02 -2.326436614571202e-02
-2.984474687582899e-02 2.159117810922486e-02
3.170679922255058e-02 3.636809927999678e-02
-3.427019467299915e-02 -2.358174065034991e-02
8.528505710054880e-03 -2.112709170178169e-02
1.000000000000000e+00 0.000000000000000e+00
2.050056204664354e-01 4.501721529064423e-02
-5.671871290159899e-02 -4.424373316498614e-01
-2.207730304946707e-01 -6.421511966657484e-02
1.519369903155399e-01 -1.292263342393396e-02
-2.648998523001951e-01 5.061559791535761e-03
