
-8.464200360496128e-01 3.811199375168915e-01
5.491575778135668e-02 2.205312486051052e-02
1.771262296057089e-01 -3.255538649554303e-02
-3.548983386481663e-01 2.130367670950835e-01
-3.428492560189307e-01 1.610624120836542e-01
7.703177109477404e-01 -3.254877799823100e-01
-3.603655550225717e-01 -6.605911866331729e-02
-2.688810960142311e-01 9.836585232159745e-03
-1.126130233123562e+00 -1.387973030919051e-01
2.428246079112432e+00 5.470353302208241e-01
-4.072001358212275e+00 -2.800262379521130e-01
1.390917151290816e+01 5.395323553594302e-01
1.387136872275269e+00 6.568866825059936e-01
-1.982189305472875e+00 -1.056007062416066e+00
-3.815382951387701e+00 -1.203922012726818e+00
-3.950284469292936e-02 3.795737708890232e-03
-3.077012002949127e-02 2.817705431749119e-04
2.844977205572354e-01 2.604084030873725e-02
-3.302079727310518e-01 -4.920209704239868e-02
-1.232860178536485e-01 3.619266923684532e-02
1.000000000000000e+00 0.000000000000000e+00
-5.411214253688075e-01 2.646983741300182e-02
3.102293976352316e-01 -1.238093159166861e-02
-1.640511875828739e-01 2.884942646977378e-01
-1.821947481745498e-02 2.490752697140956e-02
5.313108318775010e-02 -4.529127620041667e-02
-7.373522259894699e-02 1.394256836892272e-01
-8.667362876308983e-02 1.246078892243055e-01
1.260676452976283e-01 -2.468538658686069e-01
