
-0.679729534663476459195e0 -0.947345046945074848604e0
0.537918704784149184458e0 -0.538570973406634179604e0
-0.659908548507652543285e-1 0.398717544269437368701e0
0.202086840804254157865e0 0.612731322365134964923e0
-0.300553757644882042326e0 -0.457725110919963427595e0
0.477642693859222301181e0 0.334613724579939883654e0
0.670596322870892943375e0 0.217703529459616482080e1
-0.236716378068562956260e1 0.101996559137432739827e1
0.343433112772602052343e0 -0.910236456112845551030e0
-0.153539028607081472245e2 0.240582919530523152811e2
-0.143243159656315091647e2 -0.280101010790996908378e2
0.265785668176778470343e2 0.217781179978503842999e2
0.165112754905145668431e2 -0.103942164728216917564e2
-0.121025702646304343917e2 0.206405508307979864493e2
-0.120776433024939684920e2 -0.932683430615252035203e1
0.502627127135665676524e-1 -0.137519770013141986649e-1
0.944186177326708317521e-1 0.628501303780063220381e-2
-0.980711961031001236137e-1 -0.573429368931668368391e0
0.189397767400654086587e-1 0.842461619579291872762e0
0.887933170710395701714e-1 -0.274692817845467884033e0
-0.191024553861496554472e0 -0.863384950482641865249e0
0.100000000000000000000e1 0.000000000000000000000e0
-0.535759080921305833761e0 -0.105845470775139704930e0
0.212616387439093555177e0 -0.896272065067565358522e0
0.588007330625482291058e0 0.487493197658490260042e-2
-0.288584256173500283086e0 0.111712013382854265239e0
-0.340389308553735678265e0 0.225042416460179698644e0
0.115126594437168788877e0 -0.596249885984422263951e0
0.309404943168378019620e-1 0.355413799231193088359e0
