
-0.602891741665325810011e-1 -0.133795627122265218852e-1
0.406476931631839108960e-1 0.380403685993064269662e-1
0.883355646694247602027e-1 -0.544903534711904385940e-1
0.254186178465975070169e0 -0.376642362061776336400e-1
0.128139280557954207267e0 -0.934243576888631996108e-1
0.149753820592692467209e0 -0.999846471031503890357e-1
-0.677012938517072438999e0 -0.110294091207199385508e1
-0.181839100805807637020e1 -0.339928144001134652057e0
0.663758539148000000060e0 0.713786854554000000078e0
-0.166128988646769864615e2 -0.100018540102687921462e2
0.459609988653626454300e1 0.179745033569484859316e2
0.571384833057792796730e1 -0.160681222984178790902e2
0.101319196221983635576e2 -0.347766317629880212939e1
-0.112611296988970479970e2 -0.539989229162794148829e1
0.648097924247862290084e1 0.134795171865675942726e2
-0.540921952932931125071e-2 -0.341315380771103611393e-1
0.622310713003339534232e-1 -0.945504137866911475841e-1
0.799167561971397015269e0 0.420496945361087641160e0
-0.591196661571484767593e0 -0.271049728630030151827e0
-0.240243735241503599513e0 0.687144076651030480065e-2
0.100000000000000000000e1 0.000000000000000000000e0
0.488240543568539988646e0 -0.811534450685814801626e0
0.427865129616095025110e0 0.742831410876265767120e0
-0.215543440173466382406e-1 0.619370594906317391382e-1
0.284320012318112514091e-1 0.429887113621055886888e-1
-0.139495238532063111327e-1 -0.111222085183967639876e-1
0.932714453072607679782e-2 -0.244583314026225930579e-1
-0.220798149875134202888e-1 0.290236866445614630181e-1
-0.123689815698461290264e-1 -0.230823511822813962734e-1
