
0.743757217238116066403e0 -0.662488080434154625947e0
-0.293197931825613967289e0 -0.287250411554445634460e0
0.316460496601839823470e-1 0.443357245192898876795e0
0.444621099570075259768e0 0.219605725458614880932e0
0.632993737976781609643e0 -0.585404245912539080647e0
-0.455101573193620593486e0 0.723375012011680934690e-1
0.899929443572895601316e0 -0.724327461190983933341e0
-0.105750388732980645466e1 -0.834225822442150529400e0
-0.705378233015853331608e-1 0.856159748141937732469e0
-0.179505312176929507275e0 -0.156688530608752598647e2
-0.151833108505067613083e2 0.830650340458535217571e1
0.221521146052236348155e2 -0.671049816050545880211e1
0.247045641929775371690e1 0.149030148344589895293e2
0.319106173333729156391e1 -0.114165786597730463071e2
-0.229095110712082421006e1 0.765838226416270335972e0
0.795024659522676043895e-1 -0.274891251052164937409e-1
-0.600865914821306382901e-1 -0.213639878813114627459e-1
0.207998127480898420091e0 -0.850206452315267870190e0
-0.878899550954702630048e0 0.456958732948797825504e0
0.100000000000000000000e1 0.000000000000000000000e0
-0.491471428339499192189e0 0.469275275577785876043e0
0.329102084522419821668e-1 -0.593552911807876845869e0
-0.381924921400644282188e0 -0.670975911820920997307e0
0.876633733103615524586e-1 0.296321242674846966605e0
0.132273457281450716104e0 -0.725198009206374063416e-1
-0.126619676116846510604e0 -0.638505470989665294400e-1
-0.122937442326559874227e0 0.353518926673355842548e-1
0.793629369937335973635e-1 0.196427483596545594769e0
0.304817615805882926476e-1 -0.180763991640321843837e0
