
-0.100898421547610033107e1 0.172703038838233650435e0
0.568788095431145461972e-1 0.662588090234413920837e0
0.181991213032026381708e0 -0.367600267109545261507e0
0.631128522078271636693e0 -0.189914194317177924224e0
-0.478879724509708683082e0 0.269128214406398024233e-1
0.377855693397828694326e0 0.172111554789442737485e-1
0.136151776519103428391e1 -0.642017925635193717981e0
-0.915660466658405575429e0 -0.208612013051127895974e1
0.413503074894174658314e0 0.992738522717766262954e0
0.491062238584576719576e0 -0.234606940342054702230e2
-0.228434298988067911486e2 0.936937054675857730786e1
0.242724538844397473986e2 -0.126847567052015016624e1
0.135325861913461155742e2 0.106800603373792675713e2
0.759390360282501291353e1 -0.213582483452979308911e2
-0.250259885252947712232e1 -0.327088066064726902429e1
-0.799118157773991814139e-1 0.532271752809884677092e-2
0.132361015264135675253e-1 0.730932422306401753011e-1
-0.367686549842967570610e0 0.662930334118291196457e0
0.100000000000000000000e1 0.000000000000000000000e0
-0.867928007518420166770e0 -0.423774372509351120338e0
0.141620520936933961477e-1 -0.351140507626287463097e0
-0.362278004006271639177e0 0.835232348894013094714e0
0.415634341828285676411e0 0.653711271378085290195e0
0.337048629632489580824e-1 -0.436386002750858843866e-2
0.288197371067650312215e-3 -0.165458676883857118683e-1
-0.307344496475197492452e-2 0.973080845987823713794e-2
-0.167440303869393959679e-1 0.127482846729725964609e-1
0.176956045547062862207e-1 -0.328756500658309831730e-2
-0.169608325763095534426e-1 -0.838442464546402453597e-2
