
0.269849243129734618261e0 0.698339472995592252743e-1
0.778085211738715710884e-1 -0.278790170427765326330e-1
0.539216158914265246936e0 0.167288122680946109338e0
-0.510538152486155538798e0 -0.294317955212324285563e0
0.463452151089192260853e0 0.109715839113866147652e0
0.899508280144865059527e0 0.298751622390328843809e0
0.406975245302095529676e0 -0.372694496791892149190e-19
-0.161509173113050017931e1 0.203287907341032081376e-19
0.947661441220914909202e0 -0.271050543121376108502e-19
-0.279982396248716363524e2 -0.867361737988403547206e-18
0.747336253011303793198e1 -0.650521303491302660404e-18
0.129332409086447007954e2 -0.867361737988403547206e-18
-0.199480925425337732423e1 0.216840434497100886801e-18
-0.345217411146553612928e1 0.433680868994201773603e-18
-0.597425847632403365581e1 0.650521303491302660404e-18
-0.516700936709878902952e-15 0.732217450523167001359e-17
0.107261074023760500000e-14 0.142861904953701194316e-14
0.108571520995861382065e-13 0.880594808126974112980e-14
-0.905297625189992042151e-15 -0.380128674013454706357e-14
-0.100232341399395888568e-13 -0.553017849101269616744e-14
0.860153139217952703886e-14 0.970981044544887777562e-14
0.726617926068631948191e-14 0.118620574035347840224e-13
0.116552205810767098087e-13 0.427854115666843887985e-14
0.233752529076875916213e0 -0.967311625764410987216e-17
-0.933183787244900208709e-1 0.210497851788060685863e-15
0.559957202382582073629e0 -0.377437881296516231089e-17
-0.985159353637879572571e0 -0.224619585084684381115e-15
0.367247676300544981291e0 0.161224251180383526538e-15
0.100000000000000000000e1 0.000000000000000000000e0
