
0.790873418655601222071e-1 -0.268945646666926698343e0
0.142239037538898233163e0 -0.876099251670847907941e-1
-0.186337696405394372188e0 0.291714931437746661296e-1
-0.695611605974824835467e-1 0.871418865759590513989e-1
0.250480415606857185787e-1 -0.138796801774220033844e0
-0.952618126807763864004e-2 0.181803760090967646911e0
-0.991732928570480795811e-1 -0.421107120405889729297e0
0.113036895348851360856e0 0.453462835388090029602e0
-0.144091155261434282757e0 -0.128630866623792734381e1
0.227768504896354761742e1 0.459023247930867168108e1
-0.265927576822160585787e1 0.268071626613824779187e1
0.636005480041966642394e1 0.295307694158986258669e1
0.167821912993428998978e1 -0.670865691441710571300e1
0.815416115626635966580e1 -0.380928404633571429856e1
0.827364899297508233061e1 -0.921075877991096155992e1
-0.783500049848190769782e-1 0.279852515821210387601e-4
0.244137939564477211215e-1 -0.430384921917527291201e-1
-0.648298376873005634453e0 -0.751232053753435871516e0
0.100000000000000000000e1 0.000000000000000000000e0
-0.780431876101192858900e0 0.409054977579671141981e0
0.449920389083650009359e0 0.615010543303073021560e0
-0.413345269865542477503e0 -0.639436971954273170027e0
-0.821399053437045097137e-2 -0.884910918443642840136e0
-0.998478110726825905086e-2 0.370413860928227011357e-1
-0.103727855526521858096e-1 -0.461468079484175715527e-2
0.197884907590346897649e-1 -0.153830810040619756273e-2
0.170832123259556606141e-1 -0.634659310033932247595e-2
-0.738301076608968212446e-2 0.199280693048932308424e-1
-0.709843121868671679385e-2 -0.306947929924832413811e-1
