
0.358651184536065921406e0 0.153823961489447935680e-12
-0.149895168255065025297e0 -0.245975040737232003574e-12
-0.331068310661286863735e0 -0.160750224438045707931e-12
0.622407452282069208045e-1 0.197635690365322025386e-12
0.155555180177667203522e0 -0.560883872441526876162e-14
-0.420891929764272842149e0 -0.351459658631033539100e-12
-0.168825543789217960588e1 -0.287784173661626008212e-12
0.128347874230682771300e1 0.461715125225740929960e-12
0.169325608695223687062e0 0.698731708343586221943e-14
-0.675894020201285422676e1 0.112375278353560315026e-12
0.148781866712523415889e2 0.235917600559243378910e-11
-0.140583379749685778689e2 -0.360599505984382506796e-11
0.196190921339111115761e2 0.238701831738186154297e-11
0.648683880633134204085e1 0.151375396592601241252e-11
0.134555480466264615839e2 0.141331022406043782524e-11
0.669188139410829205674e-1 -0.506798447067087487472e-15
-0.930239627362910780984e-1 -0.112676049588734950024e-14
-0.467140218000995855046e-2 0.849745146751408608754e-15
-0.678975981697247071465e0 -0.965102563837971771932e-15
0.100000000000000000000e1 0.000000000000000000000e0
-0.692829034000507129891e0 0.239090973581934651548e-14
-0.305240020339840201745e0 -0.115963689388889901188e-13
-0.378559053223665724136e0 0.517341974381330116373e-14
-0.144611587041973768372e-1 0.752561245064660086501e-15
0.240823631508610381314e-1 -0.337437597395379151877e-15
0.160101077530471098473e-1 -0.328572550569415644528e-15
-0.187207922735751356882e-1 -0.242624117411521789123e-16
-0.337345097975836153546e-3 0.114220235650204862427e-15
0.331819509777724256986e-1 -0.479003060902937621846e-15
