
-0.344356188541871725107e0 -0.391367200466420379738e0
-0.127065243050884868232e0 -0.227714609550523813315e0
0.899078095412565807379e-1 -0.161991385307404794870e0
-0.380928766688496103486e-1 -0.124757223326989057443e0
0.610614367073583415803e-1 -0.697173372817198845418e-1
0.649595388488182780398e-1 0.107608008670436629722e-1
-0.687740555229044142746e0 0.195499982592395487224e1
0.221590770912157164095e0 0.170147947798463202926e1
-0.239253449153145641287e1 0.172096889532529063755e1
-0.168032096501867662802e2 -0.246421795743650191429e2
0.302494730614035308280e2 0.393239375461703515174e2
0.117109570108829704966e2 -0.142355306284308481806e2
-0.498184646788205698631e2 -0.778027899576208704577e2
-0.278576418899896556536e1 0.411354743207783117888e2
-0.204759949305119439266e2 0.106418613642196765766e2
-0.240414285288215139990e-1 -0.120851107416718174323e-1
-0.601035713220534825306e-2 -0.302127768541792565362e-2
-0.223647079807254867603e0 0.833129537122070743118e-1
-0.962735312829217071396e-1 0.550925839100564105614e-1
-0.547377118309912615582e-2 -0.126410190139745649726e0
0.100000000000000000000e1 0.000000000000000000000e0
-0.396060569799221417629e0 -0.602897723017351160784e-1
-0.312423350905044533898e0 0.192898183545169041924e0
-0.102563930135324039076e-1 -0.250821453398086295658e-3
-0.840611201190365697481e-2 -0.729567496145785903219e-3
-0.321809533911650328479e-2 -0.114577317459496653403e-2
-0.575456680731830629386e-2 -0.137221882961270669392e-2
-0.201978597679417755502e-2 -0.198721071871084075890e-2
-0.102441171590596721701e-2 -0.163295637906918449680e-2
