
0.130604729573702538965e0 -0.703801729175882823122e-1
-0.294575947235822245074e0 -0.943018161242339031773e-1
0.443022211253755092203e0 0.102982214759462335001e0
0.154582491023801748317e0 0.585789630381778859260e-1
-0.310738479217579656824e0 -0.111755228492862021852e0
0.573010437018298380034e0 0.186571550726300613074e0
0.165349964487953322555e0 0.677626357803440271255e-20
0.179031847565993860127e1 0.108420217248550443401e-18
0.160146108517481614453e1 0.542101086242752217004e-19
0.240572090865056494404e1 0.975781955236953990607e-18
-0.938383657882428456280e1 -0.130104260698260532081e-17
-0.694875109964667028555e1 -0.650521303491302660404e-18
0.366029112610048789796e2 0.260208521396521064162e-17
0.271045342423305887364e2 0.173472347597680709441e-17
0.200709657014725262741e2 0.867361737988403547206e-18
-0.103514263866904406515e-16 -0.121853354881642450185e-16
-0.109519615639116612993e-16 0.505678898301913115914e-16
-0.171363114216686517576e-16 0.820458200089840378987e-15
0.130940526710877177108e-15 -0.391850818000407116485e-15
-0.899157444210866991467e-16 -0.352031354636371935879e-15
-0.153515137487570790790e-15 0.549552152241534787005e-15
-0.112569342326237537052e-15 0.449735934629418773184e-15
0.138507762647262400086e-15 0.668236134767172623105e-15
-0.377228857473750576199e0 -0.394852878692064646060e-16
-0.505445850437155465328e0 0.788757080483204475740e-17
0.551971693211344156761e0 -0.176724954115137222743e-16
0.313975859717824230821e0 -0.381401995489666356676e-16
-0.598993941240303566335e0 0.522924260316914857327e-16
0.100000000000000000000e1 0.000000000000000000000e0
