
-0.103380439028107161974e-2 0.290544216718691191711e-1
-0.108269390622431942006e-1 -0.697828051036015364450e-1
0.116899511834660723989e-1 0.181415287300129618231e-1
0.955914928473011388986e-2 -0.563882792598271390122e-1
0.437971878672051576360e-1 -0.125330216366225146709e-1
-0.852534489444904227182e-2 0.273338575879580198394e-1
0.810527944809074077023e-1 -0.251124447522940171234e1
0.514922607332975705444e0 0.829474502805402279736e-2
0.154874932092269973461e1 -0.228246613702949735785e1
0.239414332193055725048e2 0.348836473341916806952e2
0.187891054023928870550e0 0.129773236713139729082e2
-0.163244632059502389563e2 -0.179448698707503996770e2
-0.241314512578793307872e2 -0.347657076523420892795e2
0.324547318999547800382e2 -0.106862639208335293674e2
0.608241699996038467507e2 0.330602066516667655316e2
-0.233304871274212179639e-1 -0.207420872884898820836e-1
0.125021965442121424768e-2 0.495154675534576298050e-2
0.724219758725829336921e0 -0.631326718896004340765e-1
-0.435213276022861319938e-1 0.747485991795416660890e-1
-0.411570657247943131913e0 -0.156114164184205740920e0
-0.331228686379085205207e0 0.408971015236186638303e0
0.138644393516598489648e0 -0.147003827677682463680e0
0.100000000000000000000e1 0.000000000000000000000e0
-0.474000464468938267016e-3 0.188786691038690268346e-3
0.703738805409183057197e-4 -0.390992692594791143646e-3
-0.135918443647803014363e-3 0.325101367822452494170e-3
0.610030935898136262142e-4 -0.168651157690031387012e-3
-0.588413563545227397239e-3 -0.792343926623041759323e-3
0.412997370879119931706e-3 -0.201355333486480708505e-4
