
-0.126546015114910269233463515215e0 -0.633125483110856577733547201871e-1
0.496686559460381641543798870657e-1 -0.388345911969382482223351309716e-1
0.904803504475001762240920802595e-1 0.353731682712889002356915304608e-1
0.471238105437707921784155334675e-2 0.273976754881034097473518922391e-1
-0.339818644094130877720076195471e-1 0.460966555710957455576694937481e-1
0.121833634060533190016090140745e0 0.359148728229822480268665531278e-1
-0.440131094235688375246906325218e0 0.873318439983352374345588436190e0
-0.409740678851497651014746689441e0 0.343250270949209343643286083362e0
-0.273176901538870094099865582063e1 -0.120653696448873906373662442232e1
0.156574330750348269767057534286e2 0.125917331508735192497398166407e2
-0.198996657494572668871742118381e2 -0.138625111564058349759592284434e1
0.283933330945028666294149145883e2 0.968653783209761806998735756046e1
0.121142381687095456821114194441e2 -0.367923407882849922230085233263e2
-0.118850348632922547895993077074e2 0.925800387934364086072364822466e1
-0.189071449603535278672186066387e2 -0.278487292816923614108430287346e1
-0.209216752547622346872829397028e-1 0.111566418800135374382489048434e-1
-0.128018526793730450396477083462e-1 -0.213678847286131738961836390532e-2
-0.148864004682762013098028602845e-1 0.249299535383190169767223999403e0
-0.268533166017294881125610969327e0 -0.253008857302333889836140207917e0
0.324994815276235751283388246802e-1 0.981694415192556858178199348775e-1
0.100000000000000000000000000000e1 0.000000000000000000000000000000e0
-0.384231704072919245821165455984e0 0.966838542321276970867585089355e-1
-0.148110639666058655450716201770e0 0.123367384382479357636857673092e0
0.219212390717962389078532520429e-2 0.117368897114164854806267707814e-2
0.130085371364325715408183772554e-3 0.345673066906565622842660763986e-6
-0.593181765639737433797221342487e-3 -0.610527917420049349172373848914e-3
-0.103697722642382412171481172768e-3 0.620981214509143441222775587255e-3
-0.149441601303894286234842785049e-3 0.118042588260738419701913917592e-2
-0.208842618453724147771575870087e-2 -0.179467018565079198543240659699e-2
