
-0.881636966436567177099640551933e-2 0.124313079174183959161825597243e-14
0.730872228302119419858176358736e-2 -0.690937003368428067836119870475e-15
0.866533376294736850960992996636e-2 -0.130666657955332414238813163896e-14
-0.406570268099676769435991423833e-2 0.406307177016467441750681608514e-15
-0.137143756231283947098016276846e-1 0.109125797935823441371981243025e-14
0.128820723453624394653563197575e-1 -0.164943796875830740314748690330e-14
-0.165428345695957789548662614940e1 -0.152049095592755535251393712980e-12
-0.647157793209640228887388450515e0 -0.357088628080085944922049607827e-13
-0.212477592631323807066642294583e2 -0.200025841181638328087597699010e-11
0.680795264376490596574545800167e2 -0.922371986798309363712443179308e-11
-0.171818300459917697180265468133e3 -0.235319700829901753495173094400e-10
0.214185230901038994173472934238e3 0.287121505475349114092265391838e-10
0.215179936537477225573975543300e3 0.589578029957390092733139168090e-10
-0.155357410692923795018908556100e3 -0.257317269062763262816299220606e-10
-0.309470114128490896126943318049e3 -0.567744623218969269765472739520e-10
-0.464206626848456762644053285927e-2 0.377029410452438913022078016765e-15
-0.114060162282560121064818343230e-2 0.134209163981769854172804216968e-15
-0.363204003849650642933344330984e0 -0.196912452425201414992229118539e-13
-0.181357516610305442738843424440e0 0.805541380854025054511754270015e-14
0.198079895408659393913772423247e0 0.589599017831666288042805140631e-14
0.100000000000000000000000000000e1 0.000000000000000000000000000000e0
-0.300556585791823308626878691619e0 -0.201065379694963713763485814077e-14
-0.627425718390755228326583891701e0 -0.217419290900573868985605668174e-13
0.178862112857377925238355940884e-4 -0.408725133693088317260098288510e-17
0.125170512221317107380013028808e-5 -0.323929101384433145818518395907e-18
-0.214566446626897757174854260554e-4 0.467460199192740795760054943618e-17
-0.190578299336642718260862737361e-5 0.525876258312559721304402156158e-18
-0.121938219244177510168158490882e-4 0.292165465100003833825877037326e-17
-0.159804282923712603582936375828e-4 0.343919995820449343659451234772e-17
