
0.820790983991035574382754475939e-1 -0.221219487796665859787810007066e-2
0.146044247648307974816313430185e0 0.131188257580424092600175473251e-2
0.981065798548916904305628798020e-1 -0.631932081284499272100342861266e-2
0.259522832105516115624456438725e0 0.116631506210866024317667596273e-1
0.174796938188652626723016709877e0 -0.496486021021059111873830766495e-2
0.117099288975474758389750717460e0 -0.119505145128853256714557801226e-1
0.696912198834847238734926052733e0 -0.154550151521617858556858120087e0
-0.154237054859310287067210444936e1 -0.402097725458974696309182036215e-1
0.953079668055031261517421726017e0 0.760453743367931174514313901765e-2
-0.300610817375926111869685743969e2 0.795987778712877889804678794710e0
0.628968128838240224846363424659e1 0.815044120480155199898141104464e0
0.158842357407378611224430932779e2 -0.161804822517511584443643027834e1
-0.220056319296811292413284715997e1 0.128122942271080809271852616316e0
-0.194972581220040765868383952766e1 -0.826955409711897672535196115754e0
-0.105090529381606355765341891855e2 0.229206623839707465419655490009e1
-0.647866590121901877190534885700e-1 0.215513887680670216824139515906e-3
-0.161966647530475469634543049053e-1 0.538784719201678915256077799310e-4
0.427555707732837892110540372208e0 0.438347984558547192012427607368e-3
0.285259423548837315983574487202e0 0.348066408411595183071604659179e-4
-0.665617905140932122168006913142e0 0.103871703892059004033004197672e-2
0.489845937769523788893342188325e-1 -0.494129999574775739024145504358e-2
-0.336731188720168342662608622537e0 0.243955730884494985485296945842e-2
0.100000000000000000000000000000e1 0.000000000000000000000000000000e0
0.106739869296469558636955283870e-2 -0.446344090066064862980992527031e-3
0.643472754717319291163379086585e-3 0.228955345557946753971719620022e-3
0.114957656293978685042713361906e-2 -0.114259686153374410226974347265e-2
-0.121141722807295435139509903249e-2 0.206228999461701960131588913336e-2
0.624762236593085025887406696913e-3 -0.758594017212072835955227153992e-3
0.117052134542832263366526108182e-2 -0.208469232158155567292460904489e-2
