
-0.966665902235864008099e-1 0.455819169654593772092e0
0.159715273117057420977e0 0.123775102060568821482e0
-0.143508785823321302800e0 -0.203114457469882386801e0
0.155917844714026930580e-1 -0.833028146888468873116e-1
-0.165427937788478519480e-1 0.166598445342860574005e0
0.810748057521837077401e-1 -0.372516354965746884781e0
0.197855219458722793454e0 -0.357679042430584918726e0
-0.242428750449787218263e0 -0.573175607100720014620e0
-0.188819948561789998528e0 0.156451091675994694897e1
0.674289812816919798639e0 -0.133565744160874805974e2
-0.923598994708015808008e1 0.506976947075253831128e1
0.132505634933060635694e2 -0.993917035213092187919e1
0.932183644310001468039e1 0.178578804568539815101e2
0.466548631028426755369e1 -0.328252941510398931054e1
0.813895815959236733242e0 0.908601961345128376121e1
-0.217628226840236936631e-1 -0.568137277687538610761e-1
-0.341568165400523405995e-1 -0.102412930554941171786e-3
-0.350236638233372178679e0 -0.310393119408732232539e0
-0.151841401011616236946e0 0.707168736436536780931e0
0.161383621909889082450e0 -0.570138602809142455870e0
0.100000000000000000000e1 0.000000000000000000000e0
-0.641317911972349402052e0 -0.343778880704733177178e0
-0.441434403995737014841e0 0.256951131654906809407e0
-0.373695475618444694663e-1 0.250261298624302451391e-1
0.532308156242492088422e-2 0.104471686095559981645e-1
0.103135718316664083363e-1 -0.269833504015514909581e-1
0.794819024784780934870e-2 -0.612363842981574932267e-2
-0.151610248539471980203e-1 0.539905519248134742275e-2
0.294213573139924097758e-1 -0.189024914326084979744e-1
