
0.790251782837732828584e0 -0.711371685028369085853e0
0.119127080159770858483e1 -0.156449192306960349174e0
0.310961388196473413988e0 -0.305244918012606678297e0
0.404042058778549501984e0 0.111775060018188586409e1
0.161000386049179828853e0 -0.544612605904351683873e0
0.852655534796910093847e-1 -0.101238458545285897724e1
-0.580888205634144697931e0 0.878593940669993770699e0
-0.266583938077759575666e1 0.382698979999255629305e0
0.499145689043067695528e0 -0.336304562745015054291e0
-0.126660995663630596402e2 0.668947757776290845115e1
0.726086885510529522758e0 -0.119233747759775121251e2
0.102042042313781454021e2 0.100837897037563386134e2
0.344289161529447754933e1 0.119013468070042343423e1
-0.163973201310046177714e2 0.657276716854173799834e1
0.922320795106858208959e1 -0.787961225846333188647e1
0.317400376919732967753e-1 -0.312318851683576105707e-1
0.106324438296124102890e0 0.204095293467946716893e-1
0.122140580930353308672e0 -0.124649995633224157367e0
-0.340489004621486740786e-1 0.473123287731229510815e0
-0.122484206140924452890e0 -0.426818315742399494574e0
0.155464137417055460295e0 -0.789608642474223559649e-1
0.100000000000000000000e1 0.000000000000000000000e0
-0.277604718347485958884e0 0.203610859880383782800e0
-0.152368958620497236064e0 0.125004743769265993291e0
-0.172889479161166780688e0 0.137171029003625385525e-1
-0.379066529898201997589e-1 0.612719804600359829310e-1
-0.489403175492121770245e-2 -0.185311684274021244506e0
-0.271107280442648093140e-2 0.961091750117838716387e-1
-0.181518968681190085427e-2 0.181932935200573488033e0
