
-1.969849525575852e-01 -2.821640954101592e-01
-1.027090130769273e-01 -3.543395908085921e-01
-2.616695967010926e-01 -1.778608624257721e-01
-8.332520240515293e-02 3.349027369977799e-01
2.127276149619167e-01 2.205778949258067e-01
2.803101549627381e-01 -5.273864158762073e-02
-5.116012080491704e-01 -3.698532687364733e-01
1.564854239466557e-01 1.414505883417666e-01
-2.220049403299644e-01 -1.482108235281363e-01
-6.569424013517346e+00 -3.930477446520429e-01
4.489072696271257e+00 2.444410516634123e+00
4.310377620762189e+00 -2.588327371999835e+00
5.601345441313280e+00 3.299166263802670e+00
3.207983808395788e+00 -2.194794333291954e+00
1.551113683020281e+00 -2.481266564522338e-01
-8.486503377742050e-02 5.658005277104312e-03
1.132463747623872e-02 1.305643266800949e-02
-9.105049011786825e-03 -1.860722226950820e-01
4.182581161750500e-01 1.006488973704982e-01
-7.625461642783016e-01 2.515088904585294e-02
1.000000000000000e+00 0.000000000000000e+00
-4.900873127141976e-01 8.496223130719649e-02
4.596822775050087e-01 -2.292574176347395e-01
1.982999565861917e-01 2.734867092214488e-04
1.731955954140748e-01 -6.220146027138773e-03
9.537281215091720e-02 -1.822807086488704e-02
-7.921405366012885e-02 -7.916437395083839e-02
-1.165950804954845e-01 -1.025706359472002e-02
-1.190859029260628e-01 7.889088724161705e-02
