
-0.344356188541872040691e0 0.391367200466420704972e0
-0.127065243050885147996e0 0.227714609550524041810e0
0.899078095412565257621e-1 0.161991385307404988969e0
-0.380928766688497614254e-1 0.124757223326989214761e0
0.610614367073583629323e-1 0.697173372817200386747e-1
0.649595388488183701089e-1 -0.107608008670435662317e-1
-0.687740555229042231948e0 -0.195499982592395380289e1
0.221590770912159289619e0 -0.170147947798463186251e1
-0.239253449153145593409e1 -0.172096889532529333374e1
-0.168032096501867918605e2 0.246421795743650232525e2
0.302494730614035795668e2 -0.393239375461703562949e2
0.117109570108829629670e2 0.142355306284308564284e2
-0.498184646788206627679e2 0.778027899576208724283e2
-0.278576418899894514940e1 -0.411354743207783221902e2
-0.204759949305119494344e2 -0.106418613642196870101e2
-0.240414285288214838463e-1 0.120851107416718246211e-1
-0.601035713220537092644e-2 0.302127768541795617518e-2
-0.223647079807253302056e0 -0.833129537122077543437e-1
-0.962735312829229564386e-1 -0.550925839100559806922e-1
-0.547377118309889605763e-2 0.126410190139745674351e0
0.100000000000000000000e1 0.000000000000000000000e0
-0.396060569799221071552e0 0.602897723017352259894e-1
-0.312423350905043375293e0 -0.192898183545169745463e0
-0.102563930135324120637e-1 0.250821453398051743279e-3
-0.840611201190367011229e-2 0.729567496145769466333e-3
-0.321809533911650846143e-2 0.114577317459495558465e-2
-0.575456680731831561122e-2 0.137221882961270057856e-2
-0.201978597679417884421e-2 0.198721071871084475351e-2
-0.102441171590597733408e-2 0.163295637906920248588e-2
