
-0.103380439028116305186e-2 -0.290544216718691865339e-1
-0.108269390622433300850e-1 0.697828051036016018223e-1
0.116899511834660680427e-1 -0.181415287300130835400e-1
0.955914928473000401105e-2 0.563882792598270766164e-1
0.437971878672046384692e-1 0.125330216366227016890e-1
-0.852534489444884096004e-2 -0.273338575879578900757e-1
0.810527944808936946048e-1 0.251124447522940725738e1
0.514922607332975852679e0 -0.829474502805495779976e-2
0.154874932092270368306e1 0.228246613702950076701e1
0.239414332193059305933e2 -0.348836473341914743533e2
0.187891054023953936111e0 -0.129773236713140072592e2
-0.163244632059505452217e2 0.179448698707503252244e2
-0.241314512578794058625e2 0.347657076523418641714e2
0.324547318999548230593e2 0.106862639208336420299e2
0.608241699996044457507e2 -0.330602066516664664236e2
-0.233304871274213025690e-1 0.207420872884899386332e-1
0.125021965442107107094e-2 -0.495154675534553714330e-2
0.724219758725825480034e0 0.631326718896007363791e-1
-0.435213276022803204906e-1 -0.747485991795410994646e-1
-0.411570657247944485024e0 0.156114164184205098232e0
-0.331228686379093162438e0 -0.408971015236187628207e0
0.138644393516597433201e0 0.147003827677684785187e0
0.100000000000000000000e1 0.000000000000000000000e0
-0.474000464468938522556e-3 -0.188786691038682380696e-3
0.703738805409280081115e-4 0.390992692594782771149e-3
-0.135918443647810174438e-3 -0.325101367822447136581e-3
0.610030935898254582884e-4 0.168651157690035031967e-3
-0.588413563545196258720e-3 0.792343926623038058953e-3
0.412997370879112523979e-3 0.201355333486469911746e-4
