
-0.249698556373565394462056520905e0 0.559400376347818124511518714931e0
-0.119698880017490130242963974911e0 0.416313228185423298109585003865e0
0.213169316896236679821331065819e0 -0.187716847171264299660311769302e-1
-0.427763750790436935727389669432e-1 0.303307055845386679963958702821e0
0.147413371618036090039785570140e0 -0.341574283242797817682087454394e-1
-0.419303326814654756136083678359e-1 -0.618856179648580879938757670807e-1
-0.387818591912122042964794805725e1 0.248230948337345692642914217182e1
-0.409581270004502530834458972236e1 0.359457287505753341184740963397e1
-0.589736411625827455662879609437e1 0.340545760502345182513374260679e1
0.926593560356451443167334249508e2 -0.241671404326303563942439851826e3
-0.128579649076996441434582714648e3 0.334051389830969273353252712980e3
0.617651269066767546559411622041e2 -0.821143406769017229911850527934e2
0.190378133013865495656710388692e3 -0.468582658913077501616260078275e3
-0.897832643924412769686948661321e2 0.858872018534736861476744492819e2
-0.225849605478978401769515822079e2 -0.366875633324585876775511246972e2
-0.119859286522549969552551332293e-1 -0.589131893963429427734451806777e-2
-0.299648216306216286683807502025e-2 -0.147282973490758712325028682397e-2
-0.306755900625329435794140860256e0 0.406138754218559470327987764039e-1
-0.151231127677621926533219230877e0 0.268568480637568404703061390254e-1
0.120626689474809234226300531198e0 -0.616231628532089890870233281065e-1
0.100000000000000000000000000000e1 0.000000000000000000000000000000e0
-0.335918519132267072366543849644e0 -0.293904032010735244049084711346e-1
-0.504848896489999492080839754067e0 0.940351103463273356259007865979e-1
-0.359656080232205294406245223754e-2 0.779525164512162511315019808174e-2
-0.152939304373207646480860745360e-2 0.604384758878113339406718323337e-2
0.140236567651696567904509903434e-2 0.121415583168779485605726780082e-2
-0.297928775770089143032631270144e-3 0.452273475638065505837923425744e-2
0.113469898468488312550596472026e-2 0.605378749836533858842691840274e-3
0.841758143898909696079362802414e-3 -0.394052299587169741215163847319e-3
