
0.399154260949723993659992110718e2 -0.252175957022342869759957780990e-13
0.452943104480291806013864218239e2 -0.284434224484231023265231782791e-13
0.240056101955183057972586508003e2 -0.150316580783416169039615560873e-13
-0.378029197065436134993580906728e1 0.283804464644829006424971053402e-14
-0.255846496084789383372823001345e2 0.161274584322019141665342151227e-13
-0.361351341243180380156851203472e2 0.223794494834078725151679157681e-13
0.418605839874481225001112552128e1 -0.216186011891789737561736385653e-14
0.121542850059007882639598049601e2 -0.584255373815799200278678957160e-14
-0.340115317154044920398675416674e-1 -0.171676468847226816493385488712e-18
-0.682808543488945068834469922077e2 0.420588517244915069209770577791e-13
0.618130074908103147643924948002e2 -0.403985484925845839983051157183e-13
-0.309586613066461154850188788109e1 0.588079937354286479149232826601e-14
-0.442441207981527906590923925780e2 0.338373276181371609570213510960e-13
0.115969274194544292252666406814e3 -0.771386245034531580683967342841e-13
-0.841660471137015469315179022303e2 0.594893810913227147591916291752e-13
0.401407187822339970090600311155e-1 -0.440893837848043509200687096573e-19
0.108578784691061445891042181420e0 0.402316769895568608885324958357e-19
-0.545535172615808977028692925062e0 -0.273683531933434474221310186345e-18
0.524199091157629484481848155282e0 0.612571220678784230394697224027e-18
-0.765584370816757919090559976932e-1 -0.568129640543171842593136280769e-18
-0.438731736854276548294033469193e0 0.220058195381106000165759870937e-18
0.100000000000000000000000000000e1 0.000000000000000000000000000000e0
-0.771254912083532645204717520909e0 0.572109127443656695506421985450e-19
0.315837332685446175237631272824e0 0.102583559401486036952451519766e-15
0.356207434301288640170260496741e0 0.115953334511694342165616440261e-15
0.188233398366533363331170745905e0 0.613573672068379447814483989464e-16
-0.359128794198820200848591050162e-1 -0.117920747104059682111455917756e-16
-0.201987186414619811051830351758e0 -0.657329390342826411832932456474e-16
-0.279924453265564155159175441527e0 -0.907655065753738788572792378466e-16
