
-0.199305358369865083434e-1 -0.328971779771610141231e-1
0.805453957676027542441e-1 -0.196235530832388800598e-1
0.116790563774649156550e0 0.141598869650056949414e-1
-0.119178983730722445769e-1 0.178281153696367150726e0
-0.104868568591475832199e0 0.230862437971056308023e0
-0.254597175114457633180e0 0.254285497410509120223e0
-0.962229987039236852578e0 0.444991828133798792810e0
-0.144206903475832173822e1 -0.122891834381576993884e0
-0.822034965911398451347e0 -0.288651288176116286601e0
0.119122413261060168073e2 0.777250806364066222903e1
-0.153938984549578578697e2 -0.808944297992969112241e1
0.125649675509489642542e2 0.615079877114202021315e1
0.201897681654311710146e2 -0.387320009449915223388e1
-0.133828252567772757499e2 0.196950812512177678322e1
0.929278959179712444813e1 -0.144682530537267286814e0
-0.543219228850805217629e-1 0.846155799210088089130e-2
-0.135804807212700463016e-1 0.211538949802525224999e-2
-0.148978611520361295803e-1 -0.583327206839932680920e-1
0.417666333311920446956e-1 -0.385738371500539931023e-1
-0.322207571221962297029e0 0.885078488334966230551e-1
0.100000000000000000000e1 0.000000000000000000000e0
-0.547122827228753006606e0 0.422127207244043114214e-1
0.170902990328308398616e0 -0.135060340076998172676e0
0.135616952985828140273e-2 0.232672592970838274124e-2
-0.243376747480509414883e-2 0.290003823881750008069e-2
-0.188250781928968806676e-2 -0.415756399542013845882e-3
-0.980991866815164621683e-2 -0.130048486740491576657e-2
-0.792284087624402655099e-2 0.110573222256167772718e-2
-0.901592861332552399274e-2 0.100097683680949590503e-1
