
-0.251161674948110806517e0 0.127169353995943970311e0
0.611615262825112355772e-1 0.267446397888118246337e-1
-0.292988795551154639260e-1 -0.715130531919677840994e-2
0.677973530785889885134e-1 -0.985245648211072181017e-2
0.125055377362755910280e0 -0.234075503394377329301e-1
0.183364321869521818017e0 -0.117316897513833248500e0
-0.438958672530913893844e0 -0.190586925549879395868e1
-0.241528949047463619172e0 -0.452144911345115009256e0
-0.615614926530734691407e0 0.558827526208423034303e-1
-0.238880901702624995927e1 0.648314354526240268020e0
-0.943549468760724571021e0 0.298132512520344758076e1
0.980993067138257334846e1 -0.129582198879203976862e2
0.540335739899767606917e1 0.305128507522516731493e2
-0.949203828210270814862e0 -0.175504665154491262275e2
-0.109270656372780887130e1 0.946128014762829095286e1
-0.611131721356628888131e-1 -0.230400318579659517436e-2
-0.204499323920785725378e-1 -0.214981470833693079066e-3
0.955273853979609409263e-1 0.750306718472323655434e-2
0.175276537336689923218e-1 0.165752153960392763267e-1
-0.377911241296333589516e0 -0.246787257673971998381e-1
0.100000000000000000000e1 0.000000000000000000000e0
-0.606630784482241568396e0 -0.106757406491320490263e-1
0.339441813573688688923e0 0.289557403231887296177e-1
-0.321195367467961775361e-2 0.170618115329084579597e-2
-0.237702972465585337544e-3 0.801209681382361368935e-3
0.705317095096744774967e-3 0.162139220206589733328e-3
0.170493890439588032717e-3 -0.780276084575987737304e-3
0.273891070657071305649e-3 -0.832973014742895052399e-3
0.304145978424003225720e-2 -0.925905068714859600906e-3
