
-0.637300728379101809112e0 -0.391812006796336621481e0
0.859602551973124853692e-1 0.413877847451343706812e0
-0.448858330065615225254e0 -0.174564679347085760885e0
0.136827692145588667507e0 -0.195770721519607349622e0
0.102226325300818768720e0 0.252195917912290576391e0
-0.304429575869252356434e0 -0.587328025907901947700e-1
0.632397835551471563902e1 0.748974695983488152930e1
-0.245449418980952780556e0 -0.100495919425068279288e1
0.800960130827682178134e0 0.138778423775419861700e0
-0.519587032828226924736e2 -0.654552289381915946911e2
-0.208045446266993870575e2 -0.259924372368035513856e2
0.703620305685831727849e2 0.867648527026813748755e2
-0.230538942780933883113e2 -0.254095756693278447720e2
0.322431017358155098743e2 0.164021754906737448794e2
-0.800224122200385222167e2 -0.120617711949862523618e3
-0.691135279801458143770e-1 0.449477063669533264766e-2
-0.172783819950379822244e-1 0.112369265917349507888e-2
0.418755002070826237649e0 0.914221199780496513983e-2
0.284560611162524044711e0 0.725929400184378881852e-3
-0.686472210961124063586e0 0.216635451971120300882e-1
0.148190996867954077727e0 -0.103056050665746450708e0
-0.385710142832087983744e0 0.508795543356289172834e-1
0.100000000000000000000e1 0.000000000000000000000e0
-0.136118614612667825906e-2 -0.381073564120434013712e-4
0.352171487728142993037e-3 -0.858348625407318120070e-3
-0.172532837062556333190e-2 -0.115527529681405589052e-3
-0.101644386277632247936e-2 0.809001022997082911380e-3
0.354672711824609572357e-3 -0.134850702977059248272e-3
-0.167866996461158253969e-2 0.677804897238761552729e-4
