
-0.966665902245835965305e-1 -0.455819169654172470400e0
0.159715273116871471306e0 -0.123775102060879374146e0
-0.143508785822677549927e0 0.203114457470032276355e0
0.155917844717079850020e-1 0.833028146887870476458e-1
-0.165427937791788528336e-1 -0.166598445342595637074e0
0.810748057528756115091e-1 0.372516354965385422727e0
0.197855219459195646005e0 0.357679042431739557069e0
-0.242428750450165125861e0 0.573175607101401783444e0
-0.188819948561258810330e0 -0.156451091676022059922e1
0.674289812810442118918e0 0.133565744160974988709e2
-0.923598994708926060611e1 -0.506976947076660743778e1
0.132505634933108379118e2 0.993917035214187777250e1
0.932183644312818942331e1 -0.178578804568597533098e2
0.466548631027517585017e1 0.328252941511621737589e1
0.813895815950990825704e0 -0.908601961345518967846e1
-0.217628226840118219847e-1 0.568137277687615243254e-1
-0.341568165400419299717e-1 0.102412930569362820814e-3
-0.350236638233496915679e0 0.310393119408407718794e0
-0.151841401011618309941e0 -0.707168736436371864022e0
0.161383621909985126405e0 0.570138602809200239292e0
0.100000000000000000000e1 0.000000000000000000000e0
-0.641317911972241311270e0 0.343778880704804342392e0
-0.441434403995968341138e0 -0.256951131655282901468e0
-0.373695475618221103884e-1 -0.250261298623014960718e-1
0.532308156239032403482e-2 -0.104471686095450581580e-1
0.103135718317052054946e-1 0.269833504014755227483e-1
0.794819024784434932753e-2 0.612363842978633198742e-2
-0.151610248539273554468e-1 -0.539905519243581895460e-2
0.294213573139777589975e-1 0.189024914325151598818e-1
