
0.258482493387745062248e-1 -0.616319539478231819448e-2
-0.314122351248563484938e-2 -0.102016849435746580396e0
0.755891553240736147748e-1 -0.247532360001575465267e-1
-0.895014420245833044917e-1 0.123948462964509224203e-1
0.314521805607172310239e-1 -0.980554316122818866961e-1
0.918527943734345422250e-1 0.112705906843025966900e0
0.423669940083600441452e0 -0.748850754753734495031e0
0.251539262757519978882e0 -0.190724123814217845927e0
0.146445665261408862273e1 -0.161987885193636220568e1
-0.156825349442563848380e2 0.177940297838229895509e2
0.531685685629518999234e1 0.295015741275230703984e1
0.155872733371855257437e0 -0.140840570388360736850e-1
0.590896806180212288669e1 -0.252536624192803986523e2
0.162732828687270786056e2 -0.591755757006002981388e1
0.977356688245426195351e1 0.745963263545740909877e1
0.313846831819596300124e-1 0.420037551988925431895e-1
0.177965122314397066139e-2 0.338694848972110887672e-1
-0.188436612231599719041e0 0.214584938817123987097e0
-0.606665633713101481170e0 -0.387792737296838777830e0
0.549522177143254853253e0 0.271338921163038110010e0
0.100000000000000000000e1 0.000000000000000000000e0
-0.651928270022529143807e-1 0.520350848734138605154e0
-0.811563387768430176167e0 -0.214584938817131843850e0
-0.149459330142555373723e-2 0.867766106432340788187e-3
-0.480039993690816188269e-2 -0.396059682104152213682e-2
-0.695067062450221563880e-2 -0.897223293555829909760e-2
0.147819158361596604877e-1 0.975435447738669060036e-2
-0.181012031995732854830e-1 0.894118956377366474860e-2
0.429265752664111454447e-2 -0.206502631299995228408e-1
