
0.641664357941574772591157866931e-1 -0.381476462579868335817371240284e-2
-0.201133384422802129811361988316e-1 0.770672591913614917946790375576e-1
0.420584194823542072033508416564e-1 0.561104627445894530492293921719e-2
-0.397836678947568918263179478753e-1 0.655909120669114831425737767388e-1
0.700504706171564859690791371442e-1 -0.171135261783441654376251107855e-2
-0.243827678994005854327978388190e-1 -0.617761474411127997844000643332e-1
0.415732992528979606246783562704e0 0.132906508445420570254268911915e1
0.641231572380550204730871293820e0 0.450075518594201737364036818389e0
0.169482009402950649649271402059e1 0.168225353646630921616561610964e1
-0.986416159199086134672303238272e1 -0.155566618221469554261904216088e2
0.561956344570813832157586362401e1 -0.137346823795866143082250333577e2
-0.513125044520106153495295120136e1 0.665843145576930377147337678237e1
0.246342158178277191799243688871e1 0.375145967486752582246983937261e2
0.227980835340204218705679997828e2 0.942993068151934351123526933768e1
0.197421166459341807850782940673e2 -0.142225430842072870174769978245e2
-0.163237518145445646619062972994e-1 0.187765093066762583305125452900e-1
0.234746976495543668509589268990e-1 -0.123735421452444082084229421089e-1
0.974672997597697784987806470304e0 0.183164463121206499650534619366e0
-0.363244565551530750442981685007e0 -0.316990865132129015566121183412e0
-0.376502204390618427593290432549e0 0.230203015435749202830426504147e0
0.130456281445115550039913901404e0 -0.202207956533481208028881081758e-1
0.327485445538205930513436662853e0 0.380334259394768032404943935651e-1
0.100000000000000000000000000000e1 0.000000000000000000000000000000e0
0.143967533238057395277690932101e-2 -0.374090162533739014658613450096e-2
0.303207743412929278440258154719e-3 -0.176162634871630736990027072174e-2
-0.712111853467626762847231867824e-3 -0.201033207204007144287564124874e-2
0.151111189858699701619039447743e-2 0.165818248674803442659782144159e-2
0.560961685315156416164234835338e-3 -0.183549877724255692314686026283e-2
-0.295078723096782536957309730694e-2 0.208271913858942067962605920773e-2
