
8.121447281856827e-01 -1.371386853233788e+00
-4.639921905537683e-01 5.511166378527652e-02
9.548376075338249e-01 2.750518661785254e-01
-1.382932026396168e-01 1.228676164320375e-01
-1.098815090273658e-01 -6.132523508356188e-01
7.370791909917882e-01 2.177199339742797e-01
-6.870183763769996e-01 9.400115308519996e-01
7.752784799659997e-01 8.691393860049996e-01
6.637585391480004e-01 7.137868545540003e-01
-5.204637599679998e-01 -4.987910546220000e-01
-2.580751185949999e-01 2.873748037699999e-01
-5.747356924459999e-01 -1.252334055230001e-01
2.777779463239999e-01 5.287922689119999e-01
-8.930271711399997e-01 -9.554349936429999e-01
-6.114797335949999e-01 -7.636717607819999e-01
1.265789705569569e-01 -4.293636534245704e-01
-1.505597075919427e-02 3.858518328333842e-01
-8.874845513883769e-01 1.773794536556165e-01
6.409719614415613e-02 -9.533854013275991e-01
6.650427592865946e-01 -3.905473070191726e-01
1.042411856182160e-01 -2.117972295620108e-01
2.669551379483145e-01 -6.462553524957984e-01
7.904037877752333e-01 -1.841752958498395e-01
-6.773325992875038e-01 4.662026992049385e-01
7.354811233003796e-01 -5.265163335665143e-02
-1.737061402012817e-01 8.943600451815915e-01
1.000000000000000e+00 0.000000000000000e+00
5.534402558134194e-01 6.812245637537070e-02
-4.390107716874310e-01 -2.071097361044940e-01
