
-0.175594915185942198592e-1 -0.309115126158323753505e-2
0.205903574262679538356e-1 0.550129009938282934287e-1
-0.871245841696300340507e-2 -0.246000296592626136461e-1
0.186328695286525953428e-1 0.184169109117896054435e-1
0.579719207426327075556e-3 0.138837824097591918897e-1
-0.107337801005837548062e-2 -0.153257596502063679051e-1
-0.907184678812052933019e0 0.949788839002206329814e0
0.481387663257295162270e0 -0.136270547136487270076e0
-0.405356994493168633310e0 0.347589963649825541654e1
0.167173303247503139708e2 0.156960140801083029164e2
0.398098226467591957407e1 -0.113834371857671359535e2
-0.645217166119612090284e1 -0.211134282670939133712e2
-0.135420678697368246039e2 0.439705156659429628610e1
0.120220911563585034672e2 0.275045722953893136686e2
0.303120426581003361358e2 0.568070388710085072206e2
-0.844561587703741068180e-2 0.183248746747108727424e-1
-0.849497650618330153753e-2 -0.139490610687875562314e-1
0.100000000000000000000e1 0.000000000000000000000e0
-0.507785951041432830630e0 0.502944672017562891203e-1
-0.180786104206623201486e0 0.131851758523212346660e0
-0.186916243001650636210e-1 -0.645474119275547810577e0
0.142264661187234352081e0 0.908818005492672761089e-1
-0.209680875755000881600e0 -0.866828885790171394576e-1
0.526165944463957895440e0 -0.146525733869114492634e0
0.258248702223218375379e0 -0.819056131910331626603e-1
-0.280680984383917329959e0 -0.417389898427504056155e0
0.979210713707170677251e-1 -0.362574046008124784685e0
-0.690361863086247492356e0 -0.525048798346006749343e-1
-0.528757273694485374141e-1 0.158447134562809441061e0
