
4.555227467171322e-01 -1.723320523699976e-01
5.424553036194770e-01 1.694632930126750e-01
3.869386355197547e-01 2.216892128324151e-01
3.763746376708782e-01 5.459967470106944e-01
1.959342552458205e-01 4.820706288409365e-01
6.850379959553851e-02 4.025389395953783e-01
-7.953148519445812e-01 8.036336043297498e-01
-9.228286927775726e-01 7.994845915017892e-01
-1.619752492941949e+00 5.934541547002721e-01
1.441654063929380e+01 -1.735022464725484e+01
-1.408863172557974e+01 1.958996365033527e+01
1.676465518564639e+01 -4.051967927840910e+00
9.978945123031613e+00 -3.026719724360716e+01
-1.083062885417045e+01 1.492994742204347e+01
1.149989818048726e+00 -4.609321244017963e+00
-3.833469981802724e-02 8.456667192784146e-03
-2.206138208491349e-03 -3.282060691134177e-02
-3.546856980799400e-02 9.085522007615086e-01
-5.394383371863957e-02 -7.139031511451577e-01
-1.993541933503665e-01 1.250246236994420e-01
1.000000000000000e+00 0.000000000000000e+00
-3.863704765081378e-01 1.402353216595112e-03
1.399628156758854e-01 2.440512010528041e-01
-4.504703460931736e-03 3.050465032750519e-01
1.602237904029460e-01 1.714340161367655e-01
9.463092533094818e-01 -1.221043566330700e-01
4.229434861424152e-01 -2.849924378007230e-01
8.088651816725165e-02 -5.242775534921239e-01
-1.878125865588928e-01 -4.386891268279204e-02
