
6.623794889343555e-01 -5.030882120650082e-02
5.540836294508588e-01 -1.106013542285125e-01
-1.455593831040707e-01 -9.363463111939371e-02
-6.263822318208249e-01 1.063389598587779e-01
2.536895604286372e-01 1.466066720307371e-01
1.090593888725625e+00 1.185626542639436e-01
-1.233565281410949e+00 -1.856896938754979e-01
8.159213467660799e-01 1.399925692521903e-01
-3.323490823134270e-01 -2.620244312802353e-02
-1.195989531383869e+01 -1.343858573736989e+00
1.342794237596722e+01 2.153198822292453e+00
-3.327153797243636e+00 -1.848150829988955e+00
1.280031780162075e+01 1.890167209537548e+00
1.793474691535238e+00 -5.835647647833422e-01
-8.404224877820663e-01 -5.463086358005608e-01
-7.675134884854945e-02 1.051229194040153e-02
-1.579165451445144e-02 -4.768017090659981e-02
9.294461794853556e-02 3.543983592824319e-01
1.830866950026658e-01 -4.768263432237962e-01
-5.662629758598737e-01 2.830464748018643e-01
1.000000000000000e+00 0.000000000000000e+00
-6.434229146135122e-01 -2.441294798944966e-01
-2.658494938404111e-01 7.860403306878857e-01
1.095670042248703e-01 -3.271688316063847e-01
5.617295766483215e-01 3.549278641831072e-02
7.878312227741576e-01 -5.556789369934262e-02
5.233869390398200e-01 -5.482882448988873e-01
-1.600096971080625e-01 -3.945960696469349e-01
-9.520029195463123e-02 -1.925486152553801e-02
