
-0.464737292354124042692e-2 0.113723857718500898731e-2
0.215304881022492767408e-1 -0.207373850297452684377e-1
-0.870297887614442546593e-2 0.819083588752964713132e-2
0.105965080146000408774e-1 -0.801844309304490224587e-2
0.660922724034997984136e-2 -0.757119117896332141238e-2
-0.594913509105880045174e-2 0.688120451585989325687e-2
-0.120966202066815481700e1 -0.404365999701017204867e0
0.440471607607910707339e0 0.515286958656904116288e-1
-0.426019835149955943335e1 -0.508911252587622524139e1
-0.147812762423950413079e2 -0.410670845020517866521e2
0.128254450549537366479e2 0.119630604294037209776e2
0.294737268602237498221e2 0.467728374915212897142e2
-0.911802864665432368733e1 0.552296693986725817068e1
-0.216398397800399952349e2 -0.434362821617236095038e2
-0.558908301816017321038e2 -0.113207327606168430267e3
-0.326100606859817519699e-2 0.725131534783086975814e-2
-0.348467885789370218937e-2 -0.216774131399650727124e-2
-0.267057837501734484672e0 0.377085711230726728922e0
-0.282621526626122404060e-1 -0.291986858486567849328e0
0.105112011118377850775e0 0.421237724618094927669e-1
0.461413935498042034386e0 0.829967977942002219484e-2
-0.192058574997883258850e0 0.108102233509870520967e0
0.185197772011303024928e0 0.609215593646623140774e-1
-0.408882290890642999259e0 0.179471034272955706746e0
-0.259592332753454358303e0 -0.196368746800893838401e-1
0.100000000000000000000e1 0.000000000000000000000e0
-0.262986985688942982622e0 -0.314952626578974126035e0
0.449697152383745915095e0 -0.131881900177883481124e0
-0.596311006143688079572e-1 0.509113557169181629428e-1
