
-5.852574216733205e-01 1.037380391923176e-01
-2.627986350718492e-02 5.920026094663271e-01
7.463193598660330e-02 -2.198700696780836e-01
5.930469378930504e-01 1.552314802430572e-01
-2.539801616892221e-01 -5.394936162632875e-02
-7.789516219729741e-03 -2.589695194353749e-01
3.572378350554892e-01 -7.224500416747254e-01
-1.097429572865543e+00 -1.595139257726814e+00
6.637585391480000e-01 7.137868545539999e-01
-9.446855401039993e+00 -1.558175666548154e+01
-7.631684875402007e+00 1.210650544675020e+01
1.322388624136651e+01 -5.301604591337427e+00
1.294470103320391e+01 -1.741961228792209e+00
6.058731090636265e-01 -1.532584585780093e+01
2.012678245219424e+00 4.537665600401705e+00
6.256129975615306e-02 -7.478748842151772e-03
-3.658361138517875e-02 1.205750724492057e-02
-6.361363386690824e-01 -4.850579219527210e-01
-1.565671491114989e-01 2.786355142635332e-01
8.178380263447217e-01 -2.295130748674806e-02
-4.916077760901325e-01 2.583132546533981e-01
-6.680156335181767e-02 -1.048375997885433e-01
1.000000000000000e+00 0.000000000000000e+00
-6.161887895227397e-01 3.875373481546902e-01
6.045111013555379e-02 -3.147414824050868e-01
-4.793741394803062e-01 -6.323649205258833e-02
-3.843013447844346e-01 9.866714145124550e-03
4.284360713771490e-01 2.985310134151770e-01
6.600911633742779e-02 -1.608096257484503e-01
