
-0.651838548895428194395e-1 -0.158414355023327433120e0
0.869122555799622245471e-1 -0.118113535839559592752e0
0.234506207762927891956e-1 0.348941552183008814694e0
-0.138049062042426561056e0 0.463302779708827516483e0
-0.349353084614774341931e0 0.609638126897117498535e0
0.203232916931969380509e0 -0.304888424685500083322e0
-0.284068334797372877695e1 0.343389829798770673721e1
-0.920140257106806546067e0 -0.203210798070238462480e1
-0.244426447158937016355e1 -0.614641640302323007073e0
-0.292420440281196753474e2 0.108167142806861845107e3
-0.574465667253596593000e1 -0.800287464543343961126e2
0.230644192502893917284e2 0.275990432340634704051e2
0.884414059075608081639e2 -0.523188401802497607893e2
-0.502938351258251831639e2 0.322301989415394941479e2
-0.585453467865749492133e2 0.756551231275724854822e2
-0.240220138386320294457e-1 0.170076968365453727617e-1
-0.946035622268252444942e-2 -0.184561235664438478803e-1
-0.234705350224172989030e0 0.761656034087278874624e0
-0.485144963167510018667e-1 -0.650750561936268569609e0
-0.137409249156362451226e-1 0.167277497361085828226e0
0.871467092047217311093e0 -0.159734960264355241514e-1
-0.403081742120473007985e0 0.122909558086438267371e0
0.326713888769688796249e0 0.200002897847460993889e0
-0.232601346945524348179e0 0.234997643721673073319e0
0.523206203440064629529e-2 0.261135215322700989649e-1
0.100000000000000000000e1 0.000000000000000000000e0
0.218948413237758764593e0 -0.360867554286928259602e0
0.259191764767425500643e0 -0.310461014350357673337e0
-0.177279988142599201654e0 -0.303603353498960384237e-1
