
-5.636547101838107e-01 -2.760261815076388e-02
6.397056161166023e-03 -5.588261380058916e-01
1.309409691608608e-01 1.551123103285578e-01
5.955717826603173e-01 -6.902351367463110e-02
-2.474691647125145e-01 8.790738089288545e-02
-3.191707247650639e-02 9.662613182539491e-02
3.148622011445215e-01 5.677747215545784e-01
-1.031654894137305e+00 1.374422918404117e+00
4.813765472167035e-01 -7.127443588580775e-01
-6.286305873341001e+00 1.310840355256988e+01
-8.311902332249325e+00 -8.799086284342186e+00
1.327197929221441e+01 4.336515203003963e+00
1.079414337163447e+01 -1.289456505570302e+00
9.932652369445920e-01 1.278107423026990e+01
3.253416013809881e+00 -4.222396641717100e+00
3.402541749432116e-02 -1.107361325038275e-02
1.110981546557214e-02 2.123552600877958e-02
5.320520706544157e-02 1.533775092578074e-01
-2.538289996737118e-01 1.423260212061112e-01
2.834200467441632e-01 -2.544532404305249e-01
-1.260057478235427e-01 -1.064763196441487e-01
2.841325133340030e-01 1.746021749265241e-01
-4.636836621054812e-01 -5.337721017091289e-01
3.722858196520917e-01 -6.694098145173161e-01
3.067140598998215e-01 8.062217762604086e-01
5.469061902349714e-02 1.812182032884637e-01
1.000000000000000e+00 0.000000000000000e+00
6.504204519200506e-01 2.843087997507506e-01
-1.095026312465488e-01 1.115193441282906e-01
