
-0.576498975255592136305e-1 -0.255928532735104742027e0
-0.471676150522322872036e-2 0.956505288315198068421e-1
-0.600438987160226708771e-1 -0.107944463690485301062e0
0.110005133402964598565e-1 -0.331834722338120562914e-1
0.105777517834708139684e-1 0.438324088877415489292e-1
-0.414638016479013873899e-1 -0.407813903080159324794e-1
-0.157639148173498374185e1 0.726420847676316002828e0
0.138472224866713039483e0 -0.866312541112344511817e0
0.663758539148000000006e0 0.713786854553999999969e0
0.770134231782168150564e1 -0.397745957105450111796e1
0.412551783905950974866e1 -0.189038260455398750292e1
-0.145857736968614365635e2 0.393520188350344921838e1
0.161226635584589851492e2 -0.972272566566818821025e1
0.505671067752871639025e1 0.158716855022211843869e1
0.347555121329778905249e2 0.384014559513127829576e1
0.625612997561534316481e-1 -0.747874884214891269783e-2
-0.365836113851810451206e-1 0.120575072449292596210e-1
-0.636136338669145878051e0 -0.485057921952731569977e0
-0.156567149111444428713e0 0.278635514263536754825e0
0.817838026344729149145e0 -0.229513074867515456468e-1
-0.491607776090206241896e0 0.258313254653416449484e0
-0.668015633517575443921e-1 -0.104837599788506271207e0
0.100000000000000000000e1 0.000000000000000000000e0
-0.616188789522825993165e0 0.387537348154693022360e0
0.604511101355058559032e-1 -0.314741482405096574060e0
-0.479374139480344425450e0 -0.632364920525699020129e-1
-0.384301344784483533219e0 0.986671414517822937672e-2
0.428436071377185668006e0 0.298531013415178311424e0
0.660091163374459549853e-1 -0.160809625748456941563e0
