
1.312486330405819e-01 2.404465344669993e-01
6.921174106304706e-02 2.046185033943572e-01
-1.668721075103119e-01 7.822456052512708e-02
-2.598001218360005e-02 -1.979543630382365e-01
3.941582521130921e-02 8.830514804284548e-02
-1.052686208569818e-01 -4.249217142876274e-02
-6.642249648613612e-01 -1.068075111293469e-01
-9.433756513674219e-02 8.557260859454907e-02
6.637585391479999e-01 7.137868545540001e-01
-9.936996500572093e+00 -1.738022969969187e+00
7.024669983508224e+00 2.935387815430413e+00
-2.666901898571680e+00 -7.104278821522491e+00
1.049283276391248e+01 2.730163292241560e+00
4.145656914692836e+00 3.587596941885336e+00
1.181611971185816e+01 9.331243246752431e+00
6.256129975616920e-02 -7.478748842130279e-03
-3.658361138515787e-02 1.205750724500099e-02
-6.361363386696373e-01 -4.850579219525175e-01
-1.565671491110426e-01 2.786355142633145e-01
8.178380263447691e-01 -2.295130748680974e-02
-4.916077760906437e-01 2.583132546538776e-01
-6.680156335115912e-02 -1.048375997885142e-01
1.000000000000000e+00 0.000000000000000e+00
-6.161887895234259e-01 3.875373481551051e-01
6.045111013512261e-02 -3.147414824049513e-01
-4.793741394805304e-01 -6.323649205226761e-02
-3.843013447845897e-01 9.866714145777306e-03
4.284360713774499e-01 2.985310134150211e-01
6.600911633754455e-02 -1.608096257485861e-01
