
-7.106804348232169e-01 -1.891479659947737e-02
1.136546617567855e-02 -4.808116229900992e-01
2.223637857591403e-01 2.167047786414286e-01
4.268406236028938e-01 3.241543542104418e-01
-3.250973658728089e-01 1.267653640072953e-01
3.332652517387934e-01 -1.526954618302336e-02
3.058489297172761e-01 1.187548589493288e+00
-1.447819961037589e+00 7.412109191623988e-01
2.603410957729529e-01 -8.519304928437530e-01
-8.970454943737959e+00 1.570032710704044e+01
-9.173737168982314e+00 -1.574674844450987e+01
1.750144435031713e+01 1.332826750720173e+01
1.159924588101763e+01 -8.456294002482531e+00
-4.517997412359220e+00 1.171833852295519e+01
-2.628790937279660e+00 -7.244033104557907e+00
2.297488647846714e-03 6.010409571729124e-02
-3.928869259500487e-02 1.447607166665137e-03
-2.794160825990115e-01 1.499605670646610e-01
-1.482326635940310e-01 -5.365152772678492e-01
2.997742001666586e-01 5.701014830268201e-01
3.217509354736940e-01 -2.496370869741970e-01
-4.297716732633849e-01 3.754171034098284e-01
1.000000000000000e+00 0.000000000000000e+00
2.011315366945741e-01 4.089595666130841e-01
-5.541418170699164e-01 -1.086502417519409e-01
-8.480062373936521e-02 -7.035875932514747e-02
-9.113681667943954e-02 5.610347221132292e-01
-3.733182264621576e-01 5.090146025210758e-01
-1.346233282255136e-01 -1.689839073129535e-01
