
5.508045861763537e-01 -6.511957875885919e-01
4.461188425300712e-01 -1.309162877375868e+00
3.453885555945813e-01 -6.329700269462062e-01
2.070657349393230e-01 1.789548529453414e-01
-4.004469815911914e-01 6.123031415600084e-01
-7.578703211156768e-01 4.722409346432506e-01
-5.048342897870434e-01 -4.999218911098269e-02
-6.438662835514908e-01 -1.012110099674052e-02
-2.402048328949843e-02 -2.585424186811898e-01
-4.102339288046259e+00 2.902556687529233e+00
-3.034278206313186e-02 -2.087279003588293e+00
6.182800352134564e+00 1.548431606411732e+00
6.930944810197630e+00 5.492946726279907e-01
-1.583483411129512e+00 -1.265976335009330e+00
6.575641020385507e+00 -9.712022397335469e-01
3.407219351026607e-02 5.704134995363006e-02
-3.366814466283011e-02 1.949493377686487e-02
3.941169399079644e-02 -3.751447058052372e-02
-3.876917586721069e-01 -1.891840951901757e-01
4.747339646555268e-01 4.119179274192020e-01
-1.886204393646352e-01 -5.916702584507794e-01
-6.533252836316142e-02 5.206156770921936e-01
1.000000000000000e+00 0.000000000000000e+00
-4.016901254818626e-01 3.389442445250131e-01
-2.768511598304671e-01 -5.426065740310811e-01
-2.466333149798767e-01 -4.662997584667496e-01
-6.298676717428408e-01 -1.257209430517393e-01
-2.743114877391515e-01 2.266702821723739e-01
-2.102268636707677e-02 -1.293513114203825e-02
