
-1.434952127199575e-01 -6.648226815505299e-03
1.445478770773456e-01 -3.356453374781395e-01
4.982150820002447e-02 2.320579058590376e-01
6.693822950586857e-01 6.452022676435826e-01
-5.971359699010262e-01 -8.955856509967866e-02
3.497653554473188e-01 -1.773457709990441e-01
5.667794581299943e-01 -7.056246055273560e-01
-3.767662568533314e-02 9.523395258418271e-01
9.009735128460936e-01 -1.134457502589279e+00
-2.176740212650212e+00 2.355541173972487e+01
-7.526434374208939e+00 -3.302310196107567e+00
6.951908401810370e+00 -5.951217411000576e+00
9.190876809481527e+00 -6.183215498576839e+00
1.395620222338328e+01 4.337392051818348e+00
1.123200458906254e+01 1.290897460270958e+01
2.870119165088338e-02 2.817458729778983e-02
-1.883551240943610e-02 1.237471948321957e-02
-3.876743882094489e-01 2.907593874807651e-01
-1.847174442824565e-01 -3.370058036883173e-01
4.702993777658420e-01 1.895363364031165e-01
1.488498006037372e-01 -1.047940454683962e-01
-1.381056340843342e-01 3.214874330728816e-01
4.521315823358591e-01 -8.137640395301549e-02
-5.073214635107737e-03 -3.845398004804655e-01
3.785628415162476e-01 3.918759984050240e-01
-1.181582197080254e-01 1.532783682515253e-01
1.000000000000000e+00 0.000000000000000e+00
4.485561270197216e-01 3.361006551714038e-01
-1.769565289448647e-01 -9.997795338239378e-02
