
-3.249343498585876e-02 1.835744441541916e-01
-2.661068745864962e-01 2.327332433858995e-01
-2.090747220656654e-01 1.857070154057185e-01
2.126862405107112e-01 -5.975468972408229e-02
-3.825209299863449e-02 -2.160252086501670e-01
-1.535990984612101e-01 1.261333578657034e-01
-2.048401300486872e-01 3.011974385687816e-01
-1.106157655378322e-01 2.068738759017585e-01
6.588589936106619e-01 9.434554230926333e-01
-1.195839884011825e+01 -7.756656726319450e+00
6.376349063281468e+00 2.460102353331742e+00
1.423800748345674e+00 -4.062987400169333e+00
4.389672530566513e+00 5.248119847348693e+00
6.742633403322991e+00 5.925396612460183e+00
7.568726309551738e+00 2.508536878970755e+00
-3.743754203288956e-02 4.568490270947197e-02
1.854287617950852e-02 -4.225714839415073e-02
1.000000000000000e+00 0.000000000000000e+00
-2.331339092907511e-01 -3.434051981959781e-01
-5.675960497424123e-01 5.670555896400877e-01
2.131131937460938e-01 -5.724553414128117e-01
1.804089339103851e-01 -1.998953763859440e-02
-6.982490887362882e-01 6.096898018597404e-01
2.832438552771576e-01 -5.597015259204473e-01
1.813507122945285e-01 2.488266671278161e-01
3.841166484838088e-01 -3.164248429634393e-01
2.850405575051861e-01 -3.440945043026284e-01
-6.485357201942210e-01 2.579022846498447e-02
3.007425703253497e-02 1.782257642331787e-01
