
3.729409439208740e-01 -2.537514612394165e-02
3.424572702114804e-01 2.759473172379431e-01
-1.916007013716062e-01 3.431782449299480e-01
-5.352981538316206e-01 -3.313092520955530e-01
2.229786813479540e-01 -6.414425218329247e-01
9.754873477769690e-01 -6.675993883028943e-01
-1.017960456184893e+00 8.921187060025084e-01
6.224790871969252e-01 -7.128542190058145e-01
-3.814752003606689e-01 9.129067672875857e-02
-9.611972520085688e+00 6.768133796160568e+00
1.036838977339005e+01 -1.070364713338541e+01
-5.278891562767785e-01 9.302924729758370e+00
1.013553623064744e+01 -9.209439353669444e+00
2.021004453156039e+00 2.372297076795360e+00
-5.235637105617554e-01 2.441305557508871e+00
-7.148515364345805e-02 5.126216777559931e-03
-1.554275546674199e-02 -4.687164680276148e-02
1.416980402075501e-01 4.093775196840870e-01
1.071828210053265e-01 -4.542468072639502e-01
-5.169851249304699e-01 2.147863924323160e-01
1.000000000000000e+00 0.000000000000000e+00
-6.047228891944868e-01 -2.493935696121561e-01
-2.572488326089949e-01 6.399056996842097e-01
2.067328299830227e-01 -2.391629005778571e-01
5.165278153991038e-01 8.899683219621501e-02
7.862901261614723e-01 -5.758937108647261e-02
5.404689294986937e-01 -5.063212273142847e-01
-1.484762730474841e-01 -3.964811593143474e-01
-1.174687737854683e-01 -1.021617112786858e-02
