
7.784397734998114e-02 -9.196760845947007e-01
4.067972654995394e-01 -2.469382477326317e-01
4.807934846291619e-01 -4.676626526241389e-02
-2.306248451196411e-01 1.100470110156698e-01
-1.312715380850776e-01 2.702692503606243e-01
3.859765197384396e-01 4.584959370846454e-02
-5.949683662571793e-01 5.509449947562700e-01
-1.217512493010844e-02 1.789697176230534e-01
-4.723487348023283e-01 1.128169933573789e+00
-3.348061761018859e+00 -4.787200030813322e+00
4.640684160617861e+00 2.747213550891297e+00
4.857567662340903e+00 -5.097622922224378e+00
-1.508320459529675e-01 -4.022502173332199e+00
1.783195599545433e+00 1.039547359679025e+01
3.498893806971825e+00 8.809702204145520e+00
-1.641932958690941e-02 3.305066272504444e-02
-3.880514229880265e-02 -3.485817984639066e-02
1.000000000000000e+00 0.000000000000000e+00
-7.012705013581290e-01 -1.019421848855908e-01
-5.811241039745219e-02 3.540315165692911e-01
3.451178486475489e-01 -7.965189347103004e-01
-2.027344306158920e-01 2.020675668489506e-02
9.792523136572406e-02 2.437627964465398e-01
4.247855658120603e-01 -1.167891266516786e-01
4.195415819422972e-01 -8.298548571268624e-02
1.652981179907014e-01 -7.350864498580840e-01
5.561982690763834e-02 -6.525910190588131e-01
-6.192263477669397e-01 -5.916295436538360e-02
-8.128673957258714e-02 1.555952745087937e-01
