
-2.411829073739141e+00 2.723430348265995e-01
-2.403282212000731e+00 -8.983602083509896e-01
1.586641794634666e+00 7.712895325523837e-01
-1.170705863806329e+00 -1.517039243960802e+00
-5.597384704366364e-01 4.200861264791110e-01
3.582534937545471e+00 1.244696209134203e+00
3.953072015700831e-02 1.631502973774212e+00
-1.596297360802745e+00 5.004717926456569e+00
1.489463449590886e+00 -3.183599867096943e-01
-2.435963194233090e+01 4.907024420876277e+01
3.863789273855344e+00 -4.933916426829413e+01
6.639964654218277e+00 2.998169597251624e+00
1.315206255397596e+01 5.730829722327056e+01
-3.575550580700842e+00 4.744978034517725e+01
3.991617616732034e+00 3.688672729292673e+00
5.310465552181789e-02 6.949926102424349e-04
-1.917557520463956e-02 2.184782092256015e-02
-7.752879615750100e-01 4.300798288980352e-01
-1.079983216945601e-01 -2.285990958426424e-01
7.407683325139592e-01 -1.157935041254032e-01
-5.949470300974490e-02 1.453268077526078e-01
-8.429607566572049e-02 2.574849582756855e-01
1.000000000000000e+00 0.000000000000000e+00
-8.315184896432655e-01 1.620908255577233e-01
7.170456617058382e-01 -1.998459596315575e-01
-3.893624209860016e-01 -2.233759424979913e-02
5.547871338576057e-01 -4.087059695008484e-01
7.034597792982258e-01 -2.657942560020211e-01
-1.191791917706225e-01 -1.998792703489607e-01
