
2.436039375379129e-03 -9.183401006468962e-03
-7.363523543598084e-02 1.307295907781893e-02
1.660280792532903e-02 4.163180451847813e-02
3.375758629903475e-01 4.822720407308931e-01
2.421104208520770e-01 -2.566144137679535e-01
-1.799715949111562e-01 -1.109758818207057e-01
4.501356589017810e-01 6.304027063555279e-02
-8.994032530274316e-01 -3.672971559484725e-01
6.637585391480000e-01 7.137868545539999e-01
-1.521957514449994e+01 -1.556667749343122e+01
-1.629565672820297e-01 7.777119993191889e+00
1.203056402420622e+01 -1.680446221047413e+00
2.719276273148380e+00 1.919087202028493e+00
3.043463084844576e+00 -2.492546798386989e+00
-7.855595368645858e-01 -4.580366829040991e+00
6.256129975615345e-02 -7.478748842148959e-03
-3.658361138518099e-02 1.205750724492908e-02
-6.361363386691441e-01 -4.850579219527312e-01
-1.565671491114455e-01 2.786355142635367e-01
8.178380263447294e-01 -2.295130748675128e-02
-4.916077760902047e-01 2.583132546534160e-01
-6.680156335175838e-02 -1.048375997885066e-01
1.000000000000000e+00 0.000000000000000e+00
-6.161887895228246e-01 3.875373481546929e-01
6.045111013550686e-02 -3.147414824050966e-01
-4.793741394803437e-01 -6.323649205257044e-02
-3.843013447844829e-01 9.866714145176744e-03
4.284360713771848e-01 2.985310134151781e-01
6.600911633744566e-02 -1.608096257484568e-01
