
-1.115884959435299e-01 -2.148528039989982e-01
3.283370695154039e-02 1.046227571811394e-01
-8.827708611100074e-02 -4.953616142177816e-02
-6.397202348898633e-03 -4.925103605542604e-02
3.546780585241732e-02 2.905219203808673e-02
-4.222280183035992e-02 2.920295576295660e-03
-1.043641174193204e+00 1.041494639131075e+00
-9.616982348499137e-02 -6.626461988219237e-01
3.813434146586466e-01 5.757281477152607e-01
1.956159089828080e+00 -5.482626491901804e+00
3.267450708249152e+00 -3.734460402409660e+00
-5.752908782269373e+00 7.881120128023666e+00
1.026020771662713e+01 -9.362652941865973e+00
3.611694065850124e+00 3.419154884889268e+00
2.215166256604248e+01 -2.838711395119726e+00
7.268302208393670e-02 -7.039841351094832e-03
-2.845364929311794e-02 -9.654257321706940e-03
-2.940637619646203e-01 -4.166964050078792e-01
-4.042004842160596e-01 1.642733330813248e-01
8.427649533798633e-01 6.644356310216745e-02
-5.138002642939232e-01 2.356964328605011e-01
1.338653473028599e-01 -2.552395087383569e-01
1.000000000000000e+00 0.000000000000000e+00
-5.179291661277527e-01 6.081852278507198e-01
2.205402277314913e-02 -2.355324840880820e-01
-4.572860430626555e-01 -9.937537387506599e-02
-3.350884675456817e-01 -1.511847790401100e-02
2.191501610691967e-01 3.008382137636477e-01
4.842676143800254e-02 -1.474853572626216e-01
