
5.100146370806080e-01 2.862434609227027e-01
2.745970363799336e-01 5.186361974850712e-02
5.621186161172710e-01 2.936163264308148e-01
1.322559410816191e-01 -1.838026806191140e-02
2.993159144185764e-01 4.725836128170169e-02
6.188324453674420e-01 2.999083833118345e-01
2.681096810126376e+00 6.727576838590293e-02
-1.260891583726142e+00 -7.667842805079747e-02
7.881587377680771e-01 -1.033682594997948e-02
-3.824818564828710e+01 -4.293214263447247e-01
-4.355139068435654e+00 -3.194898605234802e-01
3.712230089656539e+01 1.033845626717618e+00
-8.578970851435823e+00 -9.008922484019664e-01
7.738336101548015e+00 -3.027980311405147e-01
-3.741459810670585e+01 -8.644903447938503e-01
-3.891332210240191e-02 -2.826130422941823e-02
2.298985283513923e-02 -1.533966811857529e-03
3.811209304141767e-01 1.885670011995996e-01
1.197409107008386e-01 1.108425283431261e-01
-5.141043998411551e-01 -3.000973641155392e-01
2.745477296662016e-01 9.937695881436408e-02
4.546723464846365e-02 -1.162692633690773e-01
-8.212731605935120e-01 -5.615844263779658e-01
1.000000000000000e+00 0.000000000000000e+00
-4.742836342689095e-01 4.330733008679977e-01
2.327902910095738e-01 3.015479371817450e-01
1.531446082038534e-01 5.230997226567633e-01
-2.779135067339234e-01 2.766297524876016e-02
-6.750249354340433e-02 1.035224441720013e-01
