
-1.043945920727613e-01 -8.507971327861286e-02
9.054380599983862e-02 -7.342473977336218e-02
-1.052446323429543e-01 1.825207845718115e-02
-1.610715286939892e-01 -2.623005745227106e-02
6.524664559994228e-02 -7.997914377528267e-02
3.516061796577169e-02 1.987589217864225e-01
1.129777393033115e-01 -2.721754024134520e-01
-7.038550533660849e-02 3.305786485975687e-01
5.637586656780502e-02 -7.172207242403830e-01
-4.608792113223958e+00 5.635439189738344e+00
-8.914356085713711e-01 3.518338310596428e-01
8.512710616873825e+00 5.367475634892735e-01
1.530532887972731e+00 -3.616898515584469e+00
7.229530311975925e+00 -9.430609706404480e-01
3.078259225251226e+00 -2.018540674153874e+00
1.094164923194477e-02 5.806081808625164e-02
-3.860162197399088e-02 6.211915323309286e-03
-1.163017070396354e-01 1.905498697924327e-01
-2.841981301400982e-01 -4.519264691209939e-01
3.530828882669240e-01 4.889836882649357e-01
2.409070824149790e-01 -4.153002058726407e-01
-3.289870416383982e-01 4.437290341359001e-01
1.000000000000000e+00 0.000000000000000e+00
-5.500854716169945e-02 3.788169070499022e-01
-3.748532804877520e-01 -3.115614073969456e-01
-1.646016669556603e-02 -2.229235727322047e-01
-2.530135671632270e-01 1.310100171897478e-01
-3.060874576423078e-01 3.154722291934845e-01
-1.232978318022725e-01 -8.944217850018527e-02
