
-0.344329346687069886186e-1 0.610574278485603975873e-1
-0.453767355672968773263e-1 0.845276149285744799974e-1
-0.316549547502856642035e-1 0.611424819113678365271e-1
-0.596830408509221661143e-1 0.116954350237780658483e0
-0.415731104029486039910e-1 0.845648765776559363064e-1
-0.289251311592398449579e-1 0.611284198670546714527e-1
-0.155538713477051546629e1 -0.607787684426209698889e-1
-0.210225413331463748911e1 -0.252500917453389083834e-1
-0.426019835149954156743e1 -0.508911252587631317496e1
0.876926265749312792430e2 0.995194430014065975140e2
-0.953543710375241012900e2 -0.110772337017789483618e3
0.449448398139483332805e2 0.518714462653399575182e2
0.948263077049358464599e2 0.997572291234951053357e2
-0.370526457994298855890e2 -0.247854562379238558736e2
0.726623880780292049752e1 -0.191086235573058717315e2
-0.326100606859823021305e-2 0.725131534783076885026e-2
-0.348467885789365300619e-2 -0.216774131399656960121e-2
-0.267057837501733490973e0 0.377085711230736322187e0
-0.282621526626094087291e-1 -0.291986858486573057592e0
0.105112011118375665802e0 0.421237724618077353633e-1
0.461413935498035704543e0 0.829967977942124307425e-2
-0.192058574997868098357e0 0.108102233509875308716e0
0.185197772011296568517e0 0.609215593646603200737e-1
-0.408882290890652577562e0 0.179471034272960164904e0
-0.259592332753459324572e0 -0.196368746800850903182e-1
0.100000000000000000000e1 0.000000000000000000000e0
-0.262986985688943435358e0 -0.314952626578968945689e0
0.449697152383748722745e0 -0.131881900177890842789e0
-0.596311006143675127862e-1 0.509113557169183111092e-1
