
-3.955694041274842e-01 5.990484984748250e-01
1.838507209910196e+00 -1.242358883937507e+00
-8.042290411360137e-01 -1.012441013377853e+00
-2.366225121561788e+00 -9.168198828659992e-01
5.370323036795017e-01 1.854355459123048e+00
8.082902916968526e-01 -3.807920906530164e-01
5.340291704449408e-02 -1.908273694897890e-01
-5.476328181824326e-01 -4.097475269561496e-01
3.474357731704479e-01 5.654473204243093e-01
-8.732401356296220e+00 -6.591612885055402e+00
-8.421067940985605e-01 4.042805164767098e+00
8.778432574707494e+00 -3.770581831205683e+00
5.705161461801078e+00 3.163396703657751e+00
3.134730146971946e+00 -2.934488368531511e+00
3.027239894495140e+00 3.428216181397652e+00
7.513860603751862e-02 -7.590557348997461e-03
-2.576001099352984e-02 -1.318442094674731e-02
-2.599754414854745e-01 -3.960590692403820e-01
-4.328789484572317e-01 1.371327341250303e-01
8.511283210820062e-01 7.730682217034962e-02
-5.219131649329192e-01 2.532308538895261e-01
1.767530509000107e-01 -2.840882178926849e-01
1.000000000000000e+00 0.000000000000000e+00
-5.149054637327249e-01 6.533432656170152e-01
9.884250868541930e-03 -2.090986217053020e-01
-4.521653647191407e-01 -9.265623320409136e-02
-3.165687305775893e-01 -5.257769957714986e-04
2.020276285924964e-01 2.984617533616685e-01
4.678060462114457e-02 -1.509726650570020e-01
