
-3.911964939601216e+00 -6.091204240118555e-01
-1.318876148762393e+00 -1.883306230682274e+00
-1.165692154430920e+00 4.547980231735391e-01
2.203134484056546e+00 -2.435906050067354e+00
-8.235110965678082e-01 7.954248208639596e-01
-1.767223115821380e+00 2.403596702101813e+00
-5.100142820319467e-01 2.196550475769319e+00
-4.825884724657727e+00 3.106005915129499e+00
5.541682501161141e-01 -3.022657439912504e-01
-1.273182834762393e+01 1.068354071057908e+01
-7.387428367586772e+00 -1.962915735810201e+01
1.998391006490347e+01 1.274044786233392e+01
2.335604652556851e+00 9.162018308138068e+00
-3.279691526231139e+01 3.425525409183133e+01
1.039622369506708e+01 -1.984555901871714e+01
-7.574515181958300e-03 -2.541036915539598e-02
1.694284739703820e-02 8.177012364084734e-03
1.519487522824690e-01 8.804242459954202e-02
2.043471750049829e-02 1.527442114951415e-01
-1.631650705695175e-01 -2.893583208251284e-01
6.710640952389194e-02 1.566804930919664e-01
1.251052283057752e-01 -6.044048434608065e-02
-5.819572473691412e-01 -7.302909648333233e-01
1.000000000000000e+00 0.000000000000000e+00
-5.301028171974775e-01 6.780740612163213e-01
4.087783920798524e-02 3.247217419242946e-01
3.365851387998040e-01 7.999409450039088e-01
-2.260234731481095e-02 3.106965942444984e-01
-7.494868671337840e-02 4.892080530460594e-02
