
-0.109950674067466156195e0 -0.441160289655757176575e-1
0.192858496375378006527e1 -0.632792482745301128582e0
0.695103636234327803948e0 -0.278406657229274560715e0
-0.764693962890479929460e0 0.348215717774387997725e0
0.100657520955935774333e1 -0.292995606299456107631e0
0.874644636957946086447e0 -0.304099688808812280034e0
0.202953839640160758576e3 -0.495587703275587888353e2
0.417693721332913407603e2 -0.996326251474936750840e1
0.759182738218809203905e0 -0.416120114214818797782e-2
-0.124065429361322053681e4 0.304518549916283256529e3
-0.802251946135703486951e3 0.198115305228772174112e3
0.202932075862089726026e4 -0.497789816610685280251e3
-0.577593499868786452278e3 0.135959716147781852380e3
0.109692190328832537705e4 -0.261533554220102546856e3
-0.287595577608764511979e4 0.710072557406932288959e3
0.483003496988067578717e-1 0.241521161462265778704e-2
-0.182857610284281337797e-1 0.139721954405288365356e-1
-0.409603447139847902316e0 0.437737314090540329111e-1
-0.166472786919863711890e0 -0.227883457412476401644e-1
0.593625679809463786970e0 -0.294827328946809127084e-1
-0.292489448919974330250e0 0.655168385381745378238e-1
0.323450166910837071234e-1 0.121879986394718810072e0
0.100000000000000000000e1 0.000000000000000000000e0
-0.816247558035955995243e0 0.574788414267227762487e0
0.120398909117424218952e0 -0.627229430406017954085e0
-0.366787585457710371088e0 -0.123490245684031356871e0
-0.446356885215314490382e0 -0.325980390069965088410e0
0.193881499809493562341e0 -0.162219929947052867320e0
0.798247001664989214544e-3 -0.122767476044543253743e0
