
-0.127910266327142355071e1 0.107039425112200389470e0
-0.199998630721144869671e0 0.920271641375663173961e0
-0.261634818486492496954e0 -0.164110210508670354036e0
0.941380145908420140480e0 0.511861925229912035859e0
-0.317802203210782029786e0 -0.126331603645789386996e0
-0.530216846451398662052e0 -0.558638172294600181343e0
0.224250804584097668501e0 -0.144114250763631024962e1
-0.213229831989876172102e1 -0.259887030971098544388e1
0.564991893611274067892e0 0.373870720176148144760e0
-0.107092408194186172864e2 -0.902586135360480392234e1
-0.775193722645189500818e1 0.116992979279007874704e2
0.165354270564573299120e2 -0.683651996941438380544e1
0.812620433037099828590e1 -0.447357610714332224518e1
-0.832296429148727187879e1 -0.266647593524575189962e2
0.258303648904761819303e1 0.134994374607481250330e2
0.634360820609651648353e-1 0.263223878993352594252e-2
-0.221097444867533682082e-1 0.767291115622599375291e-2
-0.429338178067939456632e0 -0.241332451251067431298e0
-0.236464890172975965551e0 0.784895676466289094966e-1
0.740714506154992429225e0 0.523618040191318363525e-1
-0.469285532227950447846e0 0.144601724711193009272e0
0.998031533514434881490e-1 -0.118906481912701697803e-1
0.100000000000000000000e1 0.000000000000000000000e0
-0.684119832200955851171e0 0.534409219253113510839e0
0.686273472252632108100e-3 -0.377598534490917980556e0
-0.448059989732600430420e0 -0.110381358915615548701e0
-0.403133951911663660070e0 -0.504627354197763289224e-1
0.247679975230242746878e0 0.153385028116934615881e0
0.436738059107435150049e-1 -0.142671328719508829072e0
