
-0.749644851796891400824e0 -0.184642651531838131821e0
-0.527665137608801659169e0 -0.238336686568741710061e0
0.908612455628355130270e-1 0.212292315453018290206e-1
-0.356646668225003576148e0 -0.247679596684921196522e0
0.641128401682172929812e-1 0.280393158618439157720e-1
-0.110112381255885119479e-1 -0.243406545454551019059e-2
-0.259083832980347467437e1 -0.325404492793775572640e1
-0.818892093683288954230e0 -0.551478039510850093132e1
-0.426019835149949148336e1 -0.508911252587614981562e1
-0.198519991891345739282e3 0.187293748099283247341e3
0.217748111662027513460e3 -0.279297307499868909142e3
-0.488128799381843769649e-1 0.910342336229628116620e2
-0.228409343756919219565e3 0.401949851257569096247e3
-0.439225754111491305254e2 -0.116432038680231700563e3
-0.137020896930342536577e3 -0.838981257617193084287e1
-0.326100606859826096288e-2 0.725131534783064060354e-2
-0.348467885789356363828e-2 -0.216774131399665237624e-2
-0.267057837501734487138e0 0.377085711230748330783e0
-0.282621526626048708602e-1 -0.291986858486578983000e0
0.105112011118373500820e0 0.421237724618052604007e-1
0.461413935498027815969e0 0.829967977942137457442e-2
-0.192058574997850739995e0 0.108102233509884482042e0
0.185197772011289307819e0 0.609215593646565377193e-1
-0.408882290890665172251e0 0.179471034272963507079e0
-0.259592332753466283957e0 -0.196368746800807540380e-1
0.100000000000000000000e1 0.000000000000000000000e0
-0.262986985688944829723e0 -0.314952626578962574619e0
0.449697152383753795510e0 -0.131881900177899083335e0
-0.596311006143660047457e-1 0.509113557169187103531e-1
