
-0.140899879703202914540e0 0.150562859855165005334e-2
-0.283400185071646352036e-1 0.273606245530918796157e-3
0.595935883305945798816e0 0.189307875081215213021e-1
0.767868693736111659746e0 0.318938274505268899889e-1
0.132893206614629746400e1 0.779512027820401344748e-1
-0.626968814032908745273e0 -0.333994560490785400545e-1
0.370665077408083267884e1 0.130032205529567954257e0
-0.292177018692010217115e1 0.281435192891746037295e-1
-0.356213796505526968106e1 -0.957996309127859971624e-1
0.218777884775219575525e3 0.752943853207254967103e1
-0.139268292609542398822e3 -0.249665956477957162729e1
0.451133020349275575024e2 -0.260400991475992096488e0
-0.946677634625805195859e2 -0.728706449475210702761e1
0.517552492477008790443e2 0.342213984511242876908e1
0.152519643266933985534e3 0.667808370729976275362e1
-0.195170183132901560905e-1 0.724847201604448589694e-2
-0.181263971580068949666e-2 -0.141859239073586744401e-1
-0.353037205101529309140e0 0.743243620670312279063e0
0.405796148187365471902e-1 -0.583273269834818828617e0
-0.181200267617198367568e-2 0.691074739561874948636e-1
0.786677204576853753059e0 0.102603689726613525447e0
-0.334751873085993663094e0 0.853277635301217749213e-1
0.265788249198577134440e0 0.145552463473342917632e0
-0.285606308816282214273e0 0.307648046208450935809e0
-0.752752988341454318130e-1 0.101558691134236034868e0
0.100000000000000000000e1 0.000000000000000000000e0
0.138159260886311957220e0 -0.209865470045697064073e0
0.377791289914700196195e0 -0.353936518273709795345e0
-0.139250337875338615575e0 -0.431223897528813415096e-1
