
0.119680306994556850482e0 -0.484166980782892243909e-1
0.174703780933154590238e0 -0.640127663994389281245e-1
0.132895732469032332713e0 -0.433118930466298334251e-1
0.254705659415385571483e0 -0.838445177589295856239e-1
0.193494981345259138474e0 -0.560274871411257860246e-1
0.146786153180049753911e0 -0.368066455721314416626e-1
-0.133872240503027314451e1 0.693190551617857922558e-1
-0.206754925415977822600e1 0.255019701459503723377e-1
0.663758539148000000006e0 0.713786854553999999969e0
-0.106289277379892938211e2 -0.150892341969414503968e2
0.927351625051642841115e1 0.149744923214377933345e2
-0.229726899455957529403e1 -0.625083630907941200944e1
0.360331568441030070733e1 -0.123189125051003986926e2
-0.137040494186468450964e2 0.335685476191791929866e1
0.205855802299012145464e2 0.487502074243084762854e0
0.625612997561534472945e-1 -0.747874884214895892550e-2
-0.365836113851809461126e-1 0.120575072449291457349e-1
-0.636136338669145002828e0 -0.485057921952730948674e0
-0.156567149111445225439e0 0.278635514263536295801e0
0.817838026344729007602e0 -0.229513074867515526941e-1
-0.491607776090204999129e0 0.258313254653416722107e0
-0.668015633517581764209e-1 -0.104837599788507287795e0
0.100000000000000000000e1 0.000000000000000000000e0
-0.616188789522824667511e0 0.387537348154693623821e0
0.604511101355065015592e-1 -0.314741482405096067196e0
-0.479374139480343715053e0 -0.632364920525698962192e-1
-0.384301344784482396271e0 0.986671414517779118286e-2
0.428436071377185125146e0 0.298531013415178021129e0
0.660091163374456317439e-1 -0.160809625748456976949e0
