
-0.896591278734761677136e-1 -0.192712784045705686506e0
0.625035973784025457000e-1 0.697668788646602167495e-1
-0.236239394775136070163e-1 -0.971994867524611959780e-2
-0.352963153704430520081e-1 -0.214067508544602237761e-1
0.112068296182830205065e-1 0.107073254649940374361e-2
-0.287911936430461771162e-2 0.106621770817179263245e-2
-0.705764719143787119587e0 0.696951109341902267421e0
-0.294592361108819156414e-1 -0.421120113142851062782e0
-0.223024361588122795974e-2 0.724091553333922837213e0
0.840035944427717189408e-1 -0.170708931068392795254e1
0.171625414454596134008e1 -0.319112668908652870065e1
0.612195938975822558114e0 0.216720231742911115854e1
0.725480887333342243373e1 -0.503480129295110658428e1
0.348527442582023732742e1 0.478095586379497688393e1
0.123648327523441754414e2 0.463558019003250046343e1
0.293832336175581987662e-1 0.159539931431874591439e-1
0.109905642868937079807e0 -0.199676005842299053678e-1
-0.270169401039243578435e0 0.768077522528233600418e0
0.409002477987888253650e0 -0.903718343689441745193e0
-0.201602574321177638078e0 0.279731418490967640990e0
-0.283508420042426347696e0 0.580472440610702752699e0
0.100000000000000000000e1 0.000000000000000000000e0
-0.332340644268456514505e0 0.339276023898279507153e0
-0.810976083788951843784e0 0.410686491355131755255e0
-0.443191743869426239664e0 0.532187505852703553373e0
0.208279814987757107845e0 0.478362469372207418049e0
0.422387464627199227116e0 0.672303272785499727757e0
0.170795431240092758035e0 -0.292724284036091787341e0
0.856596473286559361408e-1 -0.156974813944459020581e0
