
0.785592786988844040026e0 0.434609877069369211002e0
0.322684717302491530066e0 -0.154926313029640283568e-1
0.661278304454244052896e0 0.287427172819883191592e0
0.958587923151497942265e-1 -0.657588123315806433977e-1
0.256795988810921745781e0 -0.370454751674743962676e-1
0.550643741158493656986e0 0.179257626433512531539e0
0.350679746514803245896e2 0.302621536097500183626e1
0.796982144271046466120e1 0.214826321611256274057e1
0.899869529226870419397e0 0.324737315592091632796e-1
-0.243361524679400074350e3 -0.162506986985881486420e2
-0.143723900819883566859e3 -0.180172162531415719234e2
0.361045355563442519536e3 0.277443354801374561930e2
-0.414327154178517026717e2 0.162821395517567140895e2
0.189434328577086079359e3 0.246092288339086364326e2
-0.525226681055302068835e3 -0.495273972025375800177e2
0.503353698344749980274e-1 -0.118671465209370989153e-2
-0.188278011818942507973e-1 0.157576362163282967510e-1
-0.506587481005008450860e0 0.817989811899375217569e-1
-0.142311876317000463038e0 -0.242766883019721942618e-1
0.634322336360845748108e0 -0.713476069691012126819e-1
-0.270530288297280710897e0 0.113842414830252020789e0
0.971343730385928521084e-2 0.119901075471396374868e0
0.100000000000000000000e1 0.000000000000000000000e0
-0.845892070861975017230e0 0.509755201546562834020e0
0.230237200957929217214e0 -0.560261558098950455042e0
-0.367795694104591499088e0 -0.972844659010699351390e-1
-0.298432553386120086249e0 -0.347258965020253812473e0
0.320876711656480501696e0 -0.184766520095524861019e0
-0.113824825239464408093e-1 -0.138180699169458313848e0
