
-2.005170637428997e-02 -1.149023462904221e-01
1.072612302551407e-01 4.424988723323329e-02
3.922620958394823e-02 2.587980519681981e-03
-2.540328393946288e-02 7.732179443341626e-02
8.747223447821787e-03 5.316938693647992e-02
-4.068241117147747e-02 -4.126737428400647e-02
-1.541656752141637e-01 6.636387274594051e-01
5.050769059424597e-02 -1.064412380750654e-01
-4.035992190416568e-01 9.685458254751420e-01
-4.082340566531926e-01 -4.027168270800417e+00
8.403972075933301e-01 -1.463517487916428e+00
7.592559398073693e+00 -7.014911242497233e-01
-3.869531322861099e+00 -1.070667524317980e+00
6.162352638350946e+00 7.332992860731490e+00
4.277765379514291e+00 5.097835795118399e+00
-2.166450575934387e-02 3.186111829530063e-02
-4.712314035025283e-02 -4.029505294966565e-02
1.000000000000000e+00 0.000000000000000e+00
-7.316638539926335e-01 -1.108981114078459e-01
-5.446364170972112e-02 3.656112739550324e-01
4.589820890990581e-01 -7.971409268566257e-01
-3.142787265693091e-01 -2.867652454074354e-02
1.404449503584688e-01 2.928111299232348e-01
4.615751012879376e-01 -1.186633251600256e-01
4.867972490309874e-01 -9.218691387398498e-02
2.489519412189417e-01 -7.601230437538923e-01
8.621073441307109e-02 -7.323131234784575e-01
-6.131734113602844e-01 -7.037514565215733e-02
-9.933792342146873e-02 1.523459983634004e-01
