
5.270678800957093e+00 9.434767584112222e+00
6.196403900902710e+00 1.062877401932405e+01
3.344409883841508e+00 5.605676956329955e+00
3.330492626553749e-02 -1.280952517679383e+00
-3.425263054254151e+00 -6.034092758169137e+00
-5.303983727222632e+00 -8.153815066432841e+00
-2.351480301655930e-01 1.171186466681122e+00
2.185357540529873e-01 3.216508962360820e+00
-3.920693057177128e-02 7.015902686178868e-04
-8.298926920520163e+00 -1.627169226360699e+01
4.240132821990260e+00 1.575187070233243e+01
5.276305217643107e+00 -2.448359901648834e+00
4.008038478478199e+00 -1.297516113277129e+01
5.969011036387419e+00 2.951264034593778e+01
6.230997207600542e-01 -2.277492267382501e+01
5.472141311701687e-02 6.094816276142374e-02
-2.616710305982254e-02 3.162956862990412e-02
2.019043337903269e-02 -2.467576949712917e-01
-3.856607112895903e-01 -4.320492087028029e-02
5.920571038372312e-01 4.163549926255473e-01
-5.572936910385752e-01 -6.371043423500975e-01
1.531251279901188e-01 5.924817257313650e-01
1.000000000000000e+00 0.000000000000000e+00
-6.242394451410886e-01 2.469388599794160e-01
-2.948938213315235e-01 -5.880548355351796e-01
-4.824090507061377e-01 -5.165736539168412e-01
-7.828104744727129e-01 -1.023487127057352e-01
-2.043633177022998e-01 3.189972957238488e-01
5.703056665062088e-02 5.186338881143848e-03
