
0.242301204973770100247e-1 -0.178850442933780516281e0
0.285781683034420310217e-1 -0.127287215343579060854e0
0.110177800102923669409e0 0.679997023258959315143e-1
0.285006650832802457518e-1 -0.898845860925169970067e-1
0.751105358169081898978e-1 0.558244920764929323557e-1
-0.766800908907025206899e-1 0.524077872404814186723e-1
-0.147185384284173366356e1 -0.290348458594364187578e1
-0.169088263949627442813e1 -0.336572060817450845107e1
-0.426019835149954206009e1 -0.508911252587621212818e1
-0.201852637533519619732e2 0.173688278813409311407e3
0.735879906829769991905e2 -0.226818667213365660951e3
0.755254230014333082649e1 0.682230952139527490469e2
-0.157891363604320867794e3 0.307741593544349433420e3
-0.144118165021689451869e2 -0.840019990199076963533e2
-0.734563485621146941215e1 0.692885477868987652685e1
-0.326100606859835915814e-2 0.725131534783059239255e-2
-0.348467885789357739685e-2 -0.216774131399676055166e-2
-0.267057837501726937567e0 0.377085711230755150523e0
-0.282621526626065905336e-1 -0.291986858486585039110e0
0.105112011118370795946e0 0.421237724618054300852e-1
0.461413935498023906228e0 0.829967977942669670605e-2
-0.192058574997835765727e0 0.108102233509877555352e0
0.185197772011283114856e0 0.609215593646594275450e-1
-0.408882290890669338840e0 0.179471034272973622238e0
-0.259592332753466864304e0 -0.196368746800738802505e-1
0.100000000000000000000e1 0.000000000000000000000e0
-0.262986985688941200898e0 -0.314952626578958469559e0
0.449697152383750900365e0 -0.131881900177906673320e0
-0.596311006143649927243e-1 0.509113557169179092327e-1
