
-1.178800808993310e-01 -1.300111501796829e-02
4.820305946436178e-02 -3.430889457890350e-01
9.911132470391761e-02 1.725591612849722e-01
9.976572286248080e-01 1.705565281226713e-01
-5.124936537520233e-01 2.744238813503762e-01
1.356177135147542e-01 -3.051263228441205e-01
6.335805718824428e-01 -7.008386518573944e-01
-1.971485897259183e-01 1.079680840077549e+00
9.975846656674112e-01 -1.168008957991149e+00
-2.826991104185785e+00 2.868881005458209e+01
-8.607158020175547e+00 -6.406801210133909e+00
7.826494366381202e+00 -6.554664097557676e+00
1.028648153991202e+01 -4.861590745567863e+00
1.322392860213064e+01 6.199843783864091e+00
1.114768635957131e+01 1.658322800651010e+01
2.735090959242268e-02 2.758485971125348e-02
-1.919024671887176e-02 1.105810056018566e-02
-4.299356391034183e-01 2.894279283972405e-01
-1.509103478133750e-01 -3.502347761791560e-01
4.632996538485959e-01 1.960694977898845e-01
1.519615337055610e-01 -7.051131064619874e-02
-1.582438074971062e-01 3.017017509202539e-01
4.878564179698217e-01 -2.965474432078827e-02
-4.892413023063225e-02 -3.614972722934550e-01
4.156523970084899e-01 3.582090913266593e-01
-1.562670763893615e-01 1.511929703470115e-01
1.000000000000000e+00 0.000000000000000e+00
4.392354584783058e-01 3.026372548971449e-01
-1.708687555352258e-01 -1.203017886349307e-01
