
0.322898240885147693938e0 0.142565011300840825518e1
-0.560877002151635587867e0 -0.101326697972414311801e1
0.314326631425540726952e-1 0.390396583168514109196e0
0.650757755676528663077e0 0.646901709467026679536e0
-0.110230965333995046309e0 -0.290070817427646995888e0
-0.650749834850533797264e-2 0.104738335658688530173e0
0.267785186526644193999e2 0.211438617719270916771e2
0.811991851253168699619e1 0.108977938508828993995e2
0.679463845358993717715e0 -0.397994935736970467330e-1
-0.157874423762474491439e3 -0.953769016638915000800e2
-0.103318326862085481221e3 -0.801142299384960123523e2
0.257742731128990017225e3 0.178971922435456994277e3
-0.668371540147821680961e2 -0.557842421528917073170e2
0.176051363146608511573e3 0.172517929411884235066e3
-0.362341543807709673269e3 -0.274726959146202618006e3
0.462813642537565707831e-1 0.548426177586679973559e-2
-0.180334627387075754200e-1 0.131309644271429340140e-1
-0.351592736671345294514e0 0.281308119515695336779e-1
-0.177393839425541364319e0 -0.305222770941319490294e-1
0.562734775254427511558e0 0.202100636237962906711e-2
-0.296878485696626717423e0 0.293156713229567358656e-1
0.399709820515953218804e-1 0.132228252253582961615e0
0.100000000000000000000e1 0.000000000000000000000e0
-0.789476667709337243356e0 0.611640390762398396198e0
0.472471358931267261001e-1 -0.663651705572389981997e0
-0.363686943044517450185e0 -0.142495764782370103158e0
-0.532210716339247976304e0 -0.302525195345708903724e0
0.110438396876751151207e0 -0.146926129662558214265e0
0.648286938331972051926e-2 -0.114054920658490963523e0
