
4.862423407182413e-01 -9.361114733234424e-02
9.316838933886415e-02 -7.959960037956340e-02
-1.997554747849486e-02 6.690121326071632e-02
-2.533128743057058e-01 1.308214514709171e-01
2.632868934068830e-01 -3.710932805737203e-02
-2.329294664125355e-01 -3.721030413857287e-02
-7.102177368197751e-01 8.159947793738407e-01
1.321623592641310e+00 6.219150529250392e-01
1.024766209101861e+00 6.475188679455572e-01
-7.005755734870769e-01 4.970232559095291e+00
6.684256847476693e+00 -1.117912841406018e+01
-1.305491284856304e+01 1.768368335740174e+00
1.469178691928260e+01 1.102612845315478e+01
1.894328095280730e+01 1.195516172691035e+01
2.436016882072046e+01 2.702543601167616e+00
5.643061117827336e-02 -7.693218791075825e-03
-2.781720266356737e-02 2.039273223158024e-02
-8.570947392624231e-01 -2.204810036254465e-01
5.511603922910613e-03 1.349264506472650e-01
7.646764183610999e-01 -8.276198235333848e-02
-3.676801168298602e-01 3.241173887135624e-01
-1.023199371384441e-01 1.403657306932149e-02
1.000000000000000e+00 0.000000000000000e+00
-7.371188915726526e-01 3.881376804739691e-01
1.155919854414436e-01 -2.701713565620206e-01
-4.140511687246620e-01 -3.187257165975554e-02
-2.342132811365318e-01 6.152909934721781e-02
5.781170538202286e-01 1.136479873649575e-01
4.089871292678496e-02 -1.992744898152178e-01
