
1.719832140839445e-01 3.079697663676432e-01
-8.478720105095769e-02 1.385647297556816e-03
8.527174282256941e-02 -2.185162445020185e-02
-3.330715826636538e-02 -2.459339074775303e-01
1.179889541510522e-01 1.560064058811107e-01
-1.386760558175792e-01 -6.203585889011292e-02
-1.886367769481075e-01 -1.508684262022447e+00
1.513586164413778e+00 -9.627644445745687e-02
9.975846656674084e-01 -1.168008957991138e+00
6.971263182317241e+00 -1.431553361289379e-01
1.409591770850494e+00 1.873124549371998e+01
-1.056632550445736e+01 -8.994687448566850e+00
6.963838842601660e+00 -1.834998818036651e+01
2.604055750079019e+01 -1.165209891936049e+01
2.857243078211978e+01 2.733407964015328e+00
2.735090959238690e-02 2.758485971127333e-02
-1.919024671888359e-02 1.105810056020497e-02
-4.299356391030202e-01 2.894279283968765e-01
-1.509103478134331e-01 -3.502347761793710e-01
4.632996538482739e-01 1.960694977901980e-01
1.519615337058553e-01 -7.051131064547893e-02
-1.582438074970781e-01 3.017017509189233e-01
4.878564179696648e-01 -2.965474431997292e-02
-4.892413023045056e-02 -3.614972722927960e-01
4.156523970085259e-01 3.582090913267777e-01
-1.562670763889494e-01 1.511929703473491e-01
1.000000000000000e+00 0.000000000000000e+00
4.392354584777649e-01 3.026372548971250e-01
-1.708687555351702e-01 -1.203017886350463e-01
