
6.521418119738530e-02 -6.906549733675438e-02
-2.825750105374835e-01 8.913165447741681e-02
-4.720518081249163e-01 -1.552343448388781e-01
9.052702257181859e-01 1.863119605879648e-01
1.050387712901291e+00 1.139876885586344e+00
3.145652086373641e-01 2.580464951305483e+00
-1.530220975759850e+00 1.660214306871150e+00
1.004315435960769e+00 -1.432892354623680e-01
-4.507805197213838e-01 7.913116690623515e-02
-1.415135533430461e+01 3.872063967930576e+00
1.703335440177074e+01 -8.832829890793640e+00
-5.652559296659779e+00 1.296786320416379e+01
1.472599141165986e+01 -2.176775968854270e+01
3.018146853166570e-01 1.199928045443828e+01
-2.537741184878980e+00 -3.672828996249906e+00
-6.841185836226771e-02 7.329103662218162e-03
-1.551635576109843e-02 -4.661778604970066e-02
1.182017401735656e-01 4.412910665970363e-01
9.169253909982525e-02 -4.919234095981149e-01
-4.812125225560441e-01 2.332890538403928e-01
1.000000000000000e+00 0.000000000000000e+00
-5.958844285469465e-01 -2.291714635672621e-01
-1.893267497713971e-01 6.332139237624469e-01
1.684852401410877e-01 -1.868893166041328e-01
4.869546216451939e-01 7.448019359210117e-02
7.906789774382527e-01 -5.836919421248876e-02
5.239640566794318e-01 -4.946051066081978e-01
-1.434552828276097e-01 -3.933043231777745e-01
-1.234032037023288e-01 -1.986737072252506e-02
