
-0.575685070206641139328e0 -0.545114658132106673827e0
-0.589608882826811173507e0 -0.693236932287239345190e-1
0.425463004035929533001e0 0.265442437170419290597e-2
-0.261914396486375838832e0 0.261619624787173555587e0
-0.966074761245640722886e-1 -0.267095962554198800080e0
0.837599466693016978186e0 0.283495033344933118239e0
0.589355859310189524665e0 -0.116599543505271242567e1
0.462253415596732033653e0 -0.286309676853297523976e1
0.182890039315458048479e1 0.685749954943146636526e0
-0.579037803041193058565e1 -0.328370662556455816250e2
-0.174056513531235558905e2 0.338276189022944684705e2
0.455539036299544859579e1 -0.783588722408126181745e1
0.466134070151296143053e2 -0.315390405776278399466e2
0.160435577463096702804e2 -0.265828207597242570873e2
0.899425470752421816513e1 0.297162548016267797821e1
-0.401372981423406898177e-1 0.216971850505446819513e-2
0.190701046660502927313e-1 -0.184043874398933682979e-1
0.100000000000000000000e1 0.000000000000000000000e0
-0.179362507235866643413e0 0.619180607169782271973e-1
-0.611218877851393119368e0 0.358365549808322738908e-1
0.150830152337371504968e0 -0.355741455794907883182e0
0.183178664930044740532e0 -0.726843897284962694977e-1
-0.836563849506120818815e0 -0.127854135618273752448e0
0.670985389260130981259e0 -0.259361287747303739110e0
-0.186383915515074471297e0 -0.266653442386224960071e-1
0.256180747102291897987e0 0.101635089967265738546e0
-0.772763734893238723642e-1 -0.272112474871809017276e0
-0.680693396971575352119e0 0.341564837709311552605e-2
-0.307756890008562225066e-1 0.237217010052607093443e0
