
1.097813314242411e+00 1.733822795030130e-01
1.337402976627518e+00 -8.840393165527922e-01
6.867320948697533e-02 -1.185799061010616e-01
-1.440750079627545e+00 1.691448357402635e-01
8.524357001845762e-01 6.522588851072991e-01
3.429367653851340e-01 -3.425271152432771e-01
-5.965294317027581e-01 -7.028383724213724e-01
-8.665662008929373e-01 4.731567618135258e-01
4.759338801441336e-01 4.938449700390040e-01
-1.405554990431627e+01 -2.075139217248191e+00
6.465128181116572e+00 8.741501172477122e+00
3.191342469103857e+00 -1.284277176192861e+01
7.852438178967902e+00 4.782197201535015e+00
-3.380330791400895e+00 2.101179286913879e+00
5.669106594613545e+00 1.054403346448145e+01
6.872534926387336e-02 -1.433408473604654e-03
-2.487473214363543e-02 8.447371921809707e-04
-3.861062615281738e-01 -3.436129414848820e-01
-3.029302944013662e-01 1.285689830121913e-01
7.962027903803367e-01 6.154753845887974e-02
-5.112503116753098e-01 1.917647379704948e-01
1.207461465228053e-01 -1.191823793981170e-01
1.000000000000000e+00 0.000000000000000e+00
-6.160576499195505e-01 5.564251069547639e-01
-2.119183476746299e-03 -3.054359421777844e-01
-4.638509582002758e-01 -1.005077659218003e-01
-3.799690984772535e-01 -1.341662123155948e-02
2.474347008106087e-01 2.412327315257714e-01
5.171547805221738e-02 -1.464329297654480e-01
