
7.276109002711947e-02 -5.854340638159357e-02
-3.527324741866304e-02 -1.870548237629725e-01
6.665714580431487e-02 -9.840697136279826e-02
-1.268832826014953e-01 -5.859973509816256e-02
4.958623253818846e-02 -1.660999747256603e-02
5.412219257437588e-02 1.171431414797561e-01
3.695367229448983e-01 -8.454967494519852e-01
2.304398551353499e-01 -4.324225583139773e-01
9.975846656674109e-01 -1.168008957991149e+00
-1.563879300105093e+01 1.234162430204009e+01
7.107877209989361e+00 3.455419243116827e+00
2.615408446364533e+00 -1.570983107838057e+00
-1.155826783030101e-01 -1.654606505948715e+01
1.411812092227477e+01 -8.475006309766270e+00
5.271338467045364e+00 7.378417129945176e+00
2.735090959242280e-02 2.758485971125352e-02
-1.919024671887169e-02 1.105810056018567e-02
-4.299356391034195e-01 2.894279283972405e-01
-1.509103478133756e-01 -3.502347761791558e-01
4.632996538485973e-01 1.960694977898846e-01
1.519615337055619e-01 -7.051131064620039e-02
-1.582438074971088e-01 3.017017509202561e-01
4.878564179698239e-01 -2.965474432078966e-02
-4.892413023063109e-02 -3.614972722934560e-01
4.156523970084897e-01 3.582090913266590e-01
-1.562670763893615e-01 1.511929703470104e-01
1.000000000000000e+00 0.000000000000000e+00
4.392354584783064e-01 3.026372548971461e-01
-1.708687555352262e-01 -1.203017886349307e-01
