
1.926130746891306e-01 -2.090871156212925e-01
1.165977554925801e-01 -1.556890049083910e-01
-1.588446564560347e-01 -7.150487805942818e-02
-8.684855519288462e-02 1.624739976455187e-01
6.965345313398064e-02 -8.415376155343346e-02
-1.057645194962461e-01 4.661311797577380e-02
-6.983043875552355e-01 -5.839836140069735e-03
4.757309854373944e-02 -6.325301496644009e-02
4.813765472166958e-01 -7.127443588580780e-01
-8.217620991479318e+00 1.384300601636499e+00
6.569084289036417e+00 -1.679116169491616e+00
-2.323675640441007e+00 5.870338083652554e+00
1.021090988755812e+01 -2.528985657972694e+00
4.488182757878310e+00 -4.054835080132170e+00
1.099629507758043e+01 -8.640674815136450e+00
3.402541749432399e-02 -1.107361325037990e-02
1.110981546557273e-02 2.123552600878537e-02
5.320520706546387e-02 1.533775092578128e-01
-2.538289996737641e-01 1.423260212061077e-01
2.834200467441950e-01 -2.544532404305231e-01
-1.260057478235061e-01 -1.064763196441593e-01
2.841325133339678e-01 1.746021749265027e-01
-4.636836621054303e-01 -5.337721017091731e-01
3.722858196521577e-01 -6.694098145172683e-01
3.067140598997971e-01 8.062217762604115e-01
5.469061902352317e-02 1.812182032884676e-01
1.000000000000000e+00 0.000000000000000e+00
6.504204519200320e-01 2.843087997507816e-01
-1.095026312465677e-01 1.115193441282930e-01
