
4.942780102626583e-01 2.097187701826829e-01
-3.230420793922132e-01 -1.476339304726732e-01
4.576307777794499e-01 1.767138444182849e-01
2.109369902266741e-01 1.034771859948246e-01
-2.994071046268581e-01 -1.251452565894010e-01
4.231782652305855e-01 1.476718795159143e-01
-1.588605816524473e+00 -1.167542437924105e+00
2.600707649572912e+00 7.460418978480695e-01
1.234471609898001e+00 -1.081197803929305e-01
2.503596095707508e+01 1.521396441917731e+01
-3.093694254684884e+00 2.641998662843362e+00
-2.919285337803408e+01 -1.576579964598931e+01
3.549432767070236e+01 5.324704545231816e+00
2.889932461134072e+01 2.614080934025584e+00
5.214159462327525e+01 2.144046083705283e+01
5.224551735965506e-02 -3.824755909320954e-03
-1.824541623001831e-02 2.005413801659104e-02
-6.652581529108453e-01 2.823686458610887e-01
-1.146980940798066e-01 -1.110516957897023e-01
6.933437659710626e-01 -1.371732051493549e-01
-1.623215532227494e-01 1.483612749806518e-01
-3.526340103661321e-02 1.850257285558567e-01
1.000000000000000e+00 0.000000000000000e+00
-9.041835113044054e-01 3.395879807701602e-01
5.244296866945724e-01 -4.202123636755996e-01
-3.610322588045689e-01 -5.412095187039184e-02
1.193970302217262e-01 -4.553031606345576e-01
5.606611682716264e-01 -2.871529614200886e-01
-6.573383950834345e-02 -1.655347209075612e-01
