
-1.408712154939825e-01 -3.069168338859757e-03
1.166995774522160e-01 -9.376760381973549e-02
-3.603011460423149e-02 1.696359053357924e-02
9.262857085480679e-02 -4.066241563264325e-02
1.378368202233154e-01 -6.569391022542045e-02
4.824264463917569e-02 4.373158397150301e-02
6.259594052000861e+00 -5.878523966180453e-01
5.859610534792570e-01 9.383446673257250e-01
4.813765472166961e-01 -7.127443588580776e-01
-3.279107047493106e+01 3.349452296023739e+01
-2.607477633456522e+01 4.278111954981789e+00
6.516336616574765e+01 -1.576861569408486e+01
-2.918639257065897e+01 -3.740495053182618e+01
4.247060302104438e+01 1.540818127774476e+01
-6.484610392773735e+01 3.790253270977607e+01
3.402541749432428e-02 -1.107361325037876e-02
1.110981546557200e-02 2.123552600878708e-02
5.320520706546975e-02 1.533775092578165e-01
-2.538289996737775e-01 1.423260212061003e-01
2.834200467442031e-01 -2.544532404305186e-01
-1.260057478234950e-01 -1.064763196441570e-01
2.841325133339617e-01 1.746021749264913e-01
-4.636836621054125e-01 -5.337721017091778e-01
3.722858196521695e-01 -6.694098145172476e-01
3.067140598997908e-01 8.062217762604103e-01
5.469061902353010e-02 1.812182032884715e-01
1.000000000000000e+00 0.000000000000000e+00
6.504204519200231e-01 2.843087997507872e-01
-1.095026312465728e-01 1.115193441282913e-01
