
2.597871856066907e-01 -1.751850265970342e-01
8.513680850857017e-02 -5.090047872339092e-01
2.130928493791479e-01 -2.502171896013257e-01
-3.906756057557091e-01 -2.410800471118535e-01
1.452848697508431e-02 3.265394825630531e-02
1.308884201490183e-01 4.162650737088877e-01
2.283511510264143e-01 -6.241539599912043e-01
2.050503876082911e-01 -3.775058831910998e-01
4.813765472166965e-01 -7.127443588580766e-01
-1.233133037480496e+01 7.237957281221571e+00
5.160057683740726e+00 1.040415751319528e+00
5.387866138884685e+00 -7.252232147144720e-01
-7.794085806447670e-02 -5.810664095767995e+00
1.093300609845821e+01 -7.431202572130646e+00
1.800179942312516e+00 3.852769266239530e+00
3.402541749432111e-02 -1.107361325038156e-02
1.110981546557072e-02 2.123552600878052e-02
5.320520706544411e-02 1.533775092578180e-01
-2.538289996737219e-01 1.423260212060942e-01
2.834200467441704e-01 -2.544532404305160e-01
-1.260057478235333e-01 -1.064763196441409e-01
2.841325133340039e-01 1.746021749265134e-01
-4.636836621054566e-01 -5.337721017091268e-01
3.722858196520900e-01 -6.694098145172863e-01
3.067140598998136e-01 8.062217762604009e-01
5.469061902350049e-02 1.812182032884740e-01
1.000000000000000e+00 0.000000000000000e+00
6.504204519200384e-01 2.843087997507519e-01
-1.095026312465539e-01 1.115193441282857e-01
