
-8.451528569052609e-02 2.259389929985663e-01
1.625505484120673e-02 -9.384620096872749e-02
-6.671016783510954e-02 7.463328311096791e-02
5.615195359571883e-04 3.760052893757840e-02
2.042040736484986e-02 -3.383882131212187e-02
-3.703584524920085e-02 1.881027900919559e-02
-1.251273408104524e+00 -8.365128772284899e-01
3.960274656454965e-02 7.168985694870109e-01
4.813765472166949e-01 -7.127443588580773e-01
4.418980690924483e+00 4.067722067742598e+00
3.454616962317219e+00 2.846462319781466e+00
-9.258430202126620e+00 -4.711200324015681e+00
1.292644385246723e+01 8.471724707899469e+00
4.454387582072657e+00 -3.042723972272661e+00
2.697346476962690e+01 -2.219162756011873e+00
3.402541749432515e-02 -1.107361325038246e-02
1.110981546557659e-02 2.123552600878318e-02
5.320520706545765e-02 1.533775092577982e-01
-2.538289996737495e-01 1.423260212061404e-01
2.834200467441875e-01 -2.544532404305427e-01
-1.260057478235238e-01 -1.064763196441800e-01
2.841325133339626e-01 1.746021749265346e-01
-4.636836621054699e-01 -5.337721017091916e-01
3.722858196521658e-01 -6.694098145173251e-01
3.067140598998066e-01 8.062217762604230e-01
5.469061902351544e-02 1.812182032884503e-01
1.000000000000000e+00 0.000000000000000e+00
6.504204519200565e-01 2.843087997507843e-01
-1.095026312465607e-01 1.115193441283035e-01
