
-1.109394767174727e+00 4.263437002943593e-02
-5.820675174678733e-02 -6.855558768989389e-01
2.477025192825828e-01 3.689904346229030e-01
7.358213726713727e-01 1.054082317072718e-01
-5.354774249980712e-01 8.009339844993441e-02
3.735733945033541e-01 -1.480426017367080e-01
1.622242130201944e+00 9.021810594201064e-02
-3.991434380015667e-01 2.366977313371259e+00
4.170384987559910e-01 -1.008427048793908e+00
6.366098738914921e+00 2.275028227047292e+01
-2.571549540763580e+01 -2.183657228305311e+00
2.354581050304545e+01 -5.963047773086421e+00
1.132977465157398e+01 -1.208687346595956e+01
1.480714798575384e+01 2.099610284872008e+01
1.041307877165929e+00 8.030618243461273e+00
6.290499625100807e-02 2.828792891420530e-02
-1.819645315322168e-02 3.841471267931734e-02
-7.179880813100742e-02 4.939462346038898e-01
-6.293529235319113e-01 -2.106999548053347e-01
7.708970761117367e-01 -1.870839928190071e-02
2.751269019086303e-02 -4.439690324848330e-01
1.271175921979598e-01 6.411324141695636e-01
4.288709302740545e-01 -8.643622249100583e-01
3.413519636822475e-01 -3.410103636011538e-01
4.191394709143589e-02 5.968279253389595e-01
7.918252571005979e-03 1.531566159036175e-01
1.000000000000000e+00 0.000000000000000e+00
6.039762642220122e-01 5.593358238265754e-01
-2.902789112847249e-01 5.870124053777825e-02
