
0.792704376498342432912e-1 0.318911048979597695836e-2
0.141503225977425751110e0 0.353549166160099667217e-2
0.996410414547870826793e-1 0.473250517654289408969e-3
0.252534452547767449942e0 0.246254070493452358330e-2
0.177770108141451836631e0 -0.186301444604387727059e-2
0.125088982554343640852e0 -0.384269655317614137658e-2
0.124946045716912750587e1 -0.775631130981049690719e0
-0.140195172510821570262e1 -0.197116442773179826480e0
0.938927426122107467235e0 0.185170460048157072995e-1
-0.333149183589625382772e2 0.449809009789405980177e1
0.359726844297927477638e1 0.369794601308923269814e1
0.216326400752894599851e2 -0.799417252624425166791e1
-0.259162340570782077941e1 0.824554963342849521696e0
0.946546303474776768903e0 -0.414058662235373010907e1
-0.189019500777526969180e2 0.116038318561730716552e2
0.503766315534768486897e-1 -0.199586187871065476489e-2
-0.186862785519516602938e-1 0.163014163627389299371e-1
-0.524422676071646285138e0 0.105980744705009594626e0
-0.137480335155395354333e0 -0.308925496477042933569e-1
0.638839601788409845967e0 -0.842693660177834496356e-1
-0.257934652157535168875e0 0.120016712597347512495e0
0.437370750595988689921e-2 0.125292429691116718421e0
0.100000000000000000000e1 0.000000000000000000000e0
-0.859643321521837824927e0 0.495379264060386338600e0
0.265651751184293929715e0 -0.554872878106134116889e0
-0.364895873601725003111e0 -0.916899982495914308021e-1
-0.260513690551298456580e0 -0.369417747761557995574e0
0.348230741999744392387e0 -0.205086103694083282965e0
-0.170207041096163619995e-1 -0.140421329948014505634e0
