
1.030176307216376e+00 1.486961208035281e-01
3.703752338356802e-01 -3.551929622584031e-01
-1.358893280382458e-01 1.830477497496963e-01
-7.021780539986838e-01 7.301700374481079e-02
5.449492289488659e-01 1.275157582303093e-01
-3.279982532176928e-01 -2.217131245483384e-01
-2.118158174121972e+00 4.473897208253368e-01
8.258245775142538e-01 1.972468275020939e+00
6.637585391480000e-01 7.137868545540000e-01
-9.834996674130634e+00 1.450094476263303e+01
2.468849699782472e+01 -5.559960797299827e+00
-2.270909563801475e+01 -1.110607556016131e+01
8.990796831596660e+00 5.613108907276695e+00
4.969336527107811e+00 2.473570669528189e+01
2.599689181245282e+01 1.738384008956775e+01
6.256129975613561e-02 -7.478748842169968e-03
-3.658361138520724e-02 1.205750724484805e-02
-6.361363386685889e-01 -4.850579219529734e-01
-1.565671491118993e-01 2.786355142637884e-01
8.178380263446844e-01 -2.295130748668478e-02
-4.916077760897112e-01 2.583132546528943e-01
-6.680156335243390e-02 -1.048375997884967e-01
1.000000000000000e+00 0.000000000000000e+00
-6.161887895221480e-01 3.875373481542268e-01
6.045111013594001e-02 -3.147414824052612e-01
-4.793741394801341e-01 -6.323649205291235e-02
-3.843013447843635e-01 9.866714144499439e-03
4.284360713768863e-01 2.985310134153562e-01
6.600911633733446e-02 -1.608096257483108e-01
