
-0.398508717715642755145e-1 0.272475390060297248261e-1
0.114767672372630783990e-1 -0.204892099937215380627e-1
0.404920702491741464641e-1 -0.210027986814269894567e-1
-0.267432658644509900370e-2 0.934994832024878330461e-2
-0.149510031581063740643e-1 0.347622659415704977348e-1
0.425251983580093745182e-1 -0.365974873262785081324e-1
-0.847356712451939394310e0 0.510226827378442599815e0
-0.459977145507244397063e0 0.165617120321434209591e0
-0.426019835149955132265e1 -0.508911252587620190242e1
0.155361072518930693085e2 0.378954218442255565090e2
-0.334216189922620403215e2 -0.299908378200636208909e2
0.440327766611172057853e2 0.412691111286476816217e2
0.435794819271403986623e2 -0.195482025820906206819e2
-0.291582352104982261923e2 -0.142650923047163306970e2
-0.490144186864751064403e2 -0.409107058997237887019e2
-0.326100606859800672806e-2 0.725131534783018861448e-2
-0.348467885789294819071e-2 -0.216774131399678122477e-2
-0.267057837501767221316e0 0.377085711230787384098e0
-0.282621526625750532100e-1 -0.291986858486589568500e0
0.105112011118372218446e0 0.421237724617925687674e-1
0.461413935498000853081e0 0.829967977940338107385e-2
-0.192058574997813455854e0 0.108102233509957212377e0
0.185197772011274130208e0 0.609215593646269394472e-1
-0.408882290890716047760e0 0.179471034272945122547e0
-0.259592332753500716646e0 -0.196368746800814590947e-1
0.100000000000000000000e1 0.000000000000000000000e0
-0.262986985688963693486e0 -0.314952626578942669887e0
0.449697152383790747505e0 -0.131881900177914596832e0
-0.596311006143618340131e-1 0.509113557169232726928e-1
