
-2.823636118014822e-01 6.769870944550560e-03
2.778583557912731e-01 -2.126169870384463e-01
-6.784292486664428e-02 2.404557422878502e-01
-1.232882593648133e-01 4.154932234724317e-01
-1.073407040112559e-01 -2.902777651129226e-01
1.855902577139660e-01 1.199972744104386e-01
5.237290863766710e-01 -1.319339835587701e-01
-2.198341886328635e-01 7.932000330387188e-01
4.813765472166961e-01 -7.127443588580770e-01
-7.628392632212026e+00 1.073015730300391e+01
-4.175107178318808e+00 -1.797277179705869e+00
1.096024176881852e+01 -8.502862764838444e-01
5.390344790224568e+00 -4.298640926863501e+00
9.098844705073837e+00 4.814032248526064e+00
1.591747807654354e+00 1.475236596721159e+00
3.402541749432197e-02 -1.107361325038099e-02
1.110981546557122e-02 2.123552600878209e-02
5.320520706545082e-02 1.533775092578169e-01
-2.538289996737357e-01 1.423260212060976e-01
2.834200467441783e-01 -2.544532404305179e-01
-1.260057478235243e-01 -1.064763196441459e-01
2.841325133339931e-01 1.746021749265090e-01
-4.636836621054479e-01 -5.337721017091414e-01
3.722858196521113e-01 -6.694098145172791e-01
3.067140598998079e-01 8.062217762604040e-01
5.469061902350800e-02 1.812182032884728e-01
1.000000000000000e+00 0.000000000000000e+00
6.504204519200357e-01 2.843087997507611e-01
-1.095026312465585e-01 1.115193441282878e-01
