
-1.020157408666331e+00 8.140320008866850e-01
4.685268151377625e-01 -1.224937904047630e+00
9.778604627138936e-01 7.313867409527278e-01
7.084916875208713e-01 -9.515474099589590e-01
-1.284028601436639e+00 -4.598474668799411e-01
6.024256584880433e-01 -1.680916546782291e+00
-8.314246066418675e-01 9.614929355214384e-01
5.129488340269409e-01 2.267197833027806e-01
-1.739850314372064e-01 -1.909472427334243e+00
-1.627611829922218e+01 -9.557413115504140e+00
5.329691449757968e+00 1.715972217519502e+00
4.278727119455516e+00 2.309619311642609e+01
2.696169609486603e+01 -2.188295490146778e+01
-1.395067045018975e+00 -3.661640103394689e+00
2.004318184742423e+01 -7.187869682940000e+00
1.265789705569567e-01 -4.293636534245701e-01
-1.505597075919419e-02 3.858518328333840e-01
-8.874845513883762e-01 1.773794536556164e-01
6.409719614415599e-02 -9.533854013275982e-01
6.650427592865943e-01 -3.905473070191723e-01
1.042411856182159e-01 -2.117972295620107e-01
2.669551379483143e-01 -6.462553524957976e-01
7.904037877752329e-01 -1.841752958498394e-01
-6.773325992875033e-01 4.662026992049384e-01
7.354811233003791e-01 -5.265163335665152e-02
-1.737061402012814e-01 8.943600451815907e-01
1.000000000000000e+00 0.000000000000000e+00
5.534402558134188e-01 6.812245637537048e-02
-4.390107716874309e-01 -2.071097361044938e-01
