
-0.198845920024868778515e-1 0.701709037652475667169e-1
-0.519546435523248379234e-2 0.739026288613314090220e-1
0.926372176542453329299e-1 -0.228223528739300463928e-1
0.101853540347166057321e-1 0.745618741191015719513e-1
0.873700462779051923641e-1 -0.419355612863825230487e-1
-0.859119851391027588165e-1 -0.905285408985875566463e-1
-0.669251214087208901808e0 0.133245391255214463912e1
-0.101646287850867583270e1 0.139456078270446076801e1
-0.985060671722336860846e0 0.320886826978711330450e1
-0.968076230958399446512e1 -0.583547166477390745858e2
0.263979032214450488845e2 0.535573184634893733648e2
0.344453175911644473000e1 -0.223998402614671077177e2
-0.531880167793322358692e2 -0.468015081533820923032e2
-0.169458849243021651004e1 0.308893657676382489153e2
0.884967083128529117750e1 -0.215278634651800669783e1
0.914318694034255356029e-2 -0.184073753045873782317e-1
0.304516676340690392002e-2 -0.650316891429582797717e-2
-0.161872899870243495236e0 -0.700395982661710878386e-1
-0.167071186102277067823e0 -0.994752797681867277247e-1
0.189949086336208757371e0 -0.260672830274735955948e-1
0.432554092707551035991e0 0.675456007517282162617e0
-0.506181824069721808922e-1 -0.277244696107522709699e0
-0.383348114444571935809e0 -0.115065449703157278543e0
0.190055966296054865976e0 0.447522910971237589079e0
0.363116860511872024595e0 0.697170751892321364151e0
0.100000000000000000000e1 0.000000000000000000000e0
0.928302442157862413253e-1 0.582411022893856089252e0
-0.392151679275521532886e0 0.125348143157709715300e-1
0.281387958457007395261e0 0.144358400465688088406e0
