
-0.986686902521299897954e-1 0.285065711998621141080e0
0.520405477480594506076e-1 -0.390935913822127910843e-2
0.522277168061213871764e-1 0.691459755183339313427e-1
-0.419458713966560727647e-2 -0.799486225771779736078e-2
0.739275624504706471010e-2 -0.130415860661451336014e-1
0.248527056662504779988e-1 -0.139880867086158741174e-2
-0.429926510488069639991e0 -0.209094770791530276357e0
0.253820786453817813820e0 0.399597692529693136705e0
-0.286137924301822268438e-1 -0.109641699411345597596e1
-0.191061137959399173717e1 0.324901115338266080094e0
0.116990610991080542602e1 0.285773005523101852345e1
0.281507989225571898426e1 0.455527592965514527322e1
0.743852190584942634874e1 -0.550357199150315422971e1
0.635689838766131471272e1 -0.336213859186851860049e1
0.734364652599767497995e1 -0.126558148565081145303e2
0.223954931604212181694e-2 0.424593776462239421929e-1
0.461680163264366313821e-2 0.534732996300880660410e-1
0.306291767115672263096e0 -0.346059838336517421579e0
-0.501529945726350595992e0 0.210075698195008840564e0
0.116136921200484167240e0 0.159056645183453270668e0
0.765312181864343635197e0 -0.500966077928843216615e0
-0.150822983249570031507e-1 0.631192173617009393374e0
-0.183629995623903782657e-3 -0.571166158284377816086e0
0.100000000000000000000e1 0.000000000000000000000e0
0.165146559421516901756e0 0.101950723391296982222e0
0.239793775585897801599e-1 -0.417764374444955275388e0
-0.277303445712727624937e0 0.235071233751720637736e0
0.101394220587542540463e0 0.143180503972497800535e0
-0.452671186610627702059e-1 0.735139864325350037344e-1
