
-3.180728104861622e+00 8.071390762082594e+01
2.014888856650352e+01 1.162798892084843e+01
6.816797285243093e+00 6.448809503354925e+00
-6.402723518518249e+01 7.438273504704442e+01
-5.105826312834303e+01 4.069328356365527e+01
-2.480057653449770e+01 -8.299042867198619e+01
-1.439308093642309e-02 3.542947856791057e-01
-3.265149463340556e-01 -2.876235518073638e-01
-5.093778201644097e-01 2.690040902100691e-01
1.117749527178868e-01 3.738433791158136e-01
-3.613632768225994e+00 -2.956482048264569e+00
1.220499554216723e+01 2.207593712507602e+00
-1.113839195706194e+00 -2.300019681634708e+00
2.797843829893965e+00 1.501771384565236e+00
1.002064242988307e+00 1.926176302518894e+00
-6.578107015113670e-02 -1.587075378668179e-02
-1.866473664861260e-02 1.275313311189778e-02
2.729105920813758e-02 -8.112805508956152e-02
1.064147303025846e-01 2.423049518330616e-01
-4.274935174571882e-01 -2.174669278741487e-01
1.000000000000000e+00 0.000000000000000e+00
-6.310809059417857e-01 7.408035682307523e-03
3.206925494822310e-01 7.277603611870828e-02
9.099331502237161e-01 2.094607236135329e-01
3.422340425533094e-01 -3.446501664202560e-01
-2.330326836824247e-01 -3.624663892007799e-01
-3.309143212924957e-01 1.104358529074711e-01
-1.528044319980290e-02 3.573067227871789e-01
-8.269590520461202e-02 -2.770994796544635e-01
