
0.135515655481005077145e0 -0.340650149602291381674e-1
0.196162442888814421532e0 -0.449036460902870407617e-1
0.149673736901807222444e0 -0.300465441864232140254e-1
0.283815488946510846851e0 -0.586547651505654737964e-1
0.216424894449240043777e0 -0.386847020223461077147e-1
0.164912477658332775064e0 -0.249167601203699995812e-1
-0.136620920948979178476e1 -0.931296820048354985998e-2
-0.207672721955952560503e1 0.285740417658015337875e-2
0.512653719929536876357e0 0.419682884056357904479e0
-0.754004940561571945778e1 -0.857565736602576455475e1
0.600112250034545069866e1 0.903221241564207784260e1
-0.956925922024564229972e0 -0.418094027623909314777e1
0.684091177044053720679e1 -0.717374403322412184476e1
-0.146444087896488376087e2 0.170243161282868256390e1
0.202959620207358028311e2 0.101733407283255695335e1
0.303353573654945155638e-1 -0.607534451215408686264e-2
0.113389107769201213481e0 0.109180130167316868223e-3
-0.580408677490936426402e-2 0.462590341747805846516e0
0.344553764805511794715e-1 -0.406780174957115413356e0
-0.133316690754062866330e0 -0.287630753762565039381e-1
0.257053328250326896512e0 0.479094200318946922756e0
0.100000000000000000000e1 0.000000000000000000000e0
-0.418450067412507580218e0 0.321111052912685569815e0
-0.759955631855670920590e-1 0.390407882097091871567e0
-0.186529041873993595298e-2 0.536728214970956464341e0
0.153347066106382121158e0 0.263605304195027976736e0
0.594428097447477508657e-1 0.236392987584021163288e0
-0.731207923439875431346e-1 -0.615299211607084224234e-1
0.108682172777510644801e0 -0.183870991657174951445e0
