
0.756020272090397313152e1 0.782715996636133390764e1
-0.106526403944991034326e2 0.888611578041999057164e0
-0.261649305039122711987e2 -0.773797185396117968197e1
0.910193922227310428345e1 -0.273264720166693414714e2
-0.102567151482730119765e2 -0.408035200091618929820e2
-0.166621419431770774137e2 0.194993120503080075660e2
-0.315549134524805155011e0 0.120346174662799066670e1
-0.465863729085104142470e0 0.379340396574216825537e0
-0.120682404728257141571e1 0.267112654312880222658e1
0.164583852369418680208e2 -0.261991876916864418201e2
0.307131365186482393689e0 0.200169554491879936389e2
0.790679680319075301950e1 -0.131241256233100823244e2
-0.306989987231334792387e2 -0.197832802890686831401e2
0.540425582200288256041e1 0.219715516330366396301e2
0.183421180522961818939e2 0.116431213306185781251e2
0.458425506817935418541e-2 -0.183500369055184492397e-1
0.699712434222589132932e-2 -0.569141654642243164076e-2
-0.245660831493184457120e0 0.112248249187324451118e0
-0.256742980549644845013e-1 -0.184083407469583701152e0
0.116705084159515946604e0 -0.590557012033306529730e-1
0.346335303850887447257e0 0.638919489284438561847e0
-0.455492764956119903437e-1 -0.219003469244716566369e0
-0.388969910175907537819e0 0.640419653885280672624e-1
-0.188420700329288894889e-1 0.438199037548718914797e0
0.185238003098695321752e0 0.665672323352653796166e0
0.100000000000000000000e1 0.000000000000000000000e0
-0.273312471621239989466e-1 0.422528124648230241149e0
-0.503866881158972429802e0 -0.173843467846180278519e0
0.272732365425789243364e0 0.135279817526837463709e0
