
-1.158646838593242e+00 -2.077189112224733e+00
-2.022033543305133e+00 -2.783208645219537e+00
2.329490748740996e+00 3.039400535455160e+00
1.227654875301659e+00 1.728890100494625e+00
-2.357914517758845e+00 -3.298325852813422e+00
3.990701164076890e+00 5.506442762983145e+00
1.653499644879532e-01 0.000000000000000e+00
1.790318475659938e+00 -1.110223024625157e-16
1.601461085174818e+00 6.661338147750939e-16
2.405720908650568e+00 2.220446049250313e-16
-9.383836578824294e+00 0.000000000000000e+00
-6.948751099646682e+00 -2.220446049250313e-15
3.660291126100489e+01 0.000000000000000e+00
2.710453424233060e+01 1.776356839400250e-15
2.007096570147255e+01 1.776356839400250e-15
3.401539706487178e-03 -8.552750535145176e-03
-3.794760201928437e-02 1.604919773386035e-02
-5.447175818323337e-01 3.183057463839234e-01
3.144239536259506e-01 -1.077476884202591e-01
1.907212402719072e-01 -1.716569011073176e-01
-4.276482239059795e-01 1.619754633378153e-01
-3.441990752098623e-01 1.372668574192118e-01
-3.762551801171827e-01 3.142400162342679e-01
-3.459649667021308e-01 -3.583288741442341e-01
5.234585486282488e-02 1.085024502915513e-01
-1.188996143468568e-04 -2.295324684076898e-01
1.000000000000000e+00 0.000000000000000e+00
-4.384232773298237e-01 2.937447038950092e-01
2.537824921366971e-01 -7.002473252697029e-02
