
-2.246131446461584e-01 9.474107285816005e-02
8.475763579127003e-01 6.286079612025759e-01
-1.148473968302894e-01 -7.182064646215409e-01
4.770794238422780e-01 -4.542866259123434e+00
-2.424049119717138e+00 2.009106786391416e+00
2.162768632583955e+00 1.777934010093292e-01
5.402650239953268e-01 6.602446116611198e-01
-1.564258080803854e-01 -7.489238480269796e-01
9.623147904087641e-01 1.079710939605338e+00
-6.889225130302761e+00 -2.338436337212857e+01
-4.387656531711375e+00 4.427924127177615e+00
7.000775413901970e+00 4.933752497116278e+00
7.950513926285362e+00 5.779253307749594e+00
1.231788860497278e+01 -3.142723878783003e+00
8.544602299881024e+00 -1.308073981125921e+01
-2.930571643391658e-02 3.683873450343505e-02
4.274563059252968e-02 -5.384665563648640e-03
8.329622856303862e-01 3.644528443845854e-01
-7.366659808964823e-02 -5.521994308407572e-01
-5.921016940907257e-01 3.651887928906922e-01
9.323813969719004e-02 -4.388690301885524e-02
3.922733853087646e-01 2.274915374399022e-01
1.000000000000000e+00 0.000000000000000e+00
-1.065281881537005e-01 2.201400836734762e-01
2.101100551276059e-01 3.174968720616832e-01
-4.021439991059544e-01 2.294415848908780e-01
-7.174541751180478e-01 3.678193658854574e-01
3.149945145774750e-01 7.551571315980210e-01
-3.121562264574291e-01 -1.018531829466406e-01
