
0.986749375832523668287e-2 0.457608607278936273590e-1
0.272279543565335779764e-1 -0.329765713686173629421e-1
-0.761789977338048303166e-2 -0.599585617236161211736e-1
-0.423311975367910082604e-1 0.243124206049254650007e-1
-0.997611449014931303791e-1 0.293914853601157618383e-1
0.324637037784657715784e-1 -0.700732813328190923664e-1
-0.782568091001976682186e0 -0.126878219344170871863e1
-0.497479895309804192314e0 -0.304482153073906765869e0
-0.355512331745600548643e1 -0.318945392730903344016e1
0.373338639801347034440e2 0.961309434107450355884e1
-0.157094055235789200704e2 -0.282815946380168360165e2
0.224755534500487531464e2 0.267366872973747491775e2
-0.245435767933139703870e2 0.602264944276423804144e2
-0.723563543363518103194e1 -0.361949244540517233761e2
0.418590179501443968545e1 -0.478559656599169144578e2
-0.222918943259663140213e-3 0.118743014394840286754e-1
0.506147139571136393613e-2 0.882268806296014967017e-3
-0.433398571792285790716e0 0.335728214247194292689e-1
0.180632148136949609787e0 0.121861609866641693530e0
0.681266274979944264697e-1 0.364622691214755269259e-2
0.198694415961372874442e0 -0.585256002030186024850e0
-0.103199293083986169873e0 0.176477398257819864108e0
-0.465094667033939724617e0 0.115204289265296708501e0
-0.410718608915804214336e0 -0.891760393926455794246e0
-0.486479174429380788951e-1 -0.582763144186798865516e0
0.100000000000000000000e1 0.000000000000000000000e0
0.213361482400651297222e0 -0.359676767872120619739e0
0.468203117322283350762e0 0.412856249338682826269e0
0.971533976579519109937e-1 0.112880745277686518567e0
