
-1.028451739936875e+00 -2.385135985149532e-01
-4.393716971971035e-02 2.882823560211747e-01
6.404389238241712e-01 -1.986027517118081e-01
1.387854735123631e-01 7.910382477724950e-03
-3.309412732452627e-01 -1.671650120581771e-01
8.896662664245115e-01 2.306032160372285e-01
-2.851760635376389e-01 -5.160254273806503e-01
-3.788015493093827e-01 -3.189812721640770e-01
-5.374279143199912e-01 1.819397972454835e+00
-7.560302862577502e-01 -1.450494646372898e+01
-7.517308976493772e+00 1.003599875888837e+01
1.298835368098040e+01 -1.547435182201391e+01
1.456388719253571e+01 1.493867823262054e+01
-2.098722771941746e+00 -2.077421624923627e-01
-2.924016808878687e+00 1.432515168510264e+01
-2.226906697523307e-03 -3.021294142926724e-02
-3.380810206127492e-02 -3.718531747496232e-03
4.488601421456495e-02 -6.444278669901554e-01
-4.054237415587738e-01 6.446767567417665e-01
2.500166213705359e-01 -2.326807851417317e-01
6.452849671089862e-01 -2.920440005314678e-02
-3.856390194837861e-01 -3.249048065338181e-01
-1.448224363576284e-01 -2.929248098369857e-01
1.000000000000000e+00 0.000000000000000e+00
2.211834379042161e-01 -5.055377322359389e-01
-3.864040249997001e-01 1.691770347817848e-01
2.755590390533382e-01 -8.051056687858172e-01
3.394708929915567e-01 -4.691608226477422e-01
-2.083071030636924e-01 -7.048848751320178e-02
