
0.796019494766764468740e-2 0.417229071457658745126e0
0.251029725428665720323e0 0.585003559803143743641e0
-0.549861756850810127752e-1 -0.194757021901730487806e0
0.690926458294501747597e0 0.682390491730100488604e0
-0.189626653080563412071e0 -0.243606830404392200477e0
0.497193529965974449127e-1 0.846120182439586225237e-1
0.194834279805619859272e1 0.120201050181363995010e1
-0.669859530902620134234e0 -0.719983451318889272445e1
0.282930775948800189521e1 0.189786768208228415471e1
0.767211171634900276697e2 -0.265942738409969851060e3
-0.108082579138324958418e3 0.156811740983954200301e3
0.188732298280282862757e2 0.427988508553448092735e2
0.116578373002833766754e3 -0.953626356447539248601e2
0.271589660424061468836e2 -0.886847362859828080225e2
0.637910377307607228022e2 -0.192466892485467772789e3
0.334932137895784055111e-2 -0.229122769171132460880e-2
0.194644087680420750110e-1 0.948162366566924578241e-2
0.225294598751867025937e0 0.654198861220829015555e0
-0.230791757213474830551e0 -0.515472492231140722247e0
-0.121973364906997515109e-1 -0.540428147908475000697e-1
0.342166940551657032895e0 0.480122548090628962326e0
0.164984254810562590163e0 0.139609881907320786541e0
0.530986332993636683434e-1 0.457744750564758700982e0
0.259996896035491137985e0 0.416921829042164050381e0
0.669928198992390894532e0 0.426550392124891744871e0
-0.349764407936857205355e0 -0.353039158302035630281e0
0.100000000000000000000e1 0.000000000000000000000e0
-0.635133132457383601307e0 0.680999550372579075274e0
0.149683006271407962901e0 -0.355843182905973250314e0
