
-0.345383458667595097272e0 0.695941181651379137525e-1
-0.237971132134007084088e0 0.573304656695710115053e-1
0.151896945305685179776e0 -0.468606001107545132290e-2
-0.163718648656528435484e0 0.460130219414254859428e-1
0.105334322587858148735e0 -0.721754403304201634748e-2
-0.649336393737717745657e-1 -0.896222123957214454474e-2
-0.408226098827206582836e1 0.645868958005770922321e0
-0.567708693318765015082e1 0.110025845368996458892e1
-0.669833381436052654459e1 0.100443188608618411508e1
0.294927137770852794835e3 -0.990259535251762711486e2
-0.364131410333893458381e3 0.123726130273954361929e3
0.102260448566987047582e3 -0.258652415995276759812e2
0.462361689933700787225e3 -0.158473683197923741112e3
-0.107404296022682862050e3 0.220642187433060059602e2
0.616149795797923433872e2 -0.286591374406459308902e2
0.330585321800313824877e-3 -0.305656084473660118338e-2
-0.571399634330512642813e-2 0.220727347156354735074e-2
0.404969106410251181437e0 -0.358339196054262011545e0
-0.364168252404107746170e0 0.218519879005966088923e0
0.305726939505863249374e-1 0.113646280249521685616e-1
0.262548945647127252110e0 0.475009923410998145783e-1
0.837438960483792702697e-2 -0.935472791380578351774e-1
0.282134015080855933696e0 -0.316993449077603547937e0
0.100000000000000000000e1 0.000000000000000000000e0
0.565997871308712084432e0 0.562539874543623614892e-1
-0.866968032690964324758e0 0.263797804330545706468e0
0.324956859152476193350e0 0.211406772527041548183e0
-0.348586631281466220104e0 0.534829315966577714691e0
-0.141521258713085877439e0 -0.122123293315986698387e0
