
1.517068170225381e+00 1.277783880638444e-01
1.903207369405039e+00 1.202425266781568e+00
1.200298810179437e+00 2.109081325784293e-01
-3.013568475210171e-03 2.049251178219992e+00
-6.410036413388301e-01 -3.800406104070571e-01
-1.514054601750170e+00 -2.177029566283836e+00
1.998642042198728e-01 3.559184937965282e-01
4.366778914510615e-01 2.519465554326454e-01
2.439147778442191e-01 3.194420052370197e-01
-1.116192307175224e+01 -2.777422919785682e+00
4.266376625584213e+00 -7.830413256354689e-01
6.359190666480018e+00 5.489286335923573e-01
1.740751634356417e+00 1.780464313500683e+00
1.117040372122031e+01 4.612101364037242e+00
-1.156124070593460e+00 -1.773107202506473e+00
-5.392175606611743e-02 2.086584773589945e-02
-6.877926210534563e-02 -1.039461144925934e-01
6.880815704956904e-01 -5.710088274068004e-02
-3.524085161406444e-01 -2.790203838726781e-01
-2.558509739959565e-01 5.712874271837842e-01
5.006595860312372e-01 -6.446145318108003e-01
-7.228712888125043e-01 -6.300826014748169e-01
1.000000000000000e+00 0.000000000000000e+00
4.026413787973701e-01 -2.192835699284516e-01
7.160088563696574e-01 -7.177514755583436e-02
2.816197538564551e-01 -4.643637943340063e-02
1.225683653860901e-02 3.275178694433856e-01
-1.722752707493296e-01 2.340964972793858e-01
-3.900970287788992e-01 1.425906575794472e-01
