
-0.596053673065353561489e0 -0.167677921128778131669e1
-0.759607126453159771167e-1 -0.503348054910107714987e0
-0.118932575790277031415e0 -0.617432398925429302538e0
0.109039084828004982340e0 0.157465624885991636924e0
0.226945952008665240089e0 0.546701786836577596058e0
0.487014588237348579108e0 0.151931358640178967986e1
0.956011998117542754084e1 0.318743113419625525434e2
0.423577336701395089748e1 0.168427617726023371742e2
-0.143879114785633509027e1 -0.653057272919923359564e-1
-0.122144066598067017214e2 -0.939097022567660260489e2
0.272762964990010570738e2 0.183718338818714942859e3
0.581807502772576361980e2 0.108032295618313895574e3
-0.233921113936571006681e3 -0.862752353604710422008e3
0.117423826015793285528e3 0.415946139798498234513e3
-0.385783505704019302023e2 -0.105149327871858247002e3
-0.417807646068376080235e-1 0.276352458239112088167e-2
-0.103697071163080009738e-1 -0.315596672141810385061e-2
-0.106538533656306106839e0 0.713612908267028737659e-1
-0.122030855004235559739e-1 -0.779255646957521761145e-1
-0.190720116033263511316e0 0.349354504711984367751e-1
0.100000000000000000000e1 0.000000000000000000000e0
-0.485232189246975523917e0 0.534095593021244392415e-2
-0.340637967112856955649e-1 0.402401377796505406819e-1
0.685480845612572398931e0 -0.987428816723250073786e-1
0.299444166516052488806e0 -0.790920839376808122251e-1
0.518521554744375320737e-1 0.764461329287899855954e-1
0.519260596630746039273e0 -0.330333454987907191702e0
0.439400464099583532376e0 -0.351451248039293075469e0
-0.239848630896401095712e0 -0.148508800581082748784e0
