
-3.410131318973792e+00 1.016160018055496e+01
3.891639431138077e+00 4.088952461562474e-01
-4.767880486541340e+00 -4.801467661097798e+00
-1.765073088460225e+00 -7.455994948031669e+00
-2.029850842771159e+00 5.331840730294671e+00
5.175204407434016e+00 -2.705605232523285e+00
1.564174950136366e-01 3.275156107272444e-01
-1.376301524530827e-01 -7.740447577258798e-01
3.082137542086494e-02 1.016711193676220e+00
2.573252140430506e+00 -7.569290923100890e+00
-6.593450032487315e+00 -1.488766363706750e+00
9.045708288562166e+00 8.009298083001326e-03
3.727982270779806e+00 5.494367611261960e+00
8.114767235083036e+00 -1.338474299053626e+00
8.155041664503713e+00 3.777944871375472e+00
-2.074329440180395e-02 1.834231746380308e-03
4.319126489503728e-02 7.234409727712617e-02
-8.928559405512234e-01 3.399417329054700e-01
1.000000000000000e+00 0.000000000000000e+00
-3.708221594030012e-01 -3.191799482917788e-01
-3.313132420563847e-01 1.470081672781370e-01
8.734764793638708e-02 6.435530372673393e-01
-5.246338183262027e-01 2.218621444340343e-01
-7.567107393988787e-01 -4.048189512799319e-01
-3.344600412670478e-01 -2.902835602683432e-01
-5.303496309523706e-02 -6.374817530629577e-02
-1.075342427800189e-01 3.211913573281127e-01
2.943213448328155e-01 5.063695664046593e-02
2.789218764339750e-01 -1.294200534350078e-01
