
0.158773734513767678335e2 -0.479945182830475323716e1
0.154716245175622184619e0 0.574688899688539159370e1
-0.729428942829657332974e1 -0.767598456200181102115e1
-0.114918625818868872929e2 -0.336443365402534248993e1
0.837735893116610868224e1 -0.281990540404335844832e1
-0.438551086948988054059e1 0.816388548233009572665e1
0.141228798420726345833e0 -0.316820109520184082803e0
-0.155610625383872281161e0 0.756578829196757013690e0
0.204713813687806866538e-1 -0.100416434338743670754e1
0.238269737112802843827e1 0.748051382385056181507e1
-0.642782555008667448723e1 0.131058485697179821013e1
0.907493354151282915262e1 0.128729387427345787469e0
0.370609483875083364139e1 -0.527332387681502358454e1
0.779422292504838875454e1 0.126350075860818584898e1
0.798058003918758946142e1 -0.383984218402593869223e1
0.250073506721405433329e-1 -0.410691287974607313102e-2
0.978950194943633497634e-2 -0.275436324203159582196e-1
-0.361508680740206945185e0 0.169437747162651873378e0
0.208072969476466635547e0 -0.611820605076675509665e-1
0.175290003600957706523e0 0.127902008498750918808e-1
-0.475918967352652139851e0 -0.232722583922394459107e0
0.192178375205797091416e0 -0.155533915826515828042e0
-0.413157524779252924432e0 0.282562108550587201355e0
-0.425031974434920824832e0 -0.641113266956901627384e0
-0.160585767310214292853e0 -0.133276064467333840553e0
0.806048766320010507351e-1 -0.134779253451509339162e-1
0.100000000000000000000e1 0.000000000000000000000e0
0.373696601460302900525e0 0.414738046558171326230e0
0.843910983745431235144e-1 -0.107558182690826149975e0
