
-0.135739094550541248663e1 -0.889850337203775225447e0
-0.995669875432399021221e0 -0.750475216897726181463e0
-0.340781326640463552767e0 -0.415296947517336440919e0
-0.725417312218645143982e0 -0.625419150147646671551e0
-0.240303362103848807302e0 -0.335505827363802761938e0
-0.665812903210746608138e-1 -0.164877706416690265613e0
-0.585866587541745711737e0 0.100100909447182506240e1
0.607951577643298216513e0 0.140505078138506169210e1
-0.315404706970854696070e1 0.704494638477984169559e0
-0.257732566456234141964e2 -0.325972903510644589700e2
0.257554481407551051526e2 0.419478804876880940894e2
0.227090683387152395840e2 -0.981410976085309589515e1
-0.307126923631691731847e2 -0.610212993761753144835e2
-0.948986955045634861250e1 0.231501255534210035481e2
-0.478675187995951806653e2 -0.861204659965430613811e1
-0.225424676525940945752e-1 -0.842363495250855627465e-2
-0.855256585103587710303e-2 0.553296689038376421507e-2
-0.170504391000298718425e0 -0.327245142310292431867e0
-0.149781689268675439455e0 0.283998430904552215008e0
0.154107293557646822177e-1 -0.744150008058627901675e-1
0.100000000000000000000e1 0.000000000000000000000e0
-0.396238325498060472784e0 -0.759460608063563664182e-1
-0.277059089815616194790e0 -0.222196444225340510633e0
0.874418897650230327186e0 -0.267868920882753123037e0
0.594471895456478097847e0 -0.221678567429312207247e0
0.206269917795141269413e0 0.174038919948151873883e0
0.492038779975123909257e0 -0.194682179157439880958e0
0.300986619634734669723e0 -0.874740998553148476854e-1
-0.939215810783392762172e-1 -0.431533535799511469284e-1
