
-0.611975414973638856958e2 0.244088283715581006006e3
-0.808968908007632611784e2 0.254254369678225040224e3
-0.542678161007681303142e2 0.148193581316519467889e3
-0.812146458712101081689e2 -0.605448062502417047419e2
0.395602884396909183426e2 -0.156252148902514370499e3
0.142412187368573993851e3 -0.183543477465339301261e3
-0.236322843868149234974e0 0.749231366920873554440e-1
0.253647810938118042180e0 -0.261284199120823533706e0
-0.985494459260080576572e-1 0.106531200853175257453e0
-0.791711500403122764215e1 0.924774061856554572365e0
0.416219649035924690568e1 -0.205143816777762400222e1
0.551760829773200312150e1 0.973262607104026435600e0
0.367003053726087653157e1 0.274814931899524624416e0
0.603924793506284241949e1 -0.911162764585853348221e0
0.185331650512158752081e0 0.174739572396242648171e1
0.288702468941770626235e-1 -0.296113890759567069626e-1
0.363935888921031777107e-1 -0.871926816880220253818e-1
-0.143907974272481734292e0 0.503511838317434175715e0
0.509702310409173746169e-1 -0.516726014739341317429e0
0.115419702749469247388e0 0.973950294543707980208e-1
-0.245284051077725201993e0 0.433081901153084284034e0
0.434787403030572263719e0 -0.789167889512053517646e0
-0.336615487003199689468e0 0.627133954949452665387e0
-0.648294892872358289487e0 0.253375074168817313714e0
-0.684456321869684260092e-1 0.217821298268348054620e0
0.463439952945885649382e0 0.847127300217312898448e-1
0.100000000000000000000e1 0.000000000000000000000e0
0.160249010945095664136e0 -0.157811107500907802677e0
0.914598315865369693227e-1 -0.177752003869508962852e0
