
-0.175594915185942198693e-1 -0.309115126158323753251e-2
0.205903574262679538458e-1 0.550129009938282934457e-1
-0.871245841696300341015e-2 -0.246000296592626136546e-1
0.186328695286525953512e-1 0.184169109117896054418e-1
0.579719207426327071956e-3 0.138837824097591918939e-1
-0.107337801005837547893e-2 -0.153257596502063679076e-1
-0.907184678812052933019e0 0.949788839002206329923e0
0.481387663257295162270e0 -0.136270547136487270130e0
-0.405356994493168632822e0 0.347589963649825541545e1
0.167173303247503139638e2 0.156960140801083029086e2
0.398098226467591957147e1 -0.113834371857671359509e2
-0.645217166119612090371e1 -0.211134282670939133642e2
-0.135420678697368245969e2 0.439705156659429628654e1
0.120220911563585034689e2 0.275045722953893136669e2
0.303120426581003361340e2 0.568070388710085072068e2
-0.568831750500649677273e-2 -0.276350779002769365577e-1
-0.900480100294065943853e-2 -0.558905850081880543250e-2
-0.340373468256776992504e0 -0.179613343257809435894e0
-0.213874067667589969925e0 0.339342152134052096201e0
0.219391852302857105422e0 -0.248831872648234993291e0
0.100000000000000000000e1 0.000000000000000000000e0
-0.362638698232949886015e0 -0.218506168357349701554e0
-0.593912735256407583648e0 0.100455590085975998037e0
0.682394671579464331956e0 0.538312169466528608202e-1
0.438378907053275408587e0 -0.390583030511879911498e0
0.323000873690274289691e0 -0.272440014049726693997e0
0.585174158507906483177e0 -0.679785029398201519942e0
0.853305544627719025864e-1 -0.852820535021552564000e0
0.344213139727817778659e-1 -0.870029950097154454106e-1
