
2.539388101360636e-01 1.453625489231659e-01
-6.524407668482067e-02 -2.545057302016056e-02
1.408247143601365e-01 9.865741092534068e-02
1.634322879110977e-02 3.722569544935932e-03
-3.681862246985682e-02 -1.838565970772621e-02
7.713017732796996e-02 6.527148899363926e-02
-6.964195422224110e-01 7.877778412188413e-01
1.467484301984167e+00 6.537376703418762e-01
1.512375781349022e+00 -3.523869357802371e-01
8.283051727132367e+00 -5.927584492513274e+00
-4.618502274989054e+00 -4.135754210209164e+00
-1.534470855072173e+01 1.013806752857756e+01
3.324519067628149e+01 3.880875591364904e+00
2.199736104171356e+01 4.620612077999598e+00
3.358273636294713e+01 -1.985287653334889e+01
-1.591858454349648e-02 -3.889967153000054e-02
4.519915284641601e-03 -5.253630302937153e-02
1.324119691868124e-01 -2.405952275549814e-01
1.865843751502383e-01 5.643846123739757e-01
-2.516598983983946e-01 -2.720342911182783e-01
-2.232933029675314e-01 -6.139504968212717e-01
3.428066268304997e-02 -5.506265199305509e-01
3.477064179227460e-01 3.747475748240519e-01
-2.702936249860818e-01 -6.410176777744085e-01
4.337083698441965e-01 -1.209786627084250e-01
-2.321657658519913e-01 -4.850294080332662e-01
-5.712318763950994e-01 -1.939934314305501e-01
1.000000000000000e+00 0.000000000000000e+00
-1.769097385894954e-01 -6.177378759400618e-02
