
7.028269742614444e-01 -1.858245111725344e-01
-3.309069537199227e+00 -1.811320673711172e+00
-1.039712104065345e+00 1.554063449246533e+00
3.807524062205561e-01 4.225075753423591e+00
2.544271030296062e+00 -1.958487377599393e+00
-8.192356931258495e-01 -1.204367771939592e+00
-8.240483369915730e-03 -2.259119479021000e-01
-6.293610739389008e-01 -3.401747469982783e-01
3.553181487442623e-01 5.500737077846969e-01
-9.143757297247694e+00 -6.538593111202802e+00
-3.540800377290385e-01 4.679791375606792e+00
8.482771531663593e+00 -4.383908552880703e+00
5.787970893999801e+00 2.891090302715908e+00
2.124453709033927e+00 -2.574523953896367e+00
3.355786403247895e+00 3.647502808486895e+00
3.428986149927565e-03 4.714511957442685e-02
1.167394289289489e-01 -4.194329353307961e-02
3.812349821614321e-01 4.839735461818332e-01
9.108225055681596e-02 -8.846397397031336e-01
-4.897362289987250e-01 6.399099274778970e-01
2.342460347730811e-01 3.016689079879936e-02
1.000000000000000e+00 0.000000000000000e+00
2.007423312477381e-01 -1.733174287465555e-03
7.917897486080328e-02 5.165599408092717e-01
-5.970566932079621e-01 2.780831164574731e-01
-2.703942347519418e-01 6.298578022955179e-01
-1.097360562213152e-01 8.705369105464400e-01
2.444744175136637e-01 -2.720098920534307e-01
-2.930918670992427e-01 -1.812353937692767e-01
