
0.273143924009286348476e1 -0.223938905986072375395e1
-0.265372714362855811407e-1 -0.280245096355381034754e0
0.911795417489748707485e0 -0.237808065650820335771e0
-0.117114800412762718151e0 -0.120476014432294400286e1
-0.404252389693253783758e-1 0.416996250186251357867e0
0.290437004978659718313e0 0.129503613804327612311e1
0.431329323256738294276e1 -0.153515230163466502296e1
0.901532228958816838401e1 -0.634605992207851609061e1
0.710003274294416037967e0 0.122844878609750991983e0
-0.138455596394508620981e1 -0.538302723255582368615e1
-0.236776223298468843723e2 -0.752586768913591807814e0
0.145086130648353124331e2 0.920996994671424210315e1
0.421665597550333070068e2 -0.124526095183097743639e2
0.969174515529489435037e2 -0.562144533913018098689e2
-0.407820037910882207954e2 0.178356367508655980492e2
0.288870518677072882154e-2 -0.373314195615172095188e-2
0.124321198056940488582e0 -0.661771403886125468661e-3
0.432166504676143760214e0 0.184374535453867168850e0
-0.705751412119886232513e-1 -0.124669994439748769783e0
-0.458691519805160111568e0 -0.352702570137368474830e-1
0.625790224287366148796e0 0.125553996045083411111e0
0.100000000000000000000e1 0.000000000000000000000e0
0.117828059985284990481e0 0.162852415422795894677e0
0.248530926541934392521e0 0.688974935712105292077e0
-0.123624798963413486469e-1 -0.147021901928962988649e0
-0.255961030702096575297e0 0.104965696382267746803e0
-0.976151132708839659432e0 0.112620088202839326827e0
0.201625454100999981153e0 -0.962074314853807480245e-1
-0.806957008386798651142e-1 -0.267607754852447193492e0
