
-0.326741973606184973998e-1 0.142992470234153022134e-1
-0.166677201299662859586e0 0.233137173078120959884e-1
-0.716320125514324735090e-1 0.212834096439896962016e-1
-0.627595269469420284685e-2 -0.159300126042197690629e-1
0.387873146671220575192e-1 0.373287351957213319268e-2
0.389501500553127002445e-1 0.163076558080446684697e-2
0.637400503998602546143e0 0.172878555193335257495e0
0.192379672463149460832e0 0.737382485703567123380e-1
0.160225773792946150139e1 0.158173422194354152662e0
-0.245518228771638316286e2 -0.259742376180685174926e1
0.278971304567242893609e1 -0.104209648255241180224e1
0.521870632624049063950e1 0.116708053445432984225e1
0.191800945270723384728e2 0.366393522923884985593e1
0.130620838193333155992e2 0.105814023944048491528e1
-0.279194628218343499667e1 -0.289395681990253261654e1
0.168418714412846443321e-1 -0.119482799600811130543e-1
0.536766288396537456642e-1 -0.499685942978227767317e-2
0.499532228431932163125e0 0.155704574026588327997e0
-0.528607247325232213917e0 0.873406368935704025447e-2
0.117562016513781139713e-1 -0.126520330942660231999e0
0.683428345616322630159e0 -0.727237507404747190662e-2
0.507534638597958540941e0 -0.562797240979676369400e-1
0.499182738399042543533e-1 0.261232922832392188979e0
0.151432540467920424333e0 -0.925547488023752571508e-1
0.100000000000000000000e1 0.000000000000000000000e0
0.166212834998191825246e0 -0.197085158482422894257e0
0.325624686282360505140e0 -0.720529236439193797119e0
0.663566024302701400965e0 0.634180116769115295749e0
-0.467089023228841107029e-1 -0.203658692851604776117e0
