
-1.024895502907463e-01 1.570356560715080e-01
-3.215571632667627e-01 1.688340913747183e-01
-2.330383668466066e-01 1.407797732934604e-01
2.029050600033097e-01 5.217381698407283e-03
3.170302076786358e-02 -1.979347703334429e-01
-1.454012596536260e-01 4.023110234842472e-02
-1.844159479246630e-01 1.938633657110538e-01
-1.569290779066247e-01 1.667959582694211e-01
6.637585391480001e-01 7.137868545540000e-01
-1.238989781000290e+01 -6.071269690763765e+00
5.666818148982609e+00 2.289251233887027e+00
2.140096967263522e+00 -3.439368012766463e+00
5.800374331696777e+00 4.073311235153425e+00
6.137791068741350e+00 4.337033959448212e+00
6.589523478306123e+00 1.997958455610341e+00
-1.127759261963989e-02 -1.076987657371353e-02
3.150870420590347e-03 -8.178642874940935e-02
6.598589845724830e-01 -1.134032576186510e-01
-4.873461778004911e-01 2.258594564988339e-02
-1.090695198523113e-01 1.903219175905732e-01
5.488799952465750e-01 -3.863236989177879e-01
3.590828104086502e-02 -6.619364180139793e-01
5.275030436800345e-01 1.556520179706551e-01
3.885927294712544e-01 -1.190816903340793e-01
1.000000000000000e+00 0.000000000000000e+00
2.573288003018260e-01 -2.272584537865822e-01
2.230960098773209e-03 1.413102808970558e-01
1.099426821423538e-01 5.417315677349850e-01
-1.592533276084290e-01 -2.904102493600131e-02
