
5.032428472207612e-01 1.797141682186112e+00
-9.090441590396242e-01 3.173762922243747e+00
4.826902485991066e-01 1.650689959388017e+00
-3.771814029769470e+00 7.711840556768429e-01
6.967960870879716e-01 -7.624309784472478e-01
3.268571182548710e+00 -2.568325737862956e+00
3.561704144892897e-01 4.145928983541163e-01
4.637184532411113e-01 4.804687600049306e-01
4.294573684008839e-01 2.771954941582040e-01
-1.312410242688713e+01 -2.885130554248905e+00
4.002022634122905e+00 -9.537571836763750e-01
6.732257807426024e+00 7.384528992345747e-01
2.849690041469827e+00 2.795002224121106e+00
1.256065997152465e+01 6.246807328777097e+00
-2.012265662116253e+00 -3.491918047880098e+00
3.820624055625624e-02 -1.850219619534969e-02
1.107160563727405e-01 1.019509450725237e-02
-1.769731454691448e-01 3.567766089604257e-01
1.097510442759160e-01 -1.838589515973014e-01
-4.466112661495460e-02 -1.983986298489918e-01
1.094803306068695e-01 4.579082256123219e-01
1.000000000000000e+00 0.000000000000000e+00
-6.001291240715707e-01 3.463554039608296e-01
-2.635332258672018e-03 3.215391009990942e-01
-3.280824595583522e-01 4.954521938441173e-01
9.099288317981485e-04 2.537696307738908e-01
6.464723774502305e-03 6.220282047164774e-02
-3.485261395915895e-02 -1.653503980899972e-01
1.231922476617030e-01 -2.161868384495027e-01
