
0.358427639495453878121e-1 0.106369202793155008703e0
0.669618067524492792741e-1 -0.631171936688099850527e-1
0.480596415295034513765e-1 -0.803113832301809475329e-1
-0.428356070630430221112e-2 0.395552830837692936543e-1
-0.739046759741206959408e-1 0.564731649818378524133e-1
0.428649250404563546094e-1 -0.133293071927041264477e0
-0.724326959186295978575e0 -0.546978102590676943165e0
-0.253783179818471625719e0 -0.188116464979623003808e0
-0.141670201576949522713e1 -0.224882117172283839662e1
0.506531995847861418042e1 0.111332459663656019901e2
-0.178527129363460076820e0 -0.123627089943192914638e2
0.109597965627907942788e2 0.157911554040226816374e2
-0.482157851652690328751e1 0.114372378448993368347e2
-0.356122221162613826961e1 -0.170136148746873091669e2
-0.243741441951710892909e0 -0.225704838112649388247e2
-0.118937661628403004051e-1 0.110625829072716495500e-2
0.148162151533211152029e-2 0.929032817975749128502e-2
0.951580804472813059295e-1 -0.379881257650607169902e0
-0.109436808587735168830e0 0.208847796976982495235e0
-0.657815068479587883294e-1 0.311544010549980685004e-1
0.406791452834763907025e0 0.694000532067952248172e-1
-0.938203207380487005961e-1 -0.267128001733716982825e-1
0.629109246893314718726e-1 -0.386221345318008894664e0
0.100000000000000000000e1 0.000000000000000000000e0
0.459289782709698205746e0 0.250430029577450418278e0
-0.473382389063435896396e0 0.186190048057591850766e0
0.717788977666179423253e-1 0.723201183856394490366e0
-0.425554411784603957677e0 0.213735717212031145468e0
-0.424446743723691533531e-1 -0.215300085672327418206e-1
