
-2.737623536832022e-01 -7.791175069360121e-02
-2.710609854520975e-02 6.130738893325405e-02
6.924929194393813e-03 -9.510929753078647e-02
1.341420209132627e-02 8.322854666468260e-03
-2.195652690975722e-02 -4.719129021281646e-03
3.167143008216185e-02 -4.201915445773497e-03
-8.686126806748002e-01 1.012804930061774e+00
2.340369468801375e-01 1.130050947460428e-01
-5.441858745229051e-01 1.295381156411308e+00
-8.894310746647278e-01 1.856048188427088e+00
7.572266836637127e+00 -2.325865117212173e+00
6.773810576541788e-01 -3.471055289720334e+00
-2.521569771729518e+00 -1.066864257685403e+01
3.063277186576943e+00 1.588261440365713e+01
7.999803627096229e+00 1.532168255910399e+01
-5.199515804083184e-02 -3.125970894757851e-02
1.022012185015808e-02 2.532808860552236e-03
-4.771002835001429e-01 5.057769621264214e-01
3.694069681717479e-01 1.782976761047692e-02
-3.466775201589657e-01 -4.097384821072825e-01
1.000000000000000e+00 0.000000000000000e+00
-4.600141796363088e-01 -1.807382349112568e-03
-2.838522292337805e-01 7.624343546375005e-01
4.405520272921218e-01 -8.900001836855997e-02
1.301542084655616e-02 5.604969220796697e-02
3.382014356004025e-01 -1.005170678237760e-01
-2.342970375925655e-01 -7.042701654605392e-01
-6.121637573756340e-01 -6.471639511967953e-01
-5.540642982838068e-02 -1.732900514508742e-01
