
-0.840452314070923929594e-1 -0.628466604304677089413e-1
0.792502477586108148682e-1 -0.718008297668219450466e-1
-0.285029037659324955940e-1 0.159987197435715086574e-1
0.449013036482803972539e-1 -0.347055755880278502378e-1
0.968110956882767664913e-1 -0.590775497717991538811e-1
0.391439277588119957157e-1 0.975522360184955591859e-1
0.273522527163895835117e1 -0.823360074124377075476e0
0.319119613489966727721e0 0.722298226373691481541e0
-0.109904321008069076734e-1 -0.133125326918165557116e1
0.293292850149347738425e1 0.269586217403923090082e2
-0.161130106419323803502e2 0.671675986863954308046e1
0.288164661746292015999e2 -0.105185556694561843172e2
-0.274604377521351094831e2 -0.348527884117693226643e2
0.293138808667985824065e2 0.676022898803331566062e1
-0.636111776227070871686e1 0.239381290811095647896e2
0.774469298504092664234e-2 -0.931882106268396341238e-2
0.764592380395673282216e-2 -0.181313016986454069152e-1
-0.226118451461216152126e0 0.497244237175658874834e-1
0.232235131093273666230e0 0.165998659184737118520e-1
0.772771658171147820668e-2 -0.362580714407268818493e-1
-0.350198722557650537286e0 -0.591845375564124804012e-1
0.104785478331992384593e0 -0.165582852885013025282e0
-0.165782834036704309147e0 0.160524390877119569137e0
-0.760188857511835164885e-1 -0.663931833263574827707e0
0.109813696132535144381e0 0.328317141258905404550e0
-0.516454477808699656300e0 0.108307156788598458409e0
0.100000000000000000000e1 0.000000000000000000000e0
0.896115646918808453759e0 0.603170535717211804116e-1
-0.157535554252748871831e0 -0.162761767492843653960e0
