
0.343063224734216413413e2 0.719611636135696038172e1
0.476983321010903770706e2 0.266508487969218552278e1
0.348966841217866237494e2 -0.595473204861299808266e-1
0.648138196889061454775e2 -0.618450377860951586509e1
0.470067836583543538775e2 -0.723201875790608375745e1
0.339767302941918696128e2 -0.724812497855742515328e1
-0.144204836734338360789e1 -0.359485990199560766613e0
-0.200125442109007743155e1 -0.487570737616717735075e0
-0.184598523586290274418e1 -0.273688039921053917903e0
0.376395914021361457369e2 0.133402008350740407423e2
-0.412940707565189615499e2 -0.151772184360051784202e2
0.210263328684628174464e2 0.305817478540553140329e1
0.466332033388506167794e2 0.200430866050853878288e2
-0.247309578224500405657e2 -0.756359600148044420448e1
0.131773675405203488306e2 0.490714314569810330750e1
-0.286267302944312737496e-1 0.305178327012518896535e-2
-0.969616381519470398590e-2 -0.110063951347313266914e-1
-0.908902458422368517081e-1 0.271067447511178073581e0
-0.642269971759299032539e-1 -0.287097418597757972792e0
-0.906718472383561685258e-1 0.784323249600957302270e-1
0.817432105951856911104e0 0.151940127486160771598e0
-0.381398481610520174371e0 -0.341779395639991070689e-1
-0.836878776660464999835e-1 0.172203566059888853532e0
0.799610471980456248830e-1 0.161049756805687943194e0
0.302831865154752716626e0 0.753869073895460896907e-1
0.100000000000000000000e1 0.000000000000000000000e0
-0.232965867089909212737e-1 -0.152789484856336559156e0
-0.333117193932820045594e0 -0.163732825135007730713e0
0.458809746480411809660e-1 0.892000535184496748603e-1
