
0.168522031042812962700e1 0.535803924576652519235e2
0.130132936725983926196e2 0.722373900405688928461e2
0.124386326435951803529e2 0.522228511522301663966e2
0.320936971977824646932e2 0.952396842193788316297e2
0.273069634723553626258e2 0.682449860849081456071e2
0.227144066462124614453e2 0.487265072182519255600e2
-0.143855267273083100774e1 -0.345564999178423828881e0
-0.199872429589865850338e1 -0.467365809430899047371e0
-0.184572955389046975370e1 -0.273855230680948793256e0
0.376434397551599647970e2 0.129973384589537585988e2
-0.412954689766211113823e2 -0.147751792009147182739e2
0.210388150214935022598e2 0.303812218631402289793e1
0.465781034878972501796e2 0.194215875539519010843e2
-0.246819301468166859490e2 -0.731043542012230965861e1
0.131692515983919518317e2 0.466026473394260890579e1
-0.105337077248976852184e-2 0.570127824043610880395e-2
-0.125749452377783116633e-1 0.240343697301236593302e-1
0.350566571576365473308e0 -0.481983146185276608014e0
-0.341914958260044862950e0 0.491626840387548703047e0
0.513612511324540089685e-1 -0.721336123050253209485e-1
0.252308300847578604822e0 -0.431904294414495102181e0
-0.644613062246274756727e-1 0.177760113275968935451e0
0.251017037440340217889e0 -0.359131662742852887838e0
0.100000000000000000000e1 0.000000000000000000000e0
0.353936987998538751273e0 -0.974269022739203343381e-1
-0.668558050772100557926e0 -0.533055641048558729331e0
-0.275450173947945678909e0 0.488611281716572633477e0
-0.305178862703385179436e0 0.605380072622579075187e0
0.243001977694502498203e-1 -0.849413324270589207646e-1
