
0.123049444445348441944e0 0.746786644355594043411e-1
0.159337693771998026009e0 0.476576222626755495100e-1
-0.110069537192486208438e0 0.402082112015421681627e-1
-0.148567666250116613497e0 0.286339579449259293934e-1
-0.535955302702185504037e-1 0.114122867962573761613e0
0.255182218047681715596e-1 -0.103312622380485333750e0
-0.941280433775270968335e0 0.952471774074657191917e0
0.430478650374843774089e0 -0.290651455881410684641e0
-0.871497602198563497630e0 0.853746829654751988620e0
-0.312258106052179589072e1 0.105055202370449604181e2
0.700181229277684199531e1 -0.922202733971654926414e1
0.332024018423603239285e1 0.520419389464781540812e0
0.317642097692786268921e1 -0.107438283030793703694e2
0.730731119357892223813e0 0.118443699929790669132e2
-0.330338990352215593378e0 0.172843303198463685913e2
0.596184150867250755130e-2 0.441837415719068594954e-1
-0.417282030141994173718e-1 -0.191150207622080246377e-1
0.100000000000000000000e1 0.000000000000000000000e0
-0.766800434318240056047e0 -0.127927517296828905020e0
0.122949840633297716194e0 0.393587465089083362116e0
-0.201902982733501955564e-1 -0.842189242579984469216e0
-0.552645183408242397452e-1 0.206373781593002742041e0
0.882615195104063436475e0 -0.130648981713028758888e0
0.325105579659606639331e0 0.940407850929547770358e-1
0.229037006074278410640e0 0.911160184029466672538e-1
-0.197966765051930229105e0 -0.458970398712690601706e0
-0.625137339844484403244e0 -0.160413134651526483984e0
-0.790871301002435745633e0 0.311638634083087302860e0
-0.195469516365003695185e0 0.202358781533557259677e0
