
0.542226591607875460749e0 -0.292778482200287418322e0
-0.622573958574332011895e-1 0.223908996396424808205e-1
0.308830192741293107638e0 -0.781822990666092473687e-1
0.696834085717112857192e-2 -0.137916132645622724258e-2
-0.340395488153496648641e-1 0.334982604056564720576e-2
0.164694887382879013327e0 -0.130922803102778423227e-3
0.171029146255827269746e1 -0.508429668809939961586e0
0.275878149051154020980e1 -0.906383729939848386745e0
0.117163437307164480469e1 0.252873335313482680732e0
-0.721465989983376624391e1 -0.434697030973505522608e-2
-0.158803416324482997175e2 0.598793555381371628635e0
0.102630910271179678767e2 -0.296180114020253376444e1
0.365427783716933035456e2 0.331810884900703475034e1
0.371211664047468727010e2 -0.868935390729677976408e1
-0.103496956008518743173e2 0.786666509245507763635e1
0.112101831466998113845e-1 -0.194010158239973899933e-1
-0.583620054584371134513e-1 -0.271119830536628884923e-2
-0.634680400983863301676e0 -0.147918517355146184879e-1
0.227386325840518116812e0 0.219251397122948071019e0
0.371943112355204341245e0 -0.212210416631583253058e0
-0.455958938245724537843e0 -0.920874803641837494687e-1
-0.487648657107411065658e0 -0.997042349642066103819e-1
-0.517300898457354705533e0 0.203591027059882356251e0
-0.284683421185784347085e0 -0.661924349894444502323e0
0.220265416194812265082e0 0.384871649660459846095e-1
0.269919718228567074225e0 -0.348109303541622469531e0
0.100000000000000000000e1 0.000000000000000000000e0
-0.283436045342360003424e0 0.153758144002502618715e0
0.278671488673070074873e0 0.697954083707097125929e-1
