
0.305848999226738487221280402858e-1 -0.267292746158525695771352485546e-2
0.938503609280284426392818065221e-2 -0.499215106195788091188471637087e-3
-0.464767879153206418925201531422e-1 0.138808715891737948857410125679e-1
0.291119299205669646928734584669e-2 0.261323539489268185107882172586e-3
-0.174189353663848583499247303142e-1 0.877082003113216751083233129908e-2
-0.334960929147305451914153861326e-1 0.241160392209598877260564268318e-2
0.219580469191037740121547579606e1 -0.676093063274749541481689674412e0
0.209502450193090978929034082998e1 -0.698009206958745758328531534663e0
-0.286639461211634665448982040371e2 -0.591925608914426796980544731774e1
-0.772894993622496512457179120787e2 0.864206568731529443710040411019e2
0.489685315720210894160466585689e3 -0.860667360407854686103665077464e2
0.371967098452322125556324727771e2 0.497857423613182527626413210022e2
-0.125289338730160269674359204540e4 0.617253174641458629885742031252e2
0.683934434246222526538795104318e2 -0.344479933906717519735168464965e2
-0.970019509793964548823325407219e2 -0.248260288034665333437580393194e2
-0.105923985698181237927487680660e-2 0.575896101744890122820447939979e-3
0.371596830679209342627166534309e-3 0.583875064199649728467171285021e-3
-0.295315411524799714576828576237e0 -0.141186267625833254504191810963e0
0.816391623638339705257334156093e-1 0.170976214121637169778211919241e0
0.683759087070832722494586284818e-1 -0.228114948193029041090665083667e-1
0.225758340262260156612384147844e0 -0.222724018004323319100407816683e0
-0.115433097748075827628322843548e0 0.127175774348997152738495123068e-1
-0.337825232203520259629737398688e0 -0.601288784539512106548844544477e-1
-0.210304278255916078446058002030e0 -0.350388492740063379838580254571e0
-0.145409785895986762899744864009e0 -0.145414713133817569590090074936e0
0.100000000000000000000000000000e1 0.000000000000000000000000000000e0
-0.315856894530024126433404299591e0 -0.556160136032157154963407015762e-1
0.296330006011240501782565318494e0 0.359497505370640697859824188825e-1
0.100438843882627870483205587908e0 0.192612576666144563342260483562e0
