
0.260045661791386552193e2 0.347388870248179978430e1
0.396695183983584815507e2 0.622456999706079426755e1
0.320768523980966382102e2 0.347813186455572960661e1
0.569688312081978236179e2 0.119765777377308602885e2
0.421583631759401986569e2 0.908818585795732318891e1
0.264622799389992463467e2 0.957259149821611116972e1
-0.139938091799640809058e1 0.128417189560913597743e0
-0.196672261355905568709e1 0.163198102471208750242e0
-0.198612680545207664451e1 0.317796626291157496683e0
0.404307319614144004098e2 -0.884024584155869161666e1
-0.442870786171655559452e2 0.983671476878666259207e1
0.225938161730274869095e2 -0.323283258392707802142e1
0.485106951261019444313e2 -0.109429690801139509644e2
-0.247550270037751763870e2 0.362548745456991454894e1
0.125572427379089754081e2 -0.867531593963597780520e0
-0.113060321958080153143e-1 -0.359911455592388811193e-3
0.903101442724354081940e-2 -0.214542898915497010532e-1
-0.279251232578746831793e0 0.594952666959904604013e0
0.207188887561162990244e0 -0.542839855130155776437e0
-0.852924120869956417821e-1 0.791908091959858470175e-1
0.211518690160559568337e0 0.307662581746159689128e0
-0.878255605456655852114e-1 -0.818843096916323936961e-1
-0.223245807843925994402e0 0.453184878125390581624e0
-0.724515344456100189238e0 0.225015357482221825015e0
-0.159225790206073586683e0 0.162659998790324215675e0
0.100000000000000000000e1 0.000000000000000000000e0
0.130878079730480545480e0 -0.278389033656331144178e0
0.104161595783049855802e-2 -0.484185593112283346360e0
0.884867686242845754042e-1 0.498293435225922140043e-1
