
9.640616743296393e-01 1.295897982896943e+00
9.626406724775780e-01 1.364841558194455e+00
1.300009123978615e-01 5.427650310596112e-01
-8.627623838014258e-01 -1.371176672640606e+00
-2.231719823805941e-01 -2.482206425238861e-01
6.722302404290675e-01 1.090242970830664e+00
-7.735069167708145e-01 8.852020084089482e-02
5.745683204181999e-01 1.558996836871903e-01
-1.616642043240825e-01 1.293689080560796e-01
-9.566327914577236e+00 -4.417745792184391e-01
9.139584813384815e+00 4.730207935325002e-01
2.196787528636265e-02 -9.113369768750594e-01
8.451333372385271e+00 -3.404931514558438e-01
4.431822907818560e+00 2.396617207010918e+00
1.114994542191966e+00 7.822677306742826e-01
-8.032117358565992e-02 -1.118112927923598e-02
-6.189363711818845e-02 -1.166789325672562e-02
4.388742559955947e-01 5.864220501388179e-02
-1.510012324976822e-01 2.810324895315128e-02
-4.402884270998672e-01 -7.473714987264532e-02
1.000000000000000e+00 0.000000000000000e+00
-9.430912251263817e-01 -1.311736703351312e-01
8.517622051968504e-01 1.643878494133237e-01
7.025348996481937e-01 1.902268879459051e-01
7.254271582344630e-01 1.887277003319519e-01
1.471876236668885e-01 -5.940769846409390e-02
-8.659958937651510e-01 -3.475566791227044e-01
-6.283526902985043e-01 -2.230750293486601e-02
-2.738815919256599e-01 5.504254680495999e-02
