
1.214789965255866e-01 2.279419174287832e-03
1.708468321132403e-01 7.434879476104564e-03
1.422760702703321e-01 -4.569225111772351e-03
2.401300772465768e-01 1.640690296987728e-02
2.003475493818607e-01 -1.477689571708407e-03
1.662023710410708e-01 -1.382154697974029e-02
-9.247049982044564e-01 1.475200028532622e+00
-1.964108763667668e+00 3.764693547251020e-01
8.336364346229914e-01 -3.883657888537251e-02
-1.701837235449789e+01 -8.169368077975431e+00
1.090740871324089e+01 -6.952898871929465e+00
4.556952164897875e-01 1.504164605948281e+01
1.007426961240705e+00 -2.275729740048296e+00
-1.101282876306071e+01 8.088216410645334e+00
1.419038845331455e+01 -2.153145501830718e+01
7.244631778887677e-02 2.536587763585697e-03
9.197310439017459e-02 -1.534336526481285e-03
-7.904035664801048e-02 -4.665600991820643e-02
-4.194511511318048e-01 2.468585670742444e-02
4.330836597179789e-01 2.694674263103179e-02
3.040747200412742e-01 -6.574673746331181e-02
1.000000000000000e+00 0.000000000000000e+00
-8.966593518425789e-01 -4.436122721469935e-02
1.372252233808843e-01 9.061665083013970e-02
2.035764314447444e-01 -2.185193638417298e-01
4.312515738832211e-01 -4.766777863134292e-02
6.102049161852845e-01 -1.028246599884593e-02
-6.747382771023541e-02 -7.373522043546009e-02
2.870163846306164e-01 -4.649761480351371e-02
