
-1.342629783219876e-02 -1.646015499660187e-02
-8.663048161370414e-02 -5.215962543181444e-02
-8.148431769612491e-02 -4.562849393103677e-02
-4.720465618342611e-01 -9.438695508858291e-02
-4.384847527824286e-01 -7.339945173444384e-02
-4.068939480891741e-01 -5.500220145930004e-02
-5.232797339479334e-01 -9.561431292991251e-02
-1.122051185506336e+00 -4.828851212943686e-02
-1.430397119122195e+00 -4.146561246293901e-02
2.004415778660891e+01 8.959161336145254e-01
-2.115983967233077e+01 -1.035814754190570e+00
1.869933534943005e+01 -2.158510763713828e-02
1.252147541817608e+01 2.687876892931607e+00
-9.069817924960747e+00 -1.349020403969336e+00
5.812106520198596e+00 2.116085193603783e-01
-2.000302798723537e-03 -1.162163981763096e-02
-9.980847712221907e-03 3.086895675851359e-02
1.960655106693188e-01 -6.793635499136592e-01
-1.930702038364611e-01 6.353014851759879e-01
2.872440003892912e-02 -1.918200390119848e-01
1.505885555779502e-01 -6.606846803501507e-02
-6.791940555061630e-02 3.653267331481080e-02
1.516047333179045e-01 -5.011831754603365e-01
1.000000000000000e+00 0.000000000000000e+00
3.110117763273756e-01 -3.479320382096103e-02
-7.193096621799787e-01 -6.956173853850059e-02
-3.835327746746908e-01 5.194156029603317e-01
-2.280490311736934e-01 5.454717923931769e-01
1.461844682816803e-02 -4.403558222259596e-02
