
-2.735790536720303e-01 4.271684906877807e-03
-3.425612276019075e-01 -3.353034585022996e-02
-3.128246569382891e-01 -3.558143148306006e-02
4.900774378054242e-01 6.783984277425353e-02
-3.432059822043044e-02 -3.929883944177457e-02
-2.164983841333938e-01 -7.211152768113122e-02
-5.612208133121612e-01 -4.799429379213634e+00
-5.784299268332633e-01 -9.613724027645441e-01
8.148573964321841e-01 -1.235405091664754e-03
-1.238841977475039e+01 3.031854643663403e+01
7.295706415583092e+00 1.945627954379380e+01
-1.017828948651026e+00 -4.865606685550934e+01
7.456680128009925e+00 1.146054171688415e+01
1.621988457149383e+00 -2.479338777652399e+01
1.206214657207773e+01 7.009010766432453e+01
1.768623263467093e-02 -8.508242297276682e-03
8.343924639542462e-02 4.507084336289220e-02
2.705253209853211e-01 2.761287528853101e-01
-1.865489609223217e-01 -3.147626902047143e-02
-1.353670318924680e-01 -2.705615542816550e-01
4.258977316029700e-01 2.932826029823856e-01
7.391528888592985e-01 3.351731815403839e-01
-9.115512927619207e-02 2.212527621095971e-01
-4.031382198283769e-01 1.480885898202901e-01
1.000000000000000e+00 0.000000000000000e+00
1.149370495323291e-01 -1.583258569151924e-01
-2.887181867980156e-01 -6.167715530562147e-01
4.382066585014500e-01 1.136220127629319e-01
1.350204953783456e-01 -1.020833497033333e-01
