
-1.831725988736605e-02 1.696723667273132e-01
1.041015354748221e-01 -1.240296578853171e-01
-1.250443926142130e-01 -1.200768895595324e-01
-6.317461405168379e-02 8.419879400693678e-02
1.463592823283520e-01 5.700214115973162e-02
8.149187393904997e-02 -2.538711607342500e-01
-6.947922380539787e-01 -8.961582523524979e-01
-1.237999663752328e-01 3.983590053109681e-01
-1.546809522072944e-01 9.798586850910407e-02
-6.504430965394560e+00 -1.740976706551884e+00
3.828092940954743e+00 6.949082256678395e+00
3.680122701948316e+00 -1.011654228454755e+01
9.038322400404907e+00 9.818857612598283e+00
-8.486016591844914e-02 -2.627022788194496e+00
3.311657584463116e+00 4.993645602546951e+00
-5.489755781282582e-03 2.648344443057254e-02
-5.411191754363196e-03 -8.096499093309104e-02
1.383691082922807e-01 4.300339262001073e-01
-9.097951032885229e-02 -7.024039167358264e-01
-3.123493702150387e-02 5.521444552364341e-01
1.041221237899962e-01 -2.152764293078243e-01
-5.363707696679235e-02 -3.775805519329686e-01
1.461135889434221e-01 2.415119794897323e-01
1.381878486133965e-02 -1.835159167651732e-01
-3.098451158549633e-01 3.684563052691699e-01
1.627462186226110e-01 3.616736909276019e-01
1.000000000000000e+00 0.000000000000000e+00
3.113799993943118e-01 -3.598035900856290e-01
-3.663603012869122e-01 -3.834260276010829e-02
