
0.394183039347920151872e0 -0.213724575025993123963e0
0.127784799145525421337e0 -0.100709013913942875981e-1
-0.218376162735781916872e0 -0.178505446180006049716e0
-0.227367977871856089412e0 -0.811588339115694484187e-1
0.174706811361318502254e0 -0.124255771489600405025e0
-0.166815061476064062460e0 0.294883408937562572436e0
-0.212661106118856089010e-2 -0.430655713214779625774e0
-0.388611342317860575821e-1 0.500802889859196283717e0
-0.221631326700250800717e0 -0.108072002116074119280e1
0.264792564290494850283e1 0.508558396458967375015e1
-0.400766152206974391467e1 0.227605655040705520935e1
0.847748111493821635345e1 0.117528306344083674517e1
0.421164784247415428580e0 -0.456880110429464710367e1
0.724426396902225346822e1 -0.249379178181143522537e1
0.698223375928992874041e1 -0.627526957680350136589e1
-0.230293068465852370172e-2 0.410435221360658056130e-1
-0.105122130877705279179e-1 0.555669095085483708501e-1
0.428226751258253607616e0 -0.271890791494198632368e0
-0.610022030297806024785e0 0.176062116425097470602e0
0.132223597488872063414e0 0.131411371534155434963e0
0.825835579803138293033e0 -0.469510951816080261364e0
-0.138068668132464230774e0 0.653872319630159981130e0
0.139670637199837777744e0 -0.500793169207989962203e0
0.100000000000000000000e1 0.000000000000000000000e0
0.248722979087847493416e0 0.267463649042940039227e0
-0.193920825671111869554e0 -0.487116433419042807441e0
-0.931946430815515618540e-1 -0.259335920186286228271e0
0.533630486628630881308e0 -0.191673955870140694116e0
-0.210035742544360916754e0 0.347813474056407208099e-1
