
0.246091051095562496375e1 -0.113157387074233827320e2
-0.158121820463024963417e2 0.132815544691243887180e2
0.106860583940889368390e2 0.442268100858628475250e1
0.367931079077271736971e2 -0.149518599441172077942e1
-0.102537833096195910463e2 -0.178933378996566560884e2
-0.623932900020257226372e1 0.971975138873847431444e1
0.396943655676309426438e0 -0.309912872470953080508e0
-0.777210665112134845229e0 -0.595677404361557991791e0
0.433645263351611118062e0 0.537059300303352274821e0
-0.111102754900761279740e2 -0.856235896968048432621e1
-0.275190213929212331703e1 0.539437607480047546550e1
0.127416036975185537157e2 -0.366416014178492254480e1
0.425536844648582130400e1 0.341434299836683290098e1
0.311078734345222405024e1 -0.568054140784676757066e1
-0.560963988012948241318e0 0.229653870737829017817e1
0.590760164787858795414e-1 -0.111012453525665838912e-1
-0.990977379683137105359e-1 -0.101364362376634976917e-1
-0.330212540960727335068e0 -0.731843448803123423929e0
-0.479722793708756231872e0 0.516611009870804362414e0
0.100000000000000000000e1 0.000000000000000000000e0
-0.610875125848605104529e0 -0.903219005736039114065e-1
-0.485494190111804727202e0 -0.297028323550907384865e0
-0.628701577573090813035e0 -0.532932724580837400825e0
0.110230738214195139746e0 -0.890165439055929754819e0
0.421491342832528888718e0 0.844459848971729139548e0
0.902554477141878757187e0 0.203512625878250730417e0
0.847711106882647873076e0 0.339575057979851711572e-1
-0.522912245981589686515e0 -0.548257219934192649034e-1
0.217369185361310390746e0 0.630345274951178307081e0
