
-0.123829173888688608409e2 -0.497017710176054404100e1
0.469714794262793887275e2 -0.161761199448482472646e2
0.750981869242660835017e1 0.238042936392086035627e2
-0.146159395261888113062e2 0.541359459072560709816e2
-0.267635921562441335391e2 -0.314221181134896735878e2
0.135391352549349196178e2 -0.109732914468863537467e2
0.272705224553116584415e-1 0.233338300252938465225e0
-0.621532980541415012359e0 0.395623235585064607887e0
0.357098525387613542745e0 -0.557490771357909924925e0
-0.900006443284141810848e1 0.668507048098591489301e1
-0.758970611359306562664e0 -0.459171439673437774363e1
0.880620174596300916894e1 0.423788763968609090730e1
0.584627503067134862095e1 -0.301117506474371601517e1
0.238921650002385358726e1 0.306491442753678976717e1
0.315378940217006948797e1 -0.367389541624219887698e1
0.927970518546056110199e-3 0.660915963118984250790e-2
-0.272238411394377280977e-1 -0.139984958527489672706e-1
-0.107677321143500166936e0 0.140466761008240800904e0
-0.610275891050086450684e-2 -0.202720596319246600862e0
0.125432947782557889841e0 0.120605024287699083263e0
-0.103476627614092997493e0 0.216071369700760788248e-1
-0.220919896107379421464e0 -0.500717519132684527908e-1
-0.640345588486708934561e-1 0.632549376911589871924e-1
0.195475486977226962872e0 -0.481708190736876184086e0
-0.112242803111642402151e0 0.682581992641795040806e0
-0.635612561224581167042e-1 0.155104530874010467290e0
0.100000000000000000000e1 0.000000000000000000000e0
0.468390168917089592466e0 0.241920297960394618532e0
-0.178833706976846998712e0 -0.533923591571404275834e-1
