
-0.579446154677346578297e0 -0.296597750832308200642e0
-0.277267749637362856697e-1 -0.283489667057768255825e-1
-0.621752589355711834837e-1 -0.583954274581159019418e-1
0.177409150673030364210e0 0.271798460562645725447e0
0.332488872707125913925e0 0.509634431416465735645e0
0.622950739259640116235e0 0.955495999974319449113e0
-0.194601641524144666805e1 0.162630325872825665101e-18
-0.712628449861591262658e0 0.000000000000000000000e0
-0.594047647222557965822e0 0.135525271560688054251e-19
0.248474892848331153561e-2 -0.746447784767852173804e-20
0.266609377355334286231e0 -0.447233396150270579028e-18
-0.142050014303175301976e0 0.204981973235540682055e-18
0.286067373966779584342e2 -0.477048955893621950963e-17
-0.152417274166218672370e2 0.173472347597680709441e-17
0.812082312712740219101e1 -0.433680868994201773603e-18
-0.343180011238416804541e-1 -0.503933964986666992342e-2
-0.861423384872523929535e-2 -0.211352097599200271200e-2
0.263245728734449864270e-1 0.126887035154163066787e-1
0.446928070723700173414e-1 -0.312558324290876691277e-2
-0.225763660595895733065e0 -0.297193787237204470457e-1
0.541051736293320434639e0 0.830716287059258243257e-1
-0.320775723219231191923e0 -0.523589514512715026975e-1
0.171507097466077580212e0 0.323438122936565284350e-1
0.839629855374996602376e0 0.317865438228835244091e0
-0.458304650269184740279e0 -0.146387379225988781625e0
-0.849127939092380887266e0 -0.278406299392021709671e0
0.607080526190494037251e0 -0.696425002836985468911e-1
0.100000000000000000000e1 0.000000000000000000000e0
-0.299999507071542150622e0 -0.485755996092376501308e0
