
0.120007187908655224510e0 0.748277114579905841028e-2
0.171558997524397155917e0 0.806092597329609556833e-2
0.142191346555400582766e0 0.289372368029002024830e-2
0.245198369381373994751e0 0.775858089016208237940e-2
0.203142177460646520875e0 0.102137072343965879922e-2
0.168180333874578137907e0 -0.362919941611896376877e-2
-0.209210753121402897193e1 0.129017747305581663604e1
-0.225981338167383396034e1 0.325887362461914939710e0
0.791285935912193964738e0 -0.257064740224556920547e-1
-0.901578240925904580375e1 -0.725233454114061062892e1
0.148559061505779547458e2 -0.585637839117569856734e1
-0.107633303622256984895e2 0.130380892054998534894e2
0.401336281888291391239e1 -0.235661458235692227651e1
-0.176769653278548998267e2 0.713646398762260122245e1
0.311225313443272128613e2 -0.186791731868086010246e2
0.347739531908387396314e-1 0.233034204343275298396e-1
0.108555994164060577272e0 -0.102895230195019035075e-1
0.236574554053844815713e0 -0.236685394523775634881e0
-0.260697885776403589120e0 -0.502910966473366325365e-1
-0.482582056424837495400e-1 0.291597138452139534445e0
0.489769743114181384312e0 -0.172938699796258505659e0
0.100000000000000000000e1 0.000000000000000000000e0
-0.315170106741019597082e0 -0.378148609964248381141e0
0.403738595536126677096e0 -0.144037810855717695699e0
0.669792426003378390381e0 0.371875432407878803799e0
0.280535852887641171984e0 0.337643281188123985266e0
-0.150862820884316045156e0 0.863116738307183844754e0
0.177941062303191156773e0 -0.711478793311230393734e-1
0.166943013108960199267e-1 0.127963928383510104728e0
