
0.196061239058977471851e-1 0.305570301571119726822e-1
0.966078849547966784565e-1 -0.686139172481355203453e-2
0.105076215679630542455e0 -0.227176163727914449023e-1
0.107388482973302138798e0 -0.234987916000926242967e0
0.810807900926120097320e-1 -0.275080282040286233734e0
0.458745216496927762958e-1 -0.315001143855055288940e0
-0.127315462799568284021e1 -0.970229002035764861815e0
-0.180591271312875024436e1 -0.973164779457163824018e-1
-0.631197503136020929965e0 0.618223638515773453656e0
0.100554890913613574370e2 -0.122513487530932309441e2
-0.161042008089382101127e2 0.146464163845340552550e2
0.111656854279794324428e2 -0.127418292925015014128e2
0.290997533801586272667e2 0.597619291574560907842e1
-0.186532596799588115902e2 -0.567686082836265388856e1
0.105610765242183065318e2 0.541504445160707497580e1
-0.603782413067881763125e-1 -0.148769569958397970169e-1
0.541749491686211666605e-2 -0.105679787909199571830e-1
-0.173407519727568224020e0 0.360651089287248676477e0
0.259013071452835684527e0 -0.103176801252468363442e0
-0.452859385190239685471e0 -0.156994240915501528919e0
0.100000000000000000000e1 0.000000000000000000000e0
-0.462873477660724644072e0 -0.653271561892092053722e-1
0.768624322617081233888e-1 0.476911726928209882173e0
0.411326012038949043208e0 0.119803681793226386718e0
0.388366749273255119061e0 -0.362562404802846431661e0
0.161099224957241389983e0 -0.503638141103819382300e0
0.180696827460573433986e0 0.259791238309043111509e-1
0.102666097012607765782e0 0.274015468043247921079e0
0.703119137300622992434e-2 -0.356916596866883906159e0
