
0.233719991528398124137e3 -0.102939121521058676370e3
0.288179922181729704297e2 -0.126816580579051176054e2
-0.186596466074392604323e3 0.821723294973309696942e2
0.307228209157164717570e1 -0.135041799606792925405e1
-0.938557587237909171467e1 0.412330180370120683670e1
-0.236792273619969771317e3 0.104289539517126605625e3
0.684353443213175835144e0 0.134873664436928770169e-3
0.522921205099019963558e0 0.128578740902078771232e-3
-0.896342774022208384644e1 -0.167594585840126356416e-2
0.408005036162851725395e2 0.439621462985056131456e-2
0.176265636590172837216e2 0.132464330837489974863e-1
0.538274891132124645443e2 0.555925501462062668367e-2
-0.162903857606875203945e3 -0.487370386278034167793e-1
0.806780220069063146973e0 0.136889765605994838784e-2
-0.424481605722003488348e2 -0.630314018300586094423e-2
-0.549011313677722532250e-2 -0.102477487231131246818e-2
-0.150493998022434366474e-2 0.510471384551186306509e-3
-0.156042531012633624329e0 -0.108719997825580529433e0
-0.961581587981708955462e-1 0.514659271732240451586e-1
0.741039689246955812280e-1 0.101550205037611453384e-1
0.540698859458283459349e0 0.500471977874342095386e-1
-0.173644346794355853471e0 -0.365320282693363017218e-1
-0.273436826135399751645e0 -0.107247894093004652455e0
0.204922763308336311350e0 -0.560198475815623165349e-2
0.127974663241576578569e0 0.151508258864652505259e0
0.100000000000000000000e1 0.000000000000000000000e0
-0.240753248213367410983e0 0.214871364343353130416e0
-0.225853486865926645792e0 0.119133579159992513426e0
0.145874761903683375776e0 0.170259025383726910187e0
