
9.181017123702532e+01 -3.223510604594323e+01
2.432999480585026e+00 -8.730030869259496e-01
-6.893820220126368e+00 2.450019875482254e+00
7.116065426003300e+01 -2.471645121498206e+01
5.251034237983144e+01 -1.826159171239160e+01
-7.490212372266824e+01 2.638391324534437e+01
-1.080447590935120e-01 1.527529277654545e-03
-3.674386214531779e-01 -9.488885394631219e-04
-7.212308627357347e-01 1.888958849315087e-03
1.109565922961378e+00 -4.205804414454561e-03
-4.241316279394076e+00 -6.651751975885967e-03
1.325865286258155e+01 2.516850631876011e-03
-5.072205716340112e-01 -9.667360592065993e-03
8.844660644283102e-01 1.174059850590797e-02
-6.023453513273671e-01 1.387316500652044e-02
-5.990012506130045e-02 -1.243743744338520e-04
-1.150109389924868e-02 1.741168508021902e-04
-2.433644248915696e-02 -1.882400717048543e-03
1.071838818451994e-01 2.878817267006929e-03
-3.902104727958197e-01 -1.882430298722371e-03
1.000000000000000e+00 0.000000000000000e+00
-5.590089750037454e-01 3.432623273564306e-04
2.147934422117645e-01 -5.995453252682081e-04
8.552873393299021e-01 1.309758083852053e-02
3.267393548382295e-01 -7.451870598445712e-02
-1.702031934282964e-02 7.027340806767278e-03
-2.684159313783924e-02 2.104425770219214e-01
-3.222699261740125e-05 1.382805374448682e-01
-1.675754795780182e-01 -1.606231141138449e-01
