
-1.048532302227598e+00 9.297277534434195e-02
4.344537822047206e-02 -6.041903725789793e-01
3.229466206680078e-01 4.642622844274296e-01
7.726808334776492e-01 1.861270842812586e-01
-5.468153610364700e-01 1.144348354127269e-01
2.758514687499491e-01 -2.790998596256004e-01
4.677980294518191e-01 -2.794613946796631e-01
-1.269978699191286e-01 1.159544668060222e+00
2.204843344523218e-01 -1.023641635408491e+00
3.685751770993245e+00 1.077156764871454e+01
-1.061931299029102e+01 1.461242916272212e+00
1.097940366148083e+01 -1.936022410191036e+00
6.071430091466931e+00 -7.373818359810817e+00
1.066135658372933e+01 5.727803563301036e+00
8.295544815011159e+00 -8.873809911763471e-01
1.846956014159920e-02 3.874627319138259e-02
1.438985997818821e-02 7.088077836052151e-02
4.381379966388707e-01 -2.843058895639937e-01
-6.657321786180941e-01 2.591770843445375e-01
2.178925695996055e-01 4.073059848469821e-02
7.050692020837440e-01 -4.629037298715855e-01
1.824253715849398e-01 7.611348031199030e-01
-1.667217440503638e-02 -4.974644625357534e-01
1.000000000000000e+00 0.000000000000000e+00
2.393103255300066e-03 4.877102961893878e-01
-1.372940509581595e-01 -6.128166685703920e-01
-2.087815961676049e-01 -1.894991125716830e-01
7.433966108355536e-01 1.339851629922445e-01
-1.344334632931218e-01 -1.370613559659686e-02
