
-0.268464884688525274735e1 0.924021446845806718098e1
-0.660642342647261726889e0 0.334746821261910840737e1
-0.884934726851857462722e0 0.350460300612770432236e1
-0.129149884980984394105e0 0.120298259930338857521e1
-0.203484432671520311739e0 0.126546911841392552896e1
-0.285596327286580768944e0 0.132744306448358658738e1
-0.186456572594723334741e1 -0.281582269960439944751e-1
-0.209462148584600060439e1 0.168304054869345267676e-1
0.203613872045837549581e0 -0.205371597552110998818e-3
0.538158515255175419804e0 0.665890577607017949578e-1
0.125782942077831299524e1 0.176337688498698520875e0
-0.261987474427332798035e1 -0.331822420761941551609e0
0.163051797214531519545e2 0.265277268628736585218e0
-0.187130651264678661803e2 -0.303276978772807310016e-1
0.245801694668996143136e2 0.231658957595011560677e0
-0.460728414882019077346e-1 0.358229602022763854353e-1
-0.211496825696154787281e-1 -0.555488294147060054974e-1
0.190882322676818888679e0 -0.184552671384447906255e-1
0.941137045749525584087e-1 -0.371417083628515592303e0
-0.352570130186137183277e0 0.561038164679558577059e0
0.355628418246202719226e0 -0.381756375693706320588e0
-0.402063036422625565895e0 -0.211298504789623628705e0
0.501726196119012957033e0 -0.211779590128099942339e0
0.100000000000000000000e1 0.000000000000000000000e0
-0.903339645135277342610e0 0.236682316246640019549e0
-0.506252683423081533548e0 0.387287106626701950539e0
0.237677796922526682934e0 0.792848175530735510184e0
0.248084153546800207900e0 -0.277479170300005193059e-1
-0.524379188672473518643e0 -0.150940576245492856126e0
