
-0.841376172569696799582e-1 -0.194666294747270407243e0
0.712184969608388304191e-1 0.649701976365314433232e-1
-0.108224852354895309649e-1 -0.932220729705932965391e-3
-0.416477367518377723367e-1 -0.136294452486412902899e-1
0.465947468017816327243e-2 -0.163437368526610380061e-2
-0.304832187767539216777e-3 0.465459607986069815181e-3
-0.643848587972232495771e0 0.677194606339594181170e0
-0.375000613996887555011e-1 -0.383830661241335645788e0
-0.803359620497847207979e-1 0.726344715540503070724e0
-0.115011024362179933237e0 -0.151299915260016008519e1
0.142498161222493495502e1 -0.310332171461087137892e1
0.184230502915117085906e1 0.180539932277072893280e1
0.630487915895130222009e1 -0.472058434003940774210e1
0.336034080004875480982e1 0.499090062433721595551e1
0.107264626944580153851e2 0.491849365267739526168e1
0.102155898237043959615e-1 0.378446773533124318503e-1
-0.384170450698414955095e-1 -0.831478124734819267687e-1
0.100000000000000000000e1 0.000000000000000000000e0
-0.858251185174871100551e0 -0.455482753847306436225e0
0.183381102600064471161e0 0.681961811124548121434e0
0.130280709776969270708e0 -0.496345480681628051559e0
-0.359853206831687540460e-1 -0.397008638949185758494e0
0.790051638520395466982e0 -0.166431959193327646537e0
0.524210135413362423044e0 0.334584604054494837654e0
-0.257639957160015348149e0 0.264726994997525717822e0
-0.231747932614873710017e0 0.197391042257296813625e0
0.178099352630869788483e0 -0.334396092182994435850e0
-0.711768457152357240193e-1 -0.393499497028018817410e0
-0.533686688847766824248e0 0.110265315366582556455e0
