
1.267382958353818e-02 -5.553138942320373e-01
2.308821760789706e-02 1.902683642719122e-02
1.110629029898773e-01 -1.806200381508312e-01
-1.574303077182046e-03 3.439455392336261e-04
3.948818335215169e-03 1.071614775883950e-02
7.137707555471008e-02 -3.816445234479401e-02
-1.069497123086304e-01 -1.070270791083872e+00
7.697911842363980e-01 -1.559270635930384e+00
6.637585391480000e-01 7.137868545540000e-01
-2.528731451301089e+00 3.216865236179631e+00
-5.656968892682368e+00 1.183038173121818e+00
1.527097606620575e+00 -9.804041450291368e+00
2.583545405328466e+01 7.041576766746340e+00
1.272035888191036e+01 -1.362272835713925e+01
7.838347066938112e+00 2.215440150030597e+01
8.513124725329051e-04 3.429873169800498e-02
1.129773007186948e-01 -3.097946444425920e-02
7.468257458529542e-01 5.511244655701916e-01
-2.177837707287483e-01 -8.643122665557417e-01
-4.935461255439944e-01 4.924584904072170e-01
5.002259853835564e-01 2.734219025394288e-01
1.000000000000000e+00 0.000000000000000e+00
4.726449175659656e-01 9.677555605432989e-02
1.018048296672180e-03 8.921392572124511e-01
1.571912517655550e-02 1.187725969226102e-01
-2.755535217264381e-01 3.224829352853090e-01
-2.298433022744083e-01 4.024728884755020e-01
3.235782489353609e-01 7.367335133374148e-03
-2.336599310266534e-01 -2.725412562438139e-01
