
-7.502783522610942e-02 5.414174091741553e-04
2.747450355579819e-02 3.282864829499965e-04
-7.796188946114427e-02 7.999079543910471e-03
-1.005721549093348e-02 -3.130060699484960e-04
2.860111412817307e-02 -2.381672924823925e-03
-8.027364372064263e-02 1.604451412666362e-02
-7.771862793563568e-01 6.247631831298950e-03
1.941558251750904e-01 1.730247038856968e-02
-1.048989306583117e+00 -1.448593998952870e-01
-7.288675221747688e+00 -2.468655461995315e-01
5.322113030051479e+00 1.141943431842432e-01
8.773197592075299e+00 1.149762897458816e+00
5.892720978214542e+00 -7.838471065809320e-01
-2.978029744052961e+00 -6.299113109543106e-01
-9.268923960514005e+00 -2.231106352365966e+00
-4.717195180974693e-02 4.186473652204238e-03
-1.764983762634380e-02 -5.568872522508429e-04
3.944130485770536e-02 1.188472747960470e-02
-7.113086136591870e-02 -4.803795806599312e-02
-2.339957164127836e-01 4.592210213650635e-02
1.000000000000000e+00 0.000000000000000e+00
-5.326934984527937e-01 1.811832172548353e-02
1.539272975868297e-01 -2.885135300974179e-02
7.211229557129124e-01 4.105638244005344e-02
4.662372857809721e-01 1.328693343091991e-03
3.145892864709638e-01 7.171418229776329e-03
-4.314235588524640e-02 6.096691628725640e-02
-2.323743420773773e-01 3.964003694027109e-02
-1.045708424698481e-01 -2.647348116655808e-02
