
2.054238862220264e-01 3.550124299072203e-01
-9.611586361058007e-02 -1.892596521446875e-02
4.757012997204691e-02 -1.759198144609433e-01
3.661337891573879e-01 1.834827978625615e-01
2.699686000657692e-01 4.169286259111915e-01
-1.217949468332376e-01 -1.341362842905765e-02
7.514036815639058e-01 2.203143865983382e-01
-9.100898433981212e-01 5.777708681403911e-01
-2.787403024843733e-01 -5.976535589233303e-01
3.052232311521861e+00 8.878276361969110e+00
-1.275196716722577e+01 -2.769393551885858e+00
2.002515384190957e+01 2.268334472922273e+00
-4.185062511782679e+00 -8.547235019244956e+00
4.405318501570786e+00 5.752851233169361e+00
1.132830200260819e+00 -3.310413427241540e-01
-7.751899855715191e-03 -1.917298694615851e-02
1.787635893605494e-03 -4.646847198154440e-02
-2.359500675761618e-01 2.876632786622755e-01
2.968976706992301e-01 -3.076668472834031e-01
-1.010559341679841e-01 3.782877581495840e-02
-1.990963946081980e-01 3.559687139996630e-01
-4.433569695378148e-02 -4.542837864351549e-01
-7.613597088337312e-02 3.420225332253947e-01
-1.256337971578098e-01 -1.874722016917829e-01
-2.629394140890243e-01 4.285272908488486e-01
-2.421878727004569e-01 3.472886706037885e-01
1.000000000000000e+00 0.000000000000000e+00
7.089760531126814e-01 -5.124513478341536e-02
-2.041327155492640e-01 -2.315017902434890e-01
