
3.478104793455994e-01 2.022475590135721e-01
-4.133883835935880e-02 -3.852708509030217e-01
-4.881162517418847e-01 -7.728328872537195e-01
-7.681081479088724e-01 5.527169818787568e-01
-1.408801099513215e+00 1.451229171107722e-01
4.202976685632728e-01 -7.549645408923289e-01
-3.501023792368725e-01 -1.211060170265983e+00
-4.603729801718274e-01 -3.662794478759742e-01
-1.353957984873718e+00 -2.683861718749864e+00
1.815228974154635e+01 2.472966974109831e+01
-7.614659148116023e-01 -2.013183150952210e+01
8.646445334268087e+00 1.375867816508431e+01
-3.048885495289395e+01 2.220729784901525e+01
4.773843706031166e+00 -2.277888840974479e+01
1.791737084053395e+01 -1.393927737968503e+01
-9.893708417286880e-03 7.066546640408474e-03
-1.034636179278505e-02 -4.803284843564351e-04
-1.118910136325931e-02 1.839583405191999e-01
-1.293313057237611e-01 -2.854880580300200e-01
2.990099700878106e-02 1.078664057940792e-01
4.460633373033739e-01 2.677641298791901e-01
-2.121649139243788e-01 2.637833389691588e-02
-6.339244611072176e-02 1.123743556599286e-02
-1.847372090040447e-01 3.225317980300769e-02
1.600732345915698e-01 6.144534438570669e-03
5.115854006887340e-01 1.433413152761460e-02
6.716113428936764e-01 -4.928873720851547e-01
1.000000000000000e+00 0.000000000000000e+00
-9.839542517665942e-02 -7.073124766054259e-02
