
-0.368587937570222871453e0 0.457257767599835632295e-1
-0.902963987157865724583e-2 -0.263888112961860134093e-3
-0.173418464415706136222e-1 0.206062512117907692344e-1
-0.216088917615236044685e-3 -0.397366852442358600886e-4
-0.493088338716667287091e-3 0.431223751275361909887e-3
0.940910578449475313601e-4 0.195069670469590093027e-2
-0.194518601392337408033e1 -0.178687420435429681210e0
-0.682074564875610932604e0 -0.400486431253232785907e-2
-0.632779749663116349240e0 -0.178256603229662863164e0
-0.456965567532982994150e-1 -0.103723011461303086272e-1
0.278501892122671743340e0 -0.823639803051844698119e0
0.902678143113937390117e-1 0.631844670989754434408e0
0.286644779623184233937e2 0.480277428850877489194e1
-0.152508301925184339811e2 -0.281835984733457328060e1
0.744987870198645016698e1 -0.263959198878756643846e1
-0.614171319684554475916e-1 0.226938623564143346597e-1
-0.240995779086022473450e-1 -0.490519587710482975430e-1
0.117249332146315269796e-1 0.553425520226231911457e0
0.538893316996773474241e-1 -0.708271414079011751711e0
-0.354298360693591220217e0 0.395037194495016676663e0
0.100000000000000000000e1 0.000000000000000000000e0
-0.657844990426303168887e0 -0.148913661129682692357e0
0.266491238596752761568e0 0.307971461788735540783e0
0.309920018723159486552e0 -0.180910274593521317352e0
0.239561390474890619198e0 0.260574063772209311225e0
0.461615127631575495796e0 0.434712365941595320264e0
0.757670053124738706858e0 -0.374749130858082583326e0
0.251748201614814016167e0 -0.518000786136662192587e0
-0.433379112539890048859e0 -0.493066718748059772327e-1
