
0.333634474013894296966e2 0.187246183305695227776e2
-0.930990790998400344694e1 0.178794134194238098518e2
-0.291602731077168076789e1 -0.157373819547812877021e2
0.289507546785555561989e1 -0.143601703507945774483e2
0.224033044825231878443e2 0.127911121202167232932e2
-0.184483871854556656950e2 -0.242259796160817910933e1
0.804830333532211111478e0 0.109163804910291024940e1
-0.124877347775074805684e1 0.920361583057257047328e0
0.765113105609829263363e-1 -0.926924516933217500442e0
-0.393840719877942071082e1 0.181657232667182538637e2
-0.150962387373400877596e2 -0.128952988126907533983e2
0.223531116795265627287e2 0.105241386294760513598e2
0.852586746892089663782e1 -0.151777639872921106109e2
0.915257767616712628305e-1 0.140631402942003543880e2
-0.458746027014147592744e1 -0.298795927942614325231e1
0.219815996082434635710e-1 0.774717245629880927012e-3
0.899290536754092954319e-2 -0.260247647684712288862e-1
-0.347837001880096974835e0 0.122757460086863061449e0
0.180412546111348335822e0 -0.708269506336568793436e-1
0.165778426013309897262e0 0.622046240318576332316e-1
-0.369244807586228756619e0 -0.242496206349405985815e0
0.155769722816916629938e0 -0.130245281243805057219e0
-0.407536873801242852539e0 0.195878208783497437853e0
-0.349590300791197251091e0 -0.710288984561300091236e0
0.221525697757576539642e-1 -0.874687499168150595286e-1
0.102989800837843133047e0 0.123349193180263087865e0
0.100000000000000000000e1 0.000000000000000000000e0
0.303949151530442326170e0 0.240933133728158124976e0
0.452023940166950207614e-1 -0.358164971123916027276e-1
