
-0.891479953396570001280e1 0.565120294431366846678e1
0.464885106827955533887e2 -0.138904051867751331794e2
0.439633602424420669996e2 -0.447589223636017758540e2
-0.223004846821855001890e3 0.350460520761989083316e1
-0.250313669956968682384e3 0.143230498236409425475e3
-0.193978505321469402237e3 0.318492114673468864616e3
0.197466808303825009968e1 -0.202088901971941659508e1
-0.106534750927574319165e0 0.352685354283215937742e1
-0.459078190860290509724e0 -0.112091686887574422924e0
0.382008156431662533603e1 -0.311546420974206171167e2
-0.122299203397817750757e2 0.437778658380608918475e2
0.264501755583734359713e2 -0.300361577467252628508e2
-0.273959830946155815344e2 0.132934725073104726429e2
0.198389305228425877111e2 0.793430630842232767963e1
-0.498895212897715381421e1 -0.166917417638381879712e2
-0.787485920624124509826e-1 0.122836344439324747899e-1
0.172249419376217737486e-1 -0.338061753707860702175e-1
-0.280138296278018015612e0 0.236377931770804146250e0
0.535630735192300216733e0 -0.374985938899785225831e0
-0.689685841174120262804e0 0.254346901387485060443e0
0.100000000000000000000e1 0.000000000000000000000e0
-0.481049164123782740368e0 -0.154105443725473806199e0
0.150266309614475106803e0 0.110969464577662169123e0
0.929350929716879960477e0 -0.305437477534656342832e0
-0.949984080517127599198e-1 0.112884338896731251201e0
-0.286474557751172267706e0 0.512915205795891238300e0
0.630220253369279049616e0 0.661298796530293522453e0
0.565219855391518622941e0 0.359250365876869532278e-1
-0.421599747635217342361e0 -0.332295293560281494098e0
