
-2.732849850343613e-01 -2.210195144336898e-01
7.477260764030777e-02 -5.686129773125333e-02
-1.394993219768000e-03 6.449205078095100e-03
6.123937203987293e-02 3.662899425497349e-02
1.062230709766415e-01 5.642196084941321e-02
2.120456129944884e-01 1.843905201787164e-01
-8.782056627946466e-01 1.153777585785484e+00
-4.276395221003975e-01 2.279921495293198e-01
-6.701959028822394e-01 -5.014527189336521e-02
-7.902538275361604e-01 4.358614662673920e-01
-1.515339794996498e+00 -2.399957823068234e+00
7.593724449161790e+00 8.052864820568457e+00
1.235638703034989e+01 -1.866882577161175e+01
-5.685626454140288e+00 1.040024768518946e+01
1.446740200590103e+00 -5.133126840365190e+00
-6.398062549675204e-02 1.114306507827145e-02
-5.737631287994002e-03 -2.969935675237702e-02
-1.047116935275965e-01 3.415210957634625e-01
2.123070274964535e-01 -4.081050663400319e-01
-4.498768596136909e-01 2.105229464885730e-01
1.000000000000000e+00 0.000000000000000e+00
-5.519261680213685e-01 -1.007591465256658e-01
1.779941675211031e-01 2.171752558986194e-01
6.107538615292922e-01 2.606598677185892e-02
6.298510215880461e-02 -1.477903780299972e-01
3.926266475950991e-02 -6.829348317289544e-02
7.270166378275262e-01 2.256114571592665e-01
5.561616789815765e-01 1.526038071208436e-01
-2.495682362096495e-01 -3.402035841858693e-01
