
-0.124456086107399762350243407793e4 0.607940058347279040864576239079e3
-0.630083707383656451436278639760e3 0.307575427862199193183190401309e3
0.359525713746133711767905509487e3 -0.176720484428166018088356136427e3
-0.301637713169323895602737285611e3 0.147108820553602071732234031615e3
0.274561075423748200278994382506e3 -0.134750429355773554906171054935e3
0.389632450710792028917202844242e3 -0.190416737061182842745982199296e3
0.550075379799783786765571918729e2 -0.161356764997526638726136607657e-24
0.566289486018859214617726606441e2 -0.168021061924833746458254890577e-24
-0.860976155108560468818017542301e1 -0.131266454628776364420511633263e-26
-0.247098465064417811764301823587e4 0.723783035983899215512482605561e-23
0.440898575383023239396186300205e4 -0.126145043414336720417889825541e-22
-0.826813447733453277891828961434e3 0.245892361778458617412946099479e-23
-0.786696727250418752453285511847e4 0.220236838092243618434512564264e-22
0.147528585868864304128818303191e4 -0.425222533640540789113583530767e-23
-0.276659135529094490408291669321e3 0.819102676883564513983992591561e-24
-0.499040364552273182802171593510e-2 0.221454836609033905692171860074e-2
0.136552452454687015202769011997e-2 0.232907924715335676289740450689e-2
-0.400036219323287317991797150997e0 -0.106359693705267475882222666533e0
0.147526360529251249078193167288e0 0.182580333712135562840186520892e0
0.504419356793944732763821606830e-1 -0.360277356838804973424004651868e-1
0.304957205473306657009420646781e0 -0.316908602508783992836162531486e0
-0.166005462673745876090421286567e0 0.598916017064451992708849470338e-1
-0.423675008298554640573841290769e0 -0.124625646578221267980946948864e-1
-0.170877292079089750109909176132e0 -0.567050776418619898519609603000e0
-0.467422959658908475855963564339e-2 -0.271902535020602733380467885873e0
0.100000000000000000000000000000e1 0.000000000000000000000000000000e0
-0.721088371046718096580367294397e-1 -0.580589260055801006424888563364e-1
0.285812305253441598296000734478e0 0.188108288944668273281338920747e0
0.120325520019330616183718415161e0 0.156855537228148166366225193028e0
