
-0.391196493960120730540286161661e1 -0.609120424011857940516506315668e0
-0.131887614876238570039091238615e1 -0.188330623068227039415183910500e1
-0.116569215443091880290800612556e1 0.454798023173537798864989502184e0
0.220313448405654066379110179375e1 -0.243590605006734470157902226301e1
-0.823511096567806107777595274150e0 0.795424820863956941909090097833e0
-0.176722311582137586106957203523e1 0.240359670210180713708910007922e1
-0.510014282031946007689911671869e0 0.219655047576931837934684482362e1
-0.482588472465771988926337783331e1 0.310600591512950050609091027028e1
0.554168250116114503422356094828e0 -0.302265743991250465380355534140e0
-0.127318283476239184223594915808e2 0.106835407105790471596811140523e2
-0.738742836758675588446235660474e1 -0.196291573581019921886024485128e2
0.199839100649034370400252155027e2 0.127404478623339128502365081504e2
0.233560465255685150831714197063e1 0.916201830813808404823419173285e1
-0.327969152623113274115912997610e2 0.342552540918313148700290880683e2
0.103962236950670669140423496100e2 -0.198455590187171312079153057855e2
0.365656074958188789257433682417e-1 -0.110000690275141193539340663872e-1
0.106885037369254990607987122991e0 0.749838274297301025429890457901e-2
0.520530225339795293378792809421e-1 -0.200242758759153492338705920947e0
-0.609628674843448401017473332571e-1 0.340856636377945368355511807890e0
-0.537230810306464774643182209403e-1 -0.171705820720381520061748847409e0
0.210103569986414841126840853591e0 -0.227803034153844966334589222541e0
0.100000000000000000000000000000e1 0.000000000000000000000000000000e0
-0.406746974955521489945551990062e0 -0.444921526020401999967629615016e-2
0.328321312369363171725076156845e0 -0.196873932140201637253795201057e0
0.231187035401662093785248505017e0 0.297543499742990944088222281286e0
-0.893346000447563469782944484174e-1 0.634224459009262425646853614636e-1
-0.582078404547378230707768793456e0 0.297929472214070822715030566580e0
0.148257077363082786905163953504e0 -0.135372839318229701564095891191e0
0.492540890896949661617670317945e-1 -0.161581853173531913939846003516e-1
