
-4.780066491568667e+01 -2.064619907654367e+01
8.971835359552458e+01 -2.214921821583248e+01
-1.249226456921544e+01 5.055712650972971e+01
-1.030033624668310e+02 1.276344318914779e+02
-3.663170706242783e+01 -8.485845411475445e+01
5.193300254084441e+01 3.994230868409955e+00
3.989374362528464e-01 3.072422415644053e-01
-7.699370181314150e-01 5.950126362311215e-01
4.336732218126123e-01 -5.370599777984740e-01
-1.111004661890091e+01 8.539739988274494e+00
-2.741627596089165e+00 -5.350218214200311e+00
1.272916398088223e+01 3.637216969525715e+00
4.251202781156692e+00 -3.435207871547648e+00
3.179198954395341e+00 5.660889424595936e+00
-5.802987486860225e-01 -2.284579600217844e+00
8.070806727848222e-03 9.774439500077871e-03
-2.107391288567284e-02 -7.924844624103849e-03
-1.327033772913797e-01 9.764330008276509e-02
-3.409889128550950e-02 -1.585418850696952e-01
1.766346115803346e-01 1.200366744107234e-01
-1.078194737220602e-01 -4.186896274025364e-02
-1.436879244572212e-01 1.416499559782976e-02
-1.557285810478379e-01 1.318938978385458e-02
1.428161658803306e-01 -5.928639138037396e-01
5.243880663674153e-02 6.481927334417249e-01
2.324062859768305e-02 1.675374147907374e-01
1.000000000000000e+00 0.000000000000000e+00
3.997665553919261e-01 2.187406963748554e-01
-1.293320233101233e-01 9.262064437473835e-03
