
-0.350967546541393760062e1 0.987415280554088040620e1
-0.196506532606502236642e1 0.590220865830391104795e1
-0.139048822491276191855e1 0.421584704057410592989e1
0.142413702252213158567e0 0.545940748221696042438e0
0.231863537088922422235e0 0.952863904392230241956e-1
0.270657294035290176036e0 -0.171533658322466912914e0
-0.150306695884565569093e1 -0.433680868994201773603e-18
-0.211602767315623520013e1 -0.108420217248550443401e-18
0.169004515754235720877e0 0.128749007982653651538e-18
0.732690888280575080917e-1 -0.670850094225405868542e-18
-0.100862541578678142039e1 0.468917439599980667708e-17
0.124047372513756387266e1 -0.571916645986103588939e-17
0.138847806850504376878e2 0.173472347597680709441e-17
-0.170764144443724996195e2 -0.216840434497100886801e-17
0.210016950854643238387e2 0.433680868994201773603e-17
0.136537726073833810146e-1 0.213208515131512895457e-1
-0.398736434125842929930e-1 -0.543083212799140105330e-1
0.446875386535695103034e-1 0.524380043375102356929e-1
-0.231752725263180837432e0 -0.326416407180238483775e0
0.287333040842653883093e0 0.416958872216730924579e0
-0.166725188405059945027e0 -0.250685812360011945059e0
-0.213308436966772600724e0 -0.275572052232761157634e0
-0.199544186481727414892e-1 -0.529406247651782187876e-1
0.129616889119712065643e0 -0.476690072484181635165e0
-0.156280586124950995766e0 0.548978245257931459617e0
0.228038035391264784231e0 0.343640072205350264196e0
0.100000000000000000000e1 0.000000000000000000000e0
0.111221212753751748817e0 -0.190903010800818972767e0
-0.245516900039399089817e0 0.158572625696771095746e0
