
0.190096857672930119026e0 0.179438252598662887686e0
0.272263157612058755266e0 0.245109011617487213713e0
0.203183544795702078202e0 0.177210490188628351420e0
0.389551337554088299321e0 0.334397403483068373406e0
0.290524141514737866819e0 0.241555077414392934166e0
0.216579738726989075623e0 0.174383846652577559997e0
-0.147575288284065845950e1 -0.588634654906612726408e-1
-0.211412656714652475950e1 -0.410886345239593078716e-1
-0.755728824141157396518e0 -0.902366279609845083423e0
0.186604614349512652922e2 0.186071676442943235788e2
-0.208859487184141336888e2 -0.198963743764160476066e2
0.105813090974227457311e2 0.873939027723087832455e1
0.299652311033867996080e2 0.177530499806584115240e2
-0.208555708622005011015e2 -0.468762024495890136655e1
0.183164394891684153936e2 -0.205593821488632271443e1
-0.342800876348585843667e-2 0.488691122916918781294e-1
-0.114387909956940503306e-1 0.148619504469939036569e-1
-0.118878424408101833161e-1 0.519143648231072406442e-1
-0.242829327933209655622e0 -0.107587786372671224017e0
0.127078413393626579598e0 0.300208252006883381054e0
0.561710274025164798975e0 -0.762630219074543115208e0
-0.211571340009045543519e0 0.498123427661893191428e0
-0.164506986271628274845e0 -0.165538216491068184831e0
-0.535339355344701211777e-1 -0.558731885521669900641e0
0.435410201757789005821e0 -0.543119356984694425785e0
0.100000000000000000000e1 0.000000000000000000000e0
-0.106453734948631674231e0 -0.294879229614952536893e0
-0.628480258253585412180e0 -0.178911840485215399072e-1
0.796129705255486195826e-1 0.353654363698353844925e0
