
0.134727489425227344572e0 -0.863026613589738128183e0
-0.335282512378797088260e1 0.151299359942512936183e1
0.636126601357986624192e0 0.154419389152195340965e1
0.353215776102367397856e1 0.216862689348152324091e1
-0.120307553047809076162e-1 -0.301646871673803720708e1
-0.124693784421685577193e1 -0.111610192799513436733e0
-0.216768124327123052242e-2 -0.257910952819177858127e0
-0.673280026311162779599e0 -0.365801821272938974578e0
0.361333200376771127347e0 0.551320818237012870195e0
-0.920730632544242849971e1 -0.670983863154529241741e1
-0.572379761355725879450e0 0.498595750315004626954e1
0.872221631921448195632e1 -0.460268968691901472550e1
0.590010522434812401203e1 0.288504153492126617095e1
0.180281762570048699566e1 -0.296280281152599797773e1
0.330720110109430448769e1 0.382479709662402624429e1
0.535181974272677782100e-1 -0.315062288704136608357e-1
-0.107955580081819786054e0 -0.617060016487124921521e-1
0.336087970991978877663e-1 -0.688472530589892932557e0
-0.805929628977929419142e0 0.506982038668859935518e0
0.100000000000000000000e1 0.000000000000000000000e0
-0.280946320558584669547e0 -0.129622596439189729969e0
-0.552123873922015640848e0 -0.786778951139352368614e0
-0.349966094571532079961e0 -0.268360145158386096878e0
0.286279194269528466401e0 -0.546242138623810339281e0
0.683646700682090185019e0 0.574476690463310002356e0
0.901337466257985120107e0 -0.622563496917736860484e-1
0.938124642510942665578e0 -0.337358746971687451210e0
-0.482077842319575662465e0 -0.387493665316593667586e-1
0.127016964067700493401e0 0.479213785525249603194e0
