
-0.272056468707754780020e2 0.336586507400002302691e1
0.195297111855522326114e2 0.186560925093906541487e2
0.634434253915020538450e2 0.266016241427461787999e2
0.258606364099027098979e2 -0.678053926970827089346e2
0.849101712513997602255e2 -0.630271855185572635917e2
0.134501046087276811096e1 0.644395276230826858990e2
-0.315166847169021756303e0 -0.120193026277119746961e1
-0.465443229949388651636e0 -0.379926016405517325767e0
-0.120428907975679617666e1 -0.266509852078992917667e1
0.163625728740120841825e2 0.261615490082472442121e2
0.327034943432010544347e0 -0.199733051494684964652e2
0.791631634570005047547e1 0.130833488425230330746e2
-0.306086407528802895428e2 0.197271745843050858096e2
0.538488261763574730615e1 -0.219316777422319857133e2
0.182582707386194691146e2 -0.115814498015623518461e2
0.584188581176055956405e-3 0.818107550947369004054e-2
-0.534202076343998032502e-2 -0.335203052179092649476e-3
-0.566305598525980095018e-1 0.216453498126957744066e0
-0.789355642190876290203e-1 -0.171472776804579314167e0
0.769874822580175168226e-1 0.490668359783481177428e-1
0.200704186867056460429e0 -0.667687236275632265071e-1
-0.900354538128142714055e-1 0.101052840855572440637e0
-0.123790196030654086624e0 0.143575860409845501044e0
-0.473568802802304992963e0 0.366695519451740098164e-1
-0.226835053580729044176e0 -0.259477838470163664063e0
0.100000000000000000000e1 0.000000000000000000000e0
-0.289475106559059609058e0 -0.490910875976241727910e0
-0.905595551054915134416e-1 0.604831115736664379532e-1
0.976447436330976864614e-1 0.144867342986208647929e0
