
-7.660492675354548e-02 8.138696417149135e-02
-1.859969934890075e-01 1.063433878364874e-01
-1.902409548314541e-01 1.818447853475574e-02
1.517017129602170e-01 -4.259434511023280e-02
4.033024649951688e-03 7.893596774736965e-03
-7.509678620667154e-02 -3.879261906125853e-02
-3.688386287040677e-01 -2.959572508025885e-01
-2.372015513056444e-01 -6.463970057480409e-02
1.169434549110729e+00 2.731011092964260e-01
-1.507025404088416e+01 3.080152554184479e-01
7.684847262830433e+00 2.735017750928465e+00
-2.608715110036704e+00 -5.198818637318884e+00
1.095546226394899e+01 7.326312819709240e-01
6.106760022919761e+00 -3.056255247862525e-01
1.186223134214061e+01 7.036183685101022e+00
2.750318029793383e-02 -6.820877492828349e-03
8.673750719752071e-02 -5.103213650580689e-02
6.203941056123277e-01 -1.668120314630202e-01
-6.320181508375388e-01 4.915609845557523e-02
-1.019033147246685e-02 1.389281190330443e-01
8.228604473036244e-01 -1.940833114913353e-01
8.261962750355327e-01 -4.456264781148042e-01
1.415613239094783e-03 -6.094153148660662e-03
4.536979924925551e-01 8.308016087682546e-02
1.000000000000000e+00 0.000000000000000e+00
3.126208067148297e-01 -1.618908015112594e-02
-1.798201670849255e-02 1.119783742025990e-02
5.053049089955566e-01 1.669455002413266e-01
-8.603371987085073e-02 -7.029967142289724e-02
