
-0.123393913417949371103e0 -0.223251277523529236978e-2
-0.268165067150655931895e0 -0.207529913857807956658e-2
-0.208337095691155418654e0 -0.226030506364574467008e-2
0.855650258351541733153e-1 -0.689373343830635520568e-3
0.810566157588052101448e-1 0.283629114378475503464e-2
-0.239938467336257618199e-1 0.144594072800349694812e-3
-0.473675086255255058722e-1 -0.343465935823693797860e-2
-0.127789477540864630174e0 -0.204484505301434818012e-2
0.914094472213713817705e0 -0.136275323562802467917e-1
-0.148026030676465974682e2 0.125676238126304487715e0
0.510491206919362385929e1 -0.372652823095640233376e-1
0.219800097031856161729e1 0.574558849426460539148e-1
0.903252690790348178318e1 -0.101684161994222672844e0
0.735352286165819181429e1 -0.657363721106968830303e-1
0.577007615974311568584e1 -0.239920761320818142198e-1
0.441757781189704259292e-1 0.108072685991595664704e-2
0.103968005262831294403e0 -0.412022124518539435855e-3
0.257877845484442961893e0 -0.223237732488290841402e-1
-0.408044779509823332241e0 0.966862121372828206653e-2
0.844862246972928976902e-1 0.121529424345668987228e-1
0.560315550816094045262e0 -0.206449601998170741496e-1
0.100000000000000000000e1 0.000000000000000000000e0
-0.407697974886262379658e0 -0.237183212124668778590e-1
0.257995259339108376338e0 0.682796805205608403695e-1
0.609738571102110880982e0 0.172358217645044763553e0
0.296305779012085032556e0 0.484108526660912380870e-1
-0.790252843541514179798e-2 0.414784098209055719593e-1
0.212425784963181422230e0 0.321076040545144756503e-1
0.891677417495491666120e-1 -0.395738319097937842216e-1
