
-4.234036207742588e-02 4.050022694236891e-02
-2.326954422725541e-03 6.779571365231024e-02
9.939336682597141e-02 -3.455859485486427e-03
5.289860460852735e-02 5.805147718235031e-02
7.955398761512353e-02 -8.324282406368147e-02
-1.297997717938932e-01 -1.079334462771853e-01
-7.639976919670231e-01 6.229489933965519e-01
-1.318669211899720e+00 6.394075730338071e-01
-9.261882072156582e-01 1.628585649343808e+00
9.242320575354119e+00 -3.298486141819592e+01
-7.248138677633479e+00 3.049699822390829e+01
1.153761929178070e+01 -1.175809657474286e+01
6.646851104714724e-01 -2.651662552349407e+01
-9.238051221620022e+00 1.454940170769184e+01
9.926241997790310e+00 -2.723104238336884e+00
-2.950937518691652e-03 -3.145840956640797e-02
1.076785989088572e-02 1.289911588881506e-03
-5.162930968014123e-01 7.635428851043015e-02
2.017862323362035e-01 -8.559338643834548e-03
5.720066774270868e-02 -2.294627682614706e-01
3.692079385151496e-01 6.242769465033330e-01
-1.215751872630777e-01 -2.309461434483510e-01
-5.747740652758921e-01 1.588511160612400e-01
-1.018068190434273e-01 1.328578792403237e-01
3.343056747559909e-01 4.124885856105610e-01
1.000000000000000e+00 0.000000000000000e+00
1.495090100445289e-01 3.516589571243313e-01
-2.907317400045251e-01 -5.916935789625849e-03
3.341786586205725e-01 6.512828251798868e-02
