
0.103017630721637814845e1 0.148696120803526086218e0
0.370375233835678790864e0 -0.355192962258404078399e0
-0.135889328038245591032e0 0.183047749749696911153e0
-0.702178053998684244394e0 0.730170037448120482062e-1
0.544949228948866803252e0 0.127515758230308514208e0
-0.327998253217693904057e0 -0.221713124548338134397e0
-0.211815817412197337989e1 0.447389720825342761647e0
0.825824577514260821799e0 0.197246827502094112020e1
0.663758539148000000006e0 0.713786854553999999969e0
-0.983499667413058287560e1 0.145009447626330587513e2
0.246884969978247308751e2 -0.555996079729988618937e1
-0.227090956380147895310e2 -0.111060755601612493257e2
0.899079683159664366093e1 0.561310890727670241561e1
0.496933652710787738746e1 0.247357066952819206751e2
0.259968918124528669839e2 0.173838400895677110316e2
-0.247527719950044271089e-1 0.111707596531472439538e-1
0.312640183939109201518e-1 -0.903095871567382143592e-1
0.100000000000000000000e1 0.000000000000000000000e0
-0.497371088627434245605e0 -0.246315351505221688264e0
-0.399176776868811001415e0 0.434670401185786227035e0
0.666994129633613198308e0 -0.463113301931033897243e0
0.259703715100277272615e0 -0.585306065226077624651e0
0.919730378573073892215e0 0.792185539504246928697e-1
0.652217356453815458469e0 0.394184074431418685948e0
0.148908013676574665948e0 -0.212212503346878411360e0
-0.322981707299386244141e0 0.141040042742997857631e0
-0.544425868062335683900e0 0.350015400915522417117e-1
0.241746841304448835692e0 0.112558988416254148069e0
-0.498105905225664065297e0 -0.163126926994057254943e0
