
-0.324925319102434711325e-1 -0.249776195018412123928e0
-0.684463166933653805187e-1 -0.194860673978193446770e-1
0.906393052793794797443e-1 0.279331533596867038362e-2
-0.280541983507613042812e-1 -0.890544689771862698325e-1
-0.610379579367042690836e-1 -0.180930880989619548077e0
0.533007677305213917230e-3 0.113588947038628939144e0
-0.413360032516537526971e1 0.200799997279670087362e0
-0.104075640936429103913e1 0.135400515461251396148e1
-0.340161121302049092112e0 0.246828323692933241122e1
-0.312454510409445897750e2 0.106359786500737921334e2
0.388170878258005899453e2 0.391380740956622369675e2
-0.209601240853682252718e2 -0.437446243084444630345e2
0.261792483775461781899e2 -0.840404569873117634968e2
-0.338452009853227810329e2 0.444756231492227152788e2
0.506620266339841158337e1 0.734044783372379713721e2
-0.316513898106956567341e-2 -0.280376901655216860521e-1
-0.204262328186246761277e-1 0.167379143102118968269e-1
-0.736700527568738035050e0 -0.626312487347265456773e0
0.223375611657164535245e0 0.724743295515666927065e0
0.216990477623377807579e0 -0.319434371441482863063e0
0.340102022557606763426e0 -0.109185859246070012697e0
-0.420729079579540387256e0 -0.132473314386012892710e0
-0.755401207808371359968e0 -0.276592339875292314073e0
0.297155506469253675197e0 -0.810460615913924516574e0
0.472694454005841942993e0 -0.865991857742928150364e-1
0.100000000000000000000e1 0.000000000000000000000e0
0.397978599333580720281e-1 0.415879872510634818487e0
0.244459745281090440523e-1 0.330335383293707366542e0
0.314433343985805451530e0 0.243907317766112015858e0
