
0.122793589319653575977e1 0.164624297173350543676e1
-0.659352157455759620196e1 0.457180864543438016372e1
-0.886709045354284810733e1 0.103648879214060473473e2
0.139610467690273188594e2 -0.638831069195703562386e1
-0.136052346695458813187e2 -0.135078273959922012578e2
-0.258029841224289591258e1 0.215639408580583528258e2
0.663384018872484232295e-1 0.731913540984165772473e0
0.762824091013615917029e-1 0.279913485860769226696e0
0.125434392691930675237e1 0.165682639531015902493e1
-0.139198472463911009063e2 -0.157467848077126569952e2
0.883676731088198108219e1 -0.546322995519504191891e0
-0.233447682811873730786e1 -0.253136946259442069287e1
0.388803951603479386323e0 0.182661189856559904535e2
0.133533766558491122567e2 0.853770173421567257419e1
0.135310432947876215209e2 -0.251933417794333345532e1
0.528418958938051373526e-2 -0.269972249512976638110e-1
0.307237555531836983414e-3 -0.150725321652878854954e-1
-0.709376962156567564591e-1 0.785865915910752617937e-1
-0.235994771234590054935e0 0.178209147657649974992e0
0.169805590654600207628e0 -0.243504474918387134080e0
0.535217355766962757076e0 -0.606401347622584132254e-1
-0.866811695409584888848e-1 -0.216709088850352942217e0
-0.296770278630085205401e0 0.355281188726175142610e0
0.311147002174722048348e0 -0.220970412969279911167e0
0.100000000000000000000e1 0.000000000000000000000e0
0.351010946358273818519e0 -0.691199810205387332295e0
0.791043867791424567854e0 -0.520925163528624687414e-1
-0.114032576950227333893e0 0.613575584189146320451e0
0.251677506334296074297e0 -0.176971547494081734813e0
