
3.720883770827314e-01 -9.742515761880294e-02
-2.247928031001882e-01 8.021845330950919e-02
3.481973995362272e-01 -8.957222191197420e-02
1.346583828920084e-01 -6.166800468632582e-02
-2.104451725625134e-01 7.408023273875693e-02
3.258339907826299e-01 -8.232775721583532e-02
-8.702604558918327e-01 5.990871682434697e-01
2.142214015041171e+00 -3.620344736218369e-01
1.353154431855010e+00 1.038952841767600e-01
1.529510387099738e+01 -8.018948009187168e+00
-4.901399264584535e+00 -1.628179916401944e+00
-1.966431954329050e+01 7.868203514858295e+00
3.346357076580794e+01 -1.340326846549886e+00
2.729311124337807e+01 -1.185189420583096e+00
3.897278904320866e+01 -1.093753263448624e+01
-3.878523980579754e-02 8.290362699425621e-03
1.194773057614926e-02 -2.959016369645958e-03
5.522718384293455e-01 -8.099851382661208e-02
6.149778267214458e-02 -2.368796763295090e-02
-5.218846381451764e-01 1.032568843858540e-01
8.469184799800583e-02 -4.594901272779983e-02
3.426693902285799e-02 3.584879072391479e-03
8.453069707164188e-01 -1.370789031746173e-01
-3.158519660966525e-01 8.315731419257470e-02
5.079246308139866e-01 -1.284671966704046e-01
-3.636880372801691e-01 3.838523925623119e-02
-8.838841925237779e-01 -2.639428515690601e-02
1.000000000000000e+00 0.000000000000000e+00
-2.985318333289185e-01 -3.481766780775192e-03
