
1.342492965743331e-02 -1.266655071880810e-01
-9.299181088251665e-02 2.624880143326248e-01
-3.771603372231235e-01 1.762158743049045e-01
3.312749904255969e-01 -5.107927616374255e-01
8.915842431224192e-01 -1.827742094140988e-01
1.129757730922437e+00 7.581461573990320e-01
-8.047359132237875e-01 1.387097202049515e+00
5.022928100576106e-01 -5.833509221755934e-01
-4.158879678900336e-01 9.447525607771122e-02
-8.447380498549704e+00 6.241896636337839e+00
8.496580660786259e+00 -1.160665186296044e+01
1.846304710454123e+00 1.269675160930480e+01
7.029583972539236e+00 -1.614611027388013e+01
2.699494046377372e+00 6.867872456224319e+00
-9.222886343849701e-01 -4.136253807516490e-01
-7.939265896735018e-02 2.782573486611387e-03
2.374933919733071e-02 -2.681053387929831e-02
-2.271942284536427e-01 3.019262547549194e-01
5.363088783307866e-01 -2.965825484369242e-01
-7.325503173074988e-01 1.128004849199344e-01
1.000000000000000e+00 0.000000000000000e+00
-4.189277527438994e-01 -1.266614594372293e-01
2.029707355723042e-01 2.596387006436250e-01
3.418438213617405e-01 -1.049690086065674e-01
5.874069079686218e-01 -2.917269275641649e-01
4.852410788086809e-01 4.630974606127125e-02
-1.429746376179781e-01 9.385551596404738e-01
-3.034391717092912e-01 5.880887842089719e-01
2.180865198820443e-02 -1.758570756797673e-01
