
0.112612581630502765865e0 -0.663536530015801945242e-3
0.138655177191474772756e0 0.353689182633712948631e-1
0.117135528185109050663e0 0.895269522285513821368e-2
0.500615043260861836377e0 -0.467063746131645148748e-1
0.190359280830249747791e0 -0.115542780245033995729e-1
0.513315492057106130252e-2 0.288482645454349694681e-1
-0.222297905794012192856e0 -0.108044415402007885164e0
-0.160763639898850931097e1 -0.945680703834407759899e-1
0.357549868726957250086e0 0.730801783229783918124e-1
-0.929298385671291702487e1 -0.119414637084971046580e1
-0.569904107586487777284e0 0.143911058636473130495e1
0.995856205860824315879e1 -0.119715634776531153183e1
0.260446790411833791336e1 0.178488540661434215559e0
-0.614111119521967303327e1 -0.114545580145272907777e1
0.668851595259457911173e1 0.101565783018827625068e1
0.355879176506980862820e-2 -0.121506899670432535513e-1
-0.537525794820845215074e-1 -0.104610971795626718377e0
0.692710998123634948671e-1 0.240521798115820661654e-1
-0.230594122012983536126e0 -0.203315331157563838690e0
0.251281486566423881135e0 0.296306524833680920173e0
-0.101683373541093189345e0 -0.207763658450251646444e0
-0.377154119945688667207e0 -0.848990844908504408404e0
0.814753092828580829894e-1 0.242160005779794355830e0
0.201636096187305703025e0 -0.903939537453198715589e-1
-0.279233229093697486408e0 0.929192094278768981294e-1
0.194434614956609717651e0 0.854048342553016889432e-2
0.100000000000000000000e1 0.000000000000000000000e0
0.285991943059274138301e-2 -0.978687802175436327658e-1
-0.192141463231638907243e0 -0.425989913886270786433e-1
