
5.525238258950361e-01 -7.215477866340171e-01
7.756436927403789e-01 1.131606405093153e-01
-1.529812131514662e-01 5.287479244480148e-02
-6.427239496295756e-01 3.451105954931339e-01
3.423532007483028e-01 -4.783180114370795e-01
9.020012373453919e-02 3.764371911408833e-01
-1.192483859775137e+00 1.240576898818475e+00
-1.183453807497327e+00 -1.124888495216399e+00
4.541741178507506e-01 -6.258784090910019e-01
-1.896601564892710e+01 4.234026819814938e-01
1.236345122850329e+01 -1.523653642200580e+01
-4.057107518505225e-01 2.273682777137341e+01
1.070569311814041e+01 -5.704324003822330e+00
-1.056194572848447e+01 -5.823971673855752e+00
5.649454886804975e+00 -1.868089561263525e+01
4.605959522114073e-02 -3.928442154760792e-03
1.020561577409155e-01 2.356376988614857e-03
-1.047090858733468e-01 -4.799039202699951e-01
-2.800305827047322e-03 5.938995014918507e-01
5.361064848401388e-02 -1.219719676647626e-01
2.894271312893426e-02 -6.539091013815781e-01
1.000000000000000e+00 0.000000000000000e+00
-5.786165326742095e-01 -1.832166019903337e-01
2.257072374184153e-01 -6.195473192963119e-01
5.460772687895439e-01 -9.968254209475760e-02
-1.130934171319565e-01 3.451488817772037e-02
-5.524618373332573e-01 4.469374819059636e-01
-1.342929759010375e-02 -4.488597603996892e-01
1.194275082864818e-01 1.583548464716334e-01
