
-0.152426800782834067118e2 -0.563155695853169714696e2
-0.273573809507444043986e1 -0.107024285734513195899e2
-0.300960558206824540205e2 -0.111098475620403496958e3
0.677347340519342545687e2 0.250003907525474481421e3
-0.271478467118662993747e2 -0.101258350913976561590e3
-0.524920539736508478604e2 -0.193688337940157509931e3
0.605154154243826908756e0 0.308667942054117661250e-3
-0.118490316304090385945e1 0.984279347967477111214e-3
0.970229361797417989280e0 0.401283762081625506712e-3
-0.274749940027760096804e2 -0.572183411210724392204e-2
0.591000577780252722010e1 0.160613319480006435692e-2
0.133590745031371266761e2 -0.237469512324415556702e-2
0.543770764546280179603e0 0.804258636134264660595e-2
0.720855910774212554643e0 0.888059184017483010151e-2
-0.803902504437777044432e1 -0.513819203624496056819e-2
0.180307524972122697172e-1 -0.442410947895911864952e-2
-0.395004897933093019714e-1 0.712684067145111649666e-2
-0.403995351757617015881e0 0.823562827910122015619e-1
0.453321363082903036937e-1 -0.366547487682910248842e-2
0.358805202113127336740e0 -0.779479317657969304379e-1
-0.317455561485840873401e0 0.599504239428441346063e-1
-0.273168190648605799296e0 0.456437183607183402993e-1
-0.423294692300248206899e0 0.953444676275134713603e-1
-0.138368785042083562899e0 -0.551293945757594610604e0
0.181887248129869520601e0 0.423245002664641277554e0
0.295922752423642625136e0 -0.862735965640065358739e-1
0.100000000000000000000e1 0.000000000000000000000e0
-0.198616563425278262476e0 0.302050214777363325162e0
0.178587644748534777190e0 0.806672832057417278938e-1
