
-0.281960277418828656079e-1 -0.194655362044270889598e0
0.195228252937882351442e0 0.858570936251809417605e-1
0.331489218108540951329e0 0.257883805990848102049e0
-0.253905920114728259290e0 0.328721251355287154630e0
-0.956026448543379373066e-1 0.529277899142806439116e0
0.282101947856611062174e0 -0.134065889311016189911e0
-0.340177325928968217743e0 0.112124601502919042163e1
-0.420634733775604692909e0 0.381688742440578355092e0
-0.125657689885725357354e1 0.230211743146900573993e1
0.133646914216877880002e2 -0.213780155331038876788e2
-0.193870151222512563174e0 0.170097227105290981081e2
0.943578582621142777746e1 -0.112786050009707734670e2
-0.247752594536894630937e2 -0.194440767891311226210e2
0.351883258822715720530e1 0.204950978122447471964e2
0.129581655722454479130e2 0.111292844468203121384e2
-0.372442765549981219811e-2 -0.213345568833241850322e-1
0.550349108855222726787e-2 0.102658147824730036498e-1
-0.691542501866807618948e0 -0.118828248816852686029e0
0.341717173186023490540e0 0.154192616748717538578e0
0.695000560045309721864e-1 -0.189929727371272902885e0
0.242837337805136428481e0 0.355786761046461228543e0
-0.187641904980805090101e0 -0.111483144146862165679e0
-0.684035741093009166263e0 -0.292692587240016007606e-1
-0.270002822469286244756e0 -0.170347912741638225781e0
0.302059019559438975421e0 -0.302465654446955361443e0
0.550409480676976975617e0 -0.279422744457666248727e0
0.851587635997114603256e0 0.230789663834972295795e0
0.100000000000000000000e1 0.000000000000000000000e0
0.266639442084392021883e0 -0.121833987632878249957e0
