
0.152856773163256640241e3 -0.341559164176282310972e1
0.123143885329590222523e3 -0.275058998745327427417e1
0.427971761710091513665e2 -0.956666176653892779379e0
0.934990902519965726841e2 -0.208878566298694004141e1
0.364129461969882092381e2 -0.813214003121411419927e0
0.113265440630468330564e2 -0.253439427370108012706e0
-0.842652628493246873959e0 -0.203287907341032081376e-19
0.365975687189165744395e0 -0.381164826264435152581e-19
-0.375631240905011587212e1 -0.325260651745651330202e-18
-0.166335078555723719987e2 0.130104260698260532081e-17
0.101950018632793568078e2 -0.867361737988403547206e-18
0.300742318058292638291e2 0.260208521396521064162e-17
-0.624871577870144740557e1 0.195156391047390798121e-17
-0.184330841070549432438e2 -0.260208521396521064162e-17
-0.543757472304767398470e2 -0.520417042793042128324e-17
-0.127379020455932124138e-1 -0.210870585211697551190e-2
-0.240683068634810161848e-2 -0.269893904790185251381e-2
-0.177052982746659440494e0 0.729531423924729322027e-1
-0.323890447748169059674e-1 -0.979653536043147360070e-1
0.892479284827731905799e-2 0.113303344334769267038e-1
0.570449784198406204710e0 0.156529098241615419000e0
-0.225380503612056373838e0 -0.416779679439213814420e-1
-0.233348104233355442457e0 0.351116666949839316452e-1
0.561510044022932985541e-1 0.980029071775286762805e-1
0.151005946120906896636e0 0.134613660247095624358e0
0.100000000000000000000e1 0.000000000000000000000e0
-0.158725830885942228478e0 0.792277746386026309293e-1
-0.275040683939216118204e0 -0.261033628992378869763e-1
0.135242178335644268336e0 0.132377858510052218502e0
