
0.830770429421626006682e-1 -0.125386927032815960937e-1
0.142294064619598467826e0 -0.632834550427259669966e-2
0.110385542777377952363e0 -0.278102926546344602531e-2
0.241020289983155712275e0 0.146984931079517457638e-1
0.186593643778246326341e0 0.149904053422708978373e-1
0.144403594537145296518e0 0.144042373786430933631e-1
-0.169982146167142610007e1 0.165354541350709461885e1
-0.214774337258690145515e1 0.420357317202742546217e0
0.871019024026980403803e0 -0.215764876829669478495e0
-0.140368603577474747486e2 -0.622643906914536375378e1
0.143318371403877154726e2 -0.117657204054738412889e2
-0.700487457586742554190e1 0.189035488750495851464e2
0.470317935156954348248e1 0.187790756610309643080e1
-0.158200159835255371715e2 0.793324972662606409156e1
0.237068027538143890533e2 -0.255588042094913246039e2
0.428536440375386610406e-1 0.867922628357019502577e-2
0.927692625320959732318e-1 -0.504679620669076071609e-1
0.425721196493938510802e-1 -0.493540009530994990466e0
-0.241252074460928173940e0 0.245382522484593029562e0
0.112657896695105486331e0 0.271174096065754701405e0
0.383605138155190032452e0 -0.559817710294259496772e0
0.883174855283836335589e0 -0.382998657147782378782e0
-0.529598102485644451893e0 -0.330831300326044889354e0
0.372758343079346848826e0 -0.565593286062677275908e0
0.100000000000000000000e1 0.000000000000000000000e0
0.380556035647161398493e0 0.152874119600173658361e0
0.209465794538268023882e0 0.925284594899167765151e0
0.188999838982075696415e0 -0.276444664201898349109e0
0.781584668129466242646e-1 0.193178353991828450571e0
