
-1.744487493456592e-01 1.339249527805607e-01
6.379646236974221e-02 1.187663246473526e-02
-5.401975329741242e-02 -1.130742026047640e-02
6.440922942246054e-02 1.383313157971478e-02
1.246585947335143e-01 -1.409757013738673e-02
1.100395199231986e-01 -1.477580843602754e-01
-6.786402747145315e-02 -1.045622525760372e+00
-3.412251305407409e-02 -1.355323327444783e-01
-5.592480194942089e-01 -7.406240593092694e-03
-3.794213919203771e+00 -2.815287430587755e-01
3.019761560987871e-01 2.820165760035874e+00
1.113203225605542e+01 -7.430598379338123e+00
-1.688681591494788e+00 1.556492099836364e+01
3.721046140487005e+00 -8.906005758397926e+00
-2.736853095095764e+00 4.387070909423176e+00
-6.392740330455199e-02 1.084081200071307e-02
-1.980317911278583e-02 -3.770588866288357e-02
9.153924995829177e-02 3.939685664419593e-01
4.858763584623466e-02 -4.648090377376872e-01
-4.105055927754814e-01 2.367601765478138e-01
1.000000000000000e+00 0.000000000000000e+00
-6.156493985108271e-01 -1.531918915488515e-01
3.624259582037940e-01 2.708573745981501e-01
5.662257080381711e-01 7.853189945456555e-02
1.532054553856192e-01 1.054298111606672e-01
1.463101491031205e-01 1.054917480356104e-01
4.009018258955114e-01 -1.283241402244681e-01
1.802711897905842e-01 -2.131508778572645e-01
-3.481627937704787e-01 -1.803156434400464e-01
