
0.175310814220982819805e0 -0.643654751384129628891e0
-0.264484480415132146937e0 -0.657291343708737118331e0
-0.333972851064512032428e0 -0.412857683894523791376e0
0.332258764383037797990e0 0.324959546764244345841e0
-0.151758887193466243825e0 0.416686789041712789852e0
-0.401681385610589475907e0 -0.377067351057665768631e0
-0.501661628218229699403e0 -0.354355308140766495740e0
-0.575742296740010634176e-1 -0.293396957562709840504e0
0.338250066296797614483e-1 -0.979818382177901230892e0
-0.776543383550048182170e1 0.617376960912052698228e1
0.629464440687934519191e1 -0.344916727495131594100e1
0.261781335872619651739e1 0.531372095118586082289e1
0.234557005082308324406e1 -0.630348423363736687841e0
0.338758734761057743934e1 -0.830807738701256529197e1
0.541986378467739857764e1 -0.554342118575679029422e1
-0.782648703390782690612e-2 -0.298537752230512994215e-1
-0.221141910124047066806e-1 -0.200560439679727339259e-1
0.753590659150946064356e-1 0.322898985119232495561e0
0.762867224059153921394e-1 -0.190438790104289098302e0
-0.533840506635409843477e-1 -0.171117283441422823482e0
-0.301561534915325025910e0 0.501979307602790129851e0
-0.140396484520018168061e0 -0.311101356207373258003e0
0.253114110487831371935e0 0.418425367598341859792e0
-0.197670316528870053171e0 0.183555884728950108778e0
-0.339897112114325593475e0 0.669306361275369731680e0
-0.472428431113104279460e0 -0.121020516271537034058e0
0.574242961036659443821e0 -0.500213760652112902753e0
0.100000000000000000000e1 0.000000000000000000000e0
-0.234103677982434698314e0 -0.296825711438377308851e0
