
-2.214908443455473e-01 -1.167017257239577e-01
8.083724344457890e-02 1.499903948961553e-01
-1.982651201917850e-01 3.646953999517225e-02
1.125708699519593e-02 -1.154148907944049e-01
1.258484428345446e-01 5.464350531551472e-02
-1.072849609888511e-01 1.218181980944374e-01
8.369611375969019e-02 1.657328937475828e+00
-6.194659146211301e-01 -4.988076018826700e-01
4.773257507996166e-01 1.075286167472143e-01
-1.075982231557314e+01 -1.053296981790479e+01
1.489357432479246e+00 -6.307856928534317e+00
7.869780180631402e+00 1.810269508835929e+01
2.373380010361755e+00 -1.152962975145986e+01
3.591250907219729e+00 3.925319593838515e+00
4.001012196480223e+00 -1.980236318284391e+01
2.228956874814908e-02 7.367738778140825e-03
1.170390487145364e-01 -5.681550941279152e-03
3.177784566595521e-02 7.606271567981146e-02
1.008546386779459e-01 -1.519188101525505e-01
-2.399874898080387e-01 1.037772531221852e-01
2.607383514095254e-01 4.399775909090708e-02
1.000000000000000e+00 0.000000000000000e+00
-3.095417458766525e-01 -1.344660228699299e-02
-8.431691713579585e-02 1.582218158516053e-01
3.265303188894412e-01 -1.057148226268251e-01
9.314326003173627e-02 1.769271241692351e-01
-2.548067205478503e-01 6.924443021833585e-01
1.014489129092032e-01 -3.123691785841896e-03
1.371523449593352e-01 -8.485228928122684e-02
