
-0.966285073793114316474e-2 0.158218639649075040329e-1
0.488666914773958153702e-1 0.292747646011092186933e-1
0.146652181633257602130e0 -0.515376701743408958102e-1
0.839780196037846228801e-1 0.611060845173491559183e-1
0.132135032433782247726e0 -0.374191957986031820902e-1
-0.743151688658534758021e-1 -0.769279484822566548402e-1
-0.723850769420512475867e0 0.133913860173526123062e1
-0.110901294017135416351e1 0.115003990739104034412e1
-0.154141789996780515838e1 0.251279231204906671956e1
0.105658405094929519390e2 -0.489384081819913308135e2
0.393512315499604992119e1 0.492486329013996424545e2
0.102474811714059578661e2 -0.179591059913613707490e2
-0.300705492067298034917e2 -0.555593020853471034406e2
-0.523919707695781500158e1 0.286478878183735831270e2
0.117268447439322405189e2 -0.111093550396297413964e1
0.958313065661257451985e-3 -0.212203221542454559776e-1
0.223182338363007301402e-2 -0.119126021388640475515e-2
-0.351034186861356919983e0 -0.997939154620297329661e-1
0.283064766403290374585e-1 0.197889813086053759639e-1
0.122383934604835314854e0 -0.102532361120228130406e0
0.396903695382599216052e0 0.543204810954214701842e0
-0.135681198878226522765e0 -0.231520067609554726170e0
-0.466787134892590388794e0 -0.725527690576550297853e-1
0.530136266708131891186e-1 0.160618858458044490073e0
0.350814957858750564059e0 0.407462771430520849161e0
0.100000000000000000000e1 0.000000000000000000000e0
0.149989443471630300370e0 0.490187534000893217011e0
-0.124791324077171607444e0 0.114913692455714876738e0
0.287777810190048480201e0 0.111330473073185426725e0
