
-2.545973654985369e-01 5.756820268077197e-02
5.750166705056926e-02 1.832972924169069e-02
-3.110999034695534e-02 3.783366195027615e-04
7.617329762251182e-02 -3.359421378587024e-03
1.331672172081098e-01 -9.404445501935484e-03
1.784240678760250e-01 -5.420878130218497e-02
1.110788451539740e+00 -5.052494790782831e+00
7.591386145507595e-02 -1.370030758428408e+00
-5.625375159441224e-01 1.073650421014250e-01
-4.910585732648326e+00 4.060005856182062e+00
-4.580805589364886e+00 6.034571242118958e+00
2.106049582494248e+01 -3.360205004829245e+01
-1.377273777008956e+01 8.043320252862615e+01
1.201102734178141e+01 -4.748320769448033e+01
-1.101038587137403e+01 2.682360475595943e+01
-6.641638724163465e-02 6.353693814348625e-03
-4.227336818246246e-03 -3.745332952833617e-02
-1.861784295900689e-02 4.283640154298976e-01
1.923293839978147e-01 -4.411524378565827e-01
-4.935337437021627e-01 1.832100407949297e-01
1.000000000000000e+00 0.000000000000000e+00
-5.300822585196648e-01 -1.637495961478884e-01
2.798903865395810e-01 3.452171462006262e-01
5.364269564443461e-01 7.121205366044320e-02
1.001929975607292e-01 -2.178230444295812e-02
9.450747372996601e-02 3.707885513494184e-02
4.099923075547083e-01 2.959243994247535e-02
2.468846783258368e-01 -9.257897513244751e-02
-2.943368499841670e-01 -2.679173609321229e-01
