
-0.222683083782892047515e0 0.288392986584536085659e-1
0.231833456709969934847e0 0.605042980814835798501e-1
-0.141673783991552266418e-1 0.479609572133289923379e-2
0.121319276881001829427e0 -0.274320373167223088413e-1
0.202161913345543548456e0 0.335900623838734721792e-1
0.101363806901890218129e0 -0.140726134173129972460e-2
-0.253350293537718052159e1 -0.101318122762231683683e2
-0.268307730898435174900e1 -0.283403851691236072815e1
0.523056060580442935002e0 0.128747324286136973582e0
-0.693048550320036780420e1 0.474017526401648637557e2
0.700429232203038994262e1 0.389686052680678524304e2
-0.750126862429211635833e1 -0.941175782653542341155e2
0.241383304592533460171e2 0.448185229363366352956e2
-0.278655620680973981941e2 -0.657749883559400027322e2
0.265004888628512773434e2 0.127985268426986862199e3
0.156207678142042593771e-1 -0.323488322910039122117e-2
0.120897928300890175280e0 -0.995761493590311422830e-4
0.110766765563373841719e0 0.171869756564626086236e0
0.885679890342278107999e-1 -0.129031855965523311802e0
-0.317914877742642926336e0 -0.267918306123847099738e-1
0.366133144486938972271e0 0.146342123108183003700e0
0.100000000000000000000e1 0.000000000000000000000e0
-0.210184139258372910632e0 0.139389532759622868042e0
-0.197131487650442679526e0 0.350934676655707955355e0
0.454848127122062019235e0 -0.279990320036220308300e0
0.404708889072605920329e-1 0.156422776323743932379e-1
-0.422613999233999487786e0 0.403495540370869800123e0
0.161047303316695413432e0 0.148132736419837559820e-1
0.160052717361510911945e0 -0.172593989314434306009e0
