
-0.157129887482813281171e1 0.347769520144142551209e1
-0.677100156692154403026e0 0.276702107396510641607e1
0.701832647721093711769e0 0.642927432444535009695e0
-0.118184249833771262651e0 0.212314287269923203513e1
0.603002423470636491763e0 0.375739576110142954769e0
0.206957636103061911391e0 -0.116285545264488125486e0
-0.367802019346600238899e1 0.102972138701909284985e1
-0.333506750221422610964e1 0.190487177827653629027e1
-0.536470319881205391513e1 0.304943633918496285725e1
0.732328657662634330133e2 -0.142418962485059725984e3
-0.124214529903317113364e3 0.197270316808011112936e3
0.623162998040375170315e2 -0.587792770540760166516e2
0.211283073589670874537e3 -0.263266823760203707655e3
-0.880944159721325583262e2 0.508760790859073517255e2
-0.415642902994282264738e2 -0.590850205351963094370e1
-0.952469608552272420887e-2 -0.681860447457010108827e-2
-0.802404853767644094903e-2 -0.124762767599776168306e-2
0.906522611229312228910e-1 -0.221545207197264361671e0
-0.416931456785569393451e0 0.184017009596504268446e0
0.120070358527869516792e0 -0.398804652560526655504e-1
0.100000000000000000000e1 0.000000000000000000000e0
-0.266619974817355837396e0 -0.965240739710438945049e-1
-0.161416740125922612712e0 -0.138164073545986098616e0
0.952233315985508647103e0 0.116888008196555808266e0
0.717087319073910447098e0 -0.570900153878906324611e-1
0.905183697349424057886e-1 -0.250482399782571023419e0
0.505640269381860312198e0 -0.133484193928201432918e0
0.136859090733499139162e-1 -0.139162705499645981031e0
-0.250768922352534410076e-1 -0.909077737806681831814e-1
