
2.973202217188095e-01 2.414705683493890e-02
1.558523366621883e-01 7.485254733142974e-03
5.989878989790562e-01 4.619043620278801e-02
-1.327919107588655e+00 -1.048265136401247e-01
8.122447804055795e-01 4.304255607557950e-02
1.030598885869845e+00 8.067945680518596e-02
6.169948695269902e-01 8.044711040936098e-04
-1.080835082514489e+00 -4.457840633044302e-03
1.061452333753543e+00 -7.721135190627448e-03
-2.896995964798510e+01 1.347481089932590e-01
6.747270608159574e+00 -8.622936156746741e-02
1.263361372717388e+01 6.487243549979826e-02
1.750294395606486e+00 -7.836356922442007e-02
1.574517386210754e+00 -3.129655843190415e-02
-8.579939283712692e+00 2.664870089965765e-02
-7.424810309498346e-02 6.739801629319746e-04
-6.960956304317779e-02 3.178755114679584e-03
1.412693293075171e-01 1.972543403205534e-02
5.305802445933194e-01 -1.892800918617440e-02
-5.818951094831466e-01 -3.304208983059692e-03
-4.110146544976400e-01 3.155066172180782e-02
-7.952695072262592e-01 2.771896245197197e-02
1.000000000000000e+00 0.000000000000000e+00
-3.299611156891012e-01 2.991739301325134e-02
-2.938644001660179e-01 2.591162890662890e-02
-5.814967222002809e-01 6.073301950915083e-02
-9.875084834508397e-01 1.341752705579746e-01
2.635369695136912e-01 -4.469340897370624e-02
-3.040406658813956e-01 3.110699911643441e-02
