
2.206470898769770e-01 -6.942850585750985e-01
3.011787807727153e-01 -7.373739357768294e-01
-5.490488896179126e-02 -4.110787363000834e-01
-3.831290063802438e-01 3.516381215601134e-01
-7.398036561068755e-02 4.629775060603322e-01
1.624819165032669e-01 3.426469370149846e-01
-5.366503541533882e-01 -1.936623604401353e-01
1.555670896807308e-01 1.158883107056696e-01
-2.345482351993898e-01 -1.121131247708641e-01
-6.825745353407185e+00 -4.511086215145732e-01
4.649163752698637e+00 1.584332400862948e+00
4.274583882774759e+00 -1.251586291376019e+00
6.034514293542034e+00 1.500959636956271e+00
2.865941693029208e+00 -1.043982940505271e+00
1.217502312244914e+00 -8.173332993271840e-01
-7.560384666183953e-02 1.340415116301929e-02
-6.563129490433728e-02 -2.315910780933102e-02
4.271181826806913e-01 1.690741185372592e-01
-2.026255659641864e-01 -3.076939898068527e-01
-3.714140319662391e-01 2.268588991326199e-01
1.000000000000000e+00 0.000000000000000e+00
-9.537063932802941e-01 -8.040858497900311e-02
7.971418089210682e-01 3.496845641905408e-02
5.894941010431767e-01 2.049522342609649e-01
5.950539067586267e-01 1.744162500014409e-01
3.041354205405918e-01 8.284967011938192e-02
-3.292885682225856e-01 -2.187741523611634e-01
-4.171536063163625e-01 -1.409468841522213e-01
-3.268884381797342e-01 8.466671017307935e-02
