
-0.105834149744830070458e1 0.115012094833866622878e0
0.344312695409599192690e0 0.405603681915405777449e0
-0.261310647002357815123e0 0.490061933519062320632e-1
0.712675814927623201301e-1 -0.256167183077612220136e0
0.935390343647067815265e-1 0.943676748525046888195e-1
-0.641224776835364483599e-1 0.172315077349483585119e-1
-0.296685683831903923200e1 -0.430521135319468337393e1
-0.416320581765145523393e1 -0.181084155830635010805e1
0.497394191780181122966e0 0.851244963471452951108e-1
-0.237770351816047617426e1 0.172245602538052568157e2
0.748223427266753166433e1 0.173681638206647991993e2
-0.796147233442456487293e1 -0.378024854745401082783e2
0.133433340243019259129e2 0.158366886349760855393e2
-0.388063892660534146169e2 -0.327494352887266314892e2
0.385605806814466192493e2 0.534456601770315078426e2
0.863855617776386180922e-2 -0.163560617240422450412e-1
0.125888079175530266313e0 0.798014639475234752676e-2
0.109382125293812946531e0 0.206813011659090776305e0
0.157586309540032796925e0 -0.227053536650818943882e-1
-0.407673847024760345904e0 -0.195535339921111603020e0
0.403623446241372531697e0 0.210606535189982817238e0
0.100000000000000000000e1 0.000000000000000000000e0
-0.159112164842899689738e0 0.272389806788211619588e0
-0.353455520283547277677e0 0.525984533264592548046e0
0.536061331927096029683e0 -0.597203064756090311988e0
-0.331635318324393394508e-1 -0.171096646229891394893e0
-0.692617253433139812204e0 0.193208736427203908758e0
0.166516410327614526691e0 0.203688876090356777080e-1
0.229128475297422181978e0 -0.253873985907254834800e0
