
0.147374030467493345080e1 0.113967023944995031720e1
0.829267465785592310231e0 0.424899568383226421727e0
0.692796459665142851602e0 0.432488361024034588125e0
0.446743169198370161958e0 0.132703761537757283646e0
0.380345582519982415912e0 0.148973942028042204068e0
0.321151597141382880710e0 0.158267974604424223876e0
-0.173707480484120166864e1 -0.775105725090280480249e-1
-0.213881791718269832596e1 0.786092972024090320688e-2
0.199059251329777428416e0 0.640937334369038385295e-2
0.277064760093602299783e0 0.119539785348849488054e0
0.473037162424591868081e0 0.478860957489779241422e0
-0.118547857695962614117e1 -0.833324802908384002680e0
0.152682770236727353395e2 0.532215619246893450588e0
-0.183730397553927545622e2 -0.328423493916626615691e0
0.234191042809376200537e2 0.764606326364670192686e0
0.241521431422115015655e-1 -0.386178464564604979885e-1
0.119745319183930481070e0 0.286003913754159711153e-1
-0.305260304995559655033e0 0.811371134556863325793e-1
0.407602513724266758938e0 0.265027157275029180228e0
-0.247864432024190740542e0 -0.479305236863313028500e0
-0.316117170941604933601e-1 0.373078355242858307483e0
0.100000000000000000000e1 0.000000000000000000000e0
-0.539113148885657025725e0 0.307716219901027755013e0
0.335965486024294854918e-1 0.478754812322311021350e0
-0.572370565151008094411e0 -0.150859497690702311663e0
-0.489822872560544648058e0 -0.634480279863249701117e-1
-0.619420520315481594356e0 0.272513910243609446378e0
0.167349438930635247390e0 0.153369425413216944204e-1
0.220280558405096937987e0 -0.389592988038846992533e0
