
-0.338658271546180407018e1 0.309054799366091761774e2
-0.379285447528276235471e1 0.333053490476017186872e2
-0.190325409335291679050e1 0.137261317037020657405e2
0.493170510670326898289e1 -0.379592027083040500467e2
-0.155334171410831167043e0 -0.217396928374901597550e1
-0.445987006070414623068e1 0.330877094578228234077e2
-0.691406649888306019610e0 0.916213788039648831751e-2
0.103919795712728419345e1 0.528828016530529106630e-1
0.130451454730569939390e-1 0.152333394867614658702e-1
-0.106691837462048054281e2 -0.917497840461751227800e-1
0.109194655423426626945e2 0.170864826681714133743e0
-0.248259334171798873455e1 -0.248723107390547538211e0
0.904378320405946999581e1 0.738030969863695458810e-1
0.920743781146368890818e1 0.521676016270167365249e0
0.162540054214533543145e1 0.179466870598055766958e-1
0.603499721141831560764e-2 -0.160377229873722870299e-1
0.267680769677088128513e-2 -0.932528970478935874242e-1
-0.919251290804180369576e-2 0.393184047539213697134e0
-0.212601025623532777014e-1 -0.484678334995987405471e0
0.444820137924488634082e-1 0.228305913821920626760e0
-0.473388008592435073468e-1 0.151002178328043430152e0
0.559496006475678151751e-1 -0.750239517107323435692e0
-0.509010692609811531373e-1 0.493543187298455391970e0
-0.193101662053350653698e0 0.130932491902858306044e0
-0.216623469987542868254e0 0.183700381942360789801e0
0.234384435542017195497e0 0.894249569577662191286e-1
0.100000000000000000000e1 0.000000000000000000000e0
0.218639196395021450265e0 -0.128045860319304073477e0
-0.117646214547112216594e0 -0.185230360433020249715e0
