
0.625101103036159882058630912431e2 0.162772939148258986356017580267e1
0.318979986261342090634312331632e2 0.828371867180622047543212018058e0
0.564208581484541878648066378614e2 0.146838736732162563137528468535e1
-0.210598418162507603530533074786e2 -0.555744375859718392352384650870e0
0.157387971478460675955293279209e2 0.405639363697350743540339901512e0
0.463621791132941090270061662325e2 0.120521542592825780791200440149e1
0.152255252594722761239120726819e2 -0.126217744835361888865876570445e-26
0.215246573855573573267123534868e1 -0.460694768649070894360449482125e-27
0.852247563631415985981939748038e0 0.126217744835361888865876570445e-28
-0.117240311323369405617175519804e3 0.575552916449250213228397161230e-26
-0.565915240250410884220474918106e2 0.530114528308519933236681595870e-26
0.161888022412256597144242224655e3 -0.928962601988263502052851558477e-26
-0.273165479972453060457135828370e2 0.300398232708161295500786237660e-26
0.781428316446602429514677927611e2 -0.873426794260704270951865867481e-26
-0.223538572225945042682495428061e3 0.169636649058726378635738110678e-25
0.301179689286462522936856895404e-1 -0.478934734333165240166840066118e-2
0.920244071634931760258574400431e-1 -0.659073661239400300250308765963e-2
0.250232165630924713253824235471e0 0.185528276405185373386604063107e-2
-0.276238111211327678092710089225e0 0.296782972757124489487669462321e-1
-0.303712413547027205247797646890e-1 -0.268258735111043627213039231012e-1
0.465206035619669052409043026444e0 -0.247226120796645688788204334591e-1
0.853939842680242039761462349547e0 -0.701829812699123677576043261326e-1
-0.244527725973178212128182495421e0 0.579073432248631477564108778965e-1
-0.676582096439621463157791796442e-1 -0.560910693514051774421209969453e-1
0.100000000000000000000000000000e1 0.000000000000000000000000000000e0
0.268892298035809892867430542342e0 -0.386633512190102175366825245708e-1
-0.273050786824168645537852263258e-1 -0.156122308091866375961320065312e-1
0.364429408972153517217439526270e0 0.807091150904817743077369061789e-2
0.979824611760341024482252347847e-1 -0.211266022540536896410578806535e-1
