
-1.208954121297456e-01 -7.760541602362724e-02
7.075910592200710e-02 -1.421654948470952e-02
-3.899004968900114e-02 -8.542588599597016e-03
7.947244357054993e-02 2.661895929117215e-03
1.081389839370182e-01 2.195873055411914e-02
4.142296855919568e-02 7.494352009450998e-02
2.433643333055494e-01 5.233148514395188e-01
1.580168153360781e-01 6.401533065643382e-02
-7.123452466418279e-01 1.211552051318894e-01
-3.871642076319694e+00 -2.191953158418098e-01
9.560574212357669e-01 -1.216630975960848e+00
1.348947470223377e+01 2.873695017718704e+00
-9.201615360992456e+00 -7.110099088735269e+00
7.122247441896706e+00 4.927314062895632e+00
-5.628747428841884e+00 -9.683409913286113e-01
-6.212891695651831e-02 2.291209851683783e-03
-2.840825478656302e-03 -1.909998323578899e-02
-1.021630644507603e-01 2.738860755961199e-01
2.043636039867398e-01 -2.472892806725052e-01
-4.433681090148823e-01 7.633898318887751e-02
1.000000000000000e+00 0.000000000000000e+00
-5.194803726013236e-01 -7.430217294668139e-02
1.617278722164172e-01 2.360616983962392e-01
5.797372680211770e-01 -1.165280081944527e-02
2.394083142308504e-01 -8.893744728627385e-02
1.539590074113417e-01 4.492783586513421e-03
2.585078925597313e-01 1.012779978027891e-01
1.376816510444924e-01 2.464767607187086e-02
-1.904853251139834e-01 -2.162951846877886e-01
