
-0.157205724121540194320e1 -0.129362745521643257465e0
-0.121903226842922875249e1 -0.107729314468372913677e0
-0.470192944219799341448e0 -0.587439241129923662798e-1
-0.945248682313713350445e0 -0.892913138023335490223e-1
-0.364511314964829678288e0 -0.477782336226738588484e-1
-0.140377849345286304913e0 -0.235883861563625203590e-1
-0.720795266020528035392e0 0.160391466279561443147e0
0.534921616868654908037e0 0.225914247599095775455e0
-0.363030280996501108701e1 0.143668578008689806595e0
-0.211998073967696947766e2 -0.580328290528601868203e1
0.163901914918572018977e2 0.771099111909397616754e1
0.283008226478250649039e2 -0.204723247234948492121e1
-0.152261487665530749896e2 -0.111478380080535520343e2
-0.152559677556745732991e2 0.400616951442577672038e1
-0.548368686599253914137e2 -0.981528121951062841686e0
-0.200197735024633598698e-1 -0.356575896274046121244e-2
-0.864973629529195599332e-2 0.407474244491290544861e-2
-0.669549313296699880117e-1 -0.246987615973494942272e0
-0.232110668340355229998e0 0.187786114963312238224e0
0.299869141449371949291e-1 -0.257657560880118501597e-1
0.100000000000000000000e1 0.000000000000000000000e0
-0.359671853522296519238e0 -0.450324159092598461153e-1
-0.205921734928015243962e0 -0.194316133274014900549e0
0.848711418278291107598e0 -0.118414791728613609981e0
0.614628115001011060526e0 -0.116985052978653801501e0
0.259660288845270954334e0 -0.278575346232542926493e-2
0.457456356053641478675e0 -0.955738447151931241809e-1
0.201870842420782135729e0 -0.319963952734297636112e-1
-0.573643213548214816626e-1 -0.470489204756278906104e-1
