
0.406382660958833498758e0 0.184495487224045178497e-1
0.382010777142611026821e0 0.917573197538123859940e-2
0.283324064533735945769e0 0.732029182783224955836e-2
0.358936735051994513547e0 0.955346428946934033961e-3
0.266221181042995942760e0 0.119216552366252116695e-2
0.197453970174268851709e0 0.124290003937421176573e-2
-0.148383156396759117892e1 -0.655825114352009844263e-2
-0.211200164100007180398e1 -0.143218735841954363224e-2
0.166328348381155796047e0 0.857818147844139415842e-3
0.589768872249452711718e-1 0.602463500322683416488e-2
-0.112481881409753303660e1 0.381311855474320917739e-1
0.143198163615248438070e1 -0.644647517759500812343e-1
0.137723892571008121495e2 0.394383439263569154920e-1
-0.169535224905989488613e2 -0.426237916252784991827e-1
0.208009699691306051243e2 0.683051689615148879819e-1
-0.577477015535567439473e-1 0.376307730127325793148e-1
-0.682913903775828707920e-1 0.249224004993938293525e-2
0.328654691172404983730e0 -0.121565764635362859578e0
-0.778854784116888805960e-1 -0.137057945390142506023e0
-0.270231605290576992913e0 0.343433082757955201569e0
0.419684316865157869411e0 -0.324680278088733177493e0
-0.810874238410527014079e0 0.224975968793478173037e0
0.733361489840325155617e0 -0.361877031598727524745e0
0.100000000000000000000e1 0.000000000000000000000e0
-0.634801218780742001211e0 0.293513654798788982116e0
-0.561565368836117421536e0 0.218728971898152761889e0
-0.221076695378064972777e0 0.122872319450769973648e0
0.153665780783462137233e0 -0.747454328870332927211e-1
-0.530029994977193244629e0 -0.113180710613625779248e-1
