
-4.746230981058036e-01 -1.150813602322770e+00
9.480803169148598e-02 -5.277506125993819e-01
4.643884724380758e-02 -2.965821645965068e-01
1.273668892600128e-01 1.816767399681783e-01
1.473813719102042e-01 5.134294011235163e-01
3.472562088457909e-01 9.691368623545920e-01
-8.551993195499283e-01 2.620409546799334e-01
-4.834172406952363e-01 3.899325206340087e-02
-5.075606954306453e-01 1.155468463694529e-01
-8.034447448864313e-01 -8.080106578342516e-01
-1.021566398495700e+00 1.423386614313369e-01
6.417682366725491e+00 9.179238235107912e-01
1.117532516698934e+01 -4.017388390529255e+00
-4.828004871211683e+00 2.765601386741447e+00
4.107117977731115e+00 -1.393066621084559e-01
-4.453129891202876e-02 -4.742805858025364e-03
2.086551665840862e-02 -5.964453962741884e-02
-1.839890367868912e-01 6.177615705758132e-01
3.435999348653296e-01 -6.377166682403302e-01
-4.297242575750772e-01 1.918732763873482e-01
6.016768533890421e-01 2.606452263997699e-01
-1.960108518989565e-01 -3.933158650158222e-01
4.562899522462292e-02 5.442276472097608e-01
1.889010949397606e-01 2.214338113175005e-01
-3.932796478723413e-01 3.720644805090200e-02
-1.324460442550100e-01 1.142173547282122e-01
1.000000000000000e+00 0.000000000000000e+00
7.961464607630363e-01 -2.553150051692187e-01
-3.080722429751739e-01 -4.587824953030665e-01
