
6.521418119738542e-02 -6.906549733675432e-02
-2.825750105374835e-01 8.913165447741651e-02
-4.720518081249163e-01 -1.552343448388786e-01
9.052702257181861e-01 1.863119605879654e-01
1.050387712901291e+00 1.139876885586344e+00
3.145652086373621e-01 2.580464951305484e+00
-1.530220975759851e+00 1.660214306871151e+00
1.004315435960770e+00 -1.432892354623685e-01
-4.507805197213838e-01 7.913116690623523e-02
-1.415135533430461e+01 3.872063967930581e+00
1.703335440177075e+01 -8.832829890793642e+00
-5.652559296659777e+00 1.296786320416379e+01
1.472599141165986e+01 -2.176775968854269e+01
3.018146853166612e-01 1.199928045443828e+01
-2.537741184878982e+00 -3.672828996249905e+00
-7.812877411590216e-02 4.871045150293907e-03
2.297926480227110e-02 -3.144415314563732e-02
-2.457508546849312e-01 3.424626337276278e-01
5.320199826868088e-01 -3.563581081103036e-01
-7.132161715161487e-01 1.509889922251345e-01
1.000000000000000e+00 0.000000000000000e+00
-4.237199785298093e-01 -1.438802680953373e-01
1.740998518079185e-01 2.784649012279251e-01
2.952400097854359e-01 -1.205594069241210e-01
5.791797289015949e-01 -2.910231168906680e-01
5.616613077719994e-01 5.073513634756862e-02
-2.278136671082522e-02 9.430956977496165e-01
-2.790912941687834e-01 5.968708578259913e-01
2.654072207868512e-02 -1.752439768120921e-01
