
0.185274995769842093469e-1 0.632334832098914899077e-1
0.368745229725569141776e-2 0.637654018226791678947e-1
0.764047858750276193910e-1 -0.276674700773502349723e-1
-0.104439573242973793877e-1 0.610266674294397721609e-1
0.782008272916488573855e-1 -0.944279083199491383927e-2
-0.399302255823424855844e-1 -0.919134823305789864703e-1
0.831813088347926389045e-1 0.159572459231287275229e1
0.192428662652665710968e-1 0.158908986299819687653e1
0.117476080388446739910e1 0.448390787669708749778e1
-0.473458443712260819598e2 -0.345978283965377248765e2
0.679333323435214770578e2 -0.112628408775385327120e1
-0.159908692970170172613e2 -0.148579188317702822111e2
-0.956904032952157126701e2 0.538095299552025928547e2
0.215736169056117937023e2 0.291265830324517814715e2
0.139506610930973437325e2 0.247844045356200302585e1
-0.282966057905036254851e-2 -0.160832999929560493837e-1
-0.615456093965441540596e-2 -0.734938014725013033398e-2
-0.137700625832916872436e0 -0.124310072766222831428e0
-0.240711760547159499862e0 0.341679915607402420551e0
0.163922772148050188657e0 -0.192837248782869183180e0
0.756753660111534522863e0 -0.349074155193667019553e0
-0.232708428271302928046e0 -0.101850299670726005776e0
-0.353544287679431187192e0 0.159680256948160010551e0
0.714841365925649452882e0 -0.407933335934695712752e0
0.100000000000000000000e1 0.000000000000000000000e0
0.464588295679569671749e0 -0.843698882936017702412e0
0.663103810166230695281e0 0.354633013876693956636e0
-0.208552410315868003247e0 0.779217899299242919482e0
0.276429138558476447050e0 -0.125170858056400542761e0
