
-4.294621512884311e+01 4.457816181795924e+01
-7.063911381886983e+00 1.104234899402327e+01
-1.714873022342447e+01 -2.168377831059479e+01
6.508904222931782e+00 -1.199309580353459e+01
-6.957887635718631e+00 5.994838554282803e+00
1.077189206308348e+01 -1.250089083036518e+01
-4.361868743409833e-01 3.995048079623102e-01
1.713759881647035e-01 -2.776568978904332e-01
-1.731316974577696e-01 1.062513696686019e+00
-1.480214003344192e+00 -1.239000835718921e+00
1.756635415164949e+00 -2.457686510986196e+00
3.676673812786244e+00 -3.250429685096702e+00
4.044757869481087e+00 2.447659554895358e+00
5.511011669187951e+00 5.349080236139045e+00
6.774673027476503e+00 1.047667014985289e+01
-4.130285339423567e-03 -5.520551825024739e-02
-4.093829401205248e-02 -8.786108025897976e-03
-3.518888084409771e-02 -3.399391137981911e-01
-3.620650225858443e-01 5.523491840104905e-01
2.683535329511845e-01 -4.526308382468246e-01
6.284873881233344e-01 2.912799528980171e-01
-4.682039645115511e-01 -4.653449948326529e-01
-1.922752030749625e-01 1.187273329230375e-01
5.467732526864653e-01 1.165037441919672e-01
1.000000000000000e+00 0.000000000000000e+00
5.390823510611306e-01 -5.477601779908088e-01
1.691361958108584e-01 -2.021109836550445e-01
-3.767774518227535e-01 4.759555808638969e-01
2.838373841807542e-01 -3.304002058589828e-02
