
0.233044987813267442788e2 0.244925165496261573270e2
0.365418676041214845820e2 0.365550429647587896975e2
0.279731455311726926235e2 0.306131385070121611828e2
0.556576262373185165488e2 0.501813013424255824936e2
0.414491862179853706206e2 0.369520097187285947067e2
0.300066857594756691875e2 0.204574873837033563307e2
-0.139938091799640809253e1 -0.128417189560913598447e0
-0.196672261355905568948e1 -0.163198102471208750784e0
-0.198612680545207665015e1 -0.317796626291157498798e0
0.404307319614144005555e2 0.884024584155869167564e1
-0.442870786171655561082e2 -0.983671476878666266493e1
0.225938161730274869633e2 0.323283258392707804462e1
0.485106951261019446082e2 0.109429690801139510529e2
-0.247550270037751764442e2 -0.362548745456991457301e1
0.125572427379089754185e2 0.867531593963597780141e0
-0.912164434775723065280e-2 0.251512960390444069058e-2
-0.215169441442387656587e-2 -0.208390641229388720322e-1
-0.120812702382764232056e0 0.544982080944213038997e0
0.503513957245121870644e-1 -0.519348719724418148849e0
-0.288896948166896346918e-1 0.104198778432685295819e0
0.223817997553547686653e0 0.260599506996749855092e0
-0.130062865892165106519e0 -0.673149498024818979507e-1
-0.990029165357286093944e-1 0.395532356407118480509e0
-0.692489513283992116823e0 0.299422279081291835056e0
-0.140563487777873423018e0 0.118186067422698987943e0
0.100000000000000000000e1 0.000000000000000000000e0
-0.764138941527556516081e-2 -0.465832648124456622082e0
-0.822964852842974662695e-1 -0.506190216320598713605e0
0.519681296728209137474e-1 0.988702175719017770615e-1
