
-0.228300483109968409547e0 -0.266166929241524520322e0
0.615806639559254316795e-1 0.320852598025917517832e-1
0.913002803104341232416e0 0.948389619938689790244e0
0.158773398349726878147e0 0.127524137259324906506e0
0.562928971007406183194e0 0.567031048364218640196e0
0.695270847602415317389e-1 0.138642791982199612650e0
-0.177050544026587066762e2 -0.204904117127321489696e2
-0.185432132315614478808e2 -0.211729556743354934874e2
-0.761493339714015144131e1 -0.586251983322075654725e0
0.747714738753519522652e3 0.906706151786683919924e3
-0.120003398483056077850e4 -0.156904753410907756439e4
0.271339292846650402768e3 0.310852726602969115621e3
0.201050359011422122557e4 0.275164128707575866484e4
-0.447030969602123714357e3 -0.541219868255243467370e3
0.743992643185227885069e2 0.962082849953045863081e2
-0.848973730473016725757e-2 0.132002246640086413218e-2
-0.340071753216135909801e-3 0.197231136213397507635e-2
-0.364529665806085900048e0 -0.137298311741931970372e0
0.162775258060737556505e-1 0.140257193312366904792e0
0.800936252831172746031e-1 -0.913749262829312441631e-2
0.628805395286036244594e0 -0.159790688217730175556e0
-0.245649895800512625292e0 0.169125110137759395306e-1
-0.466627351420489023268e0 -0.853924361786342950685e-1
0.326836538020012853871e-1 -0.424564250942091453368e0
0.218738458386802718024e0 -0.266635483979309286559e0
0.100000000000000000000e1 0.000000000000000000000e0
0.237358038766489909524e0 -0.188712163608723606029e0
0.546734790211751111612e0 -0.204973515367060669576e-1
0.693522532331736860377e-1 0.108723788164655675638e0
