
1.102096529621696e+00 1.697955903021794e+00
7.704001556573699e-01 2.456954356707028e-01
2.343914775509422e-01 3.051054371418939e-01
-7.457266126979448e-01 2.214981462610135e+00
-7.153802435908007e-01 1.122815558478326e+00
-1.668771929102158e+00 -1.804671837854166e+00
-9.118626153669442e-02 3.830642594729206e-01
-2.376197921466597e-01 -2.778590395645915e-01
-4.894190004821031e-01 3.281064290553889e-01
-6.655318466540558e-01 6.829577874565956e-02
-2.383362917446306e+00 -2.846417292469333e+00
1.104581784684805e+01 1.975745127620778e+00
-3.825445502772552e-01 -2.353103026628105e+00
2.945172010466235e+00 2.007136365524424e+00
1.048076396931311e+00 2.284807247882446e+00
-6.365426485946181e-02 -1.873764286136969e-02
-1.649413428302717e-02 4.326517336407253e-02
-1.139541438117213e-01 -3.461226527502057e-01
2.220460835973921e-01 5.736681732735625e-01
-4.190783290166960e-01 -3.714315926566965e-01
8.873141938843645e-01 -9.623872805493194e-02
-6.182611596869537e-01 1.896721669995877e-01
2.079752720601358e-01 -1.207548128952613e-01
1.000000000000000e+00 0.000000000000000e+00
3.796934117728508e-01 -5.330635589388889e-01
-3.999097171245252e-01 -3.851739212334139e-01
-5.811137136127604e-01 2.602196645188309e-01
-1.470948525911811e-02 5.672233565831404e-01
9.937472843306358e-03 -2.469345937856753e-01
