
-0.134224398408316682277e0 -0.308302484965393203936e-1
-0.294168846419683815495e-1 -0.464331796929808770304e-1
0.657047938288542575103e-1 0.674805540591922317360e-1
0.695726901582759125385e-2 -0.206308984754271923427e-1
-0.184717114084574279072e-1 0.273644124910689169176e-1
0.127267129392489091030e0 0.514611469719665127313e-1
0.738510455858527479589e0 0.863533089597536829924e0
0.457628799631533047626e0 0.104394521257389857102e1
0.132344924421573533120e1 -0.603482403644371166729e1
0.137176468825220120593e2 0.431265843586847502505e2
-0.556228327411009649643e2 -0.289990788798906682852e1
0.196232414165357357903e2 0.337771375124947896111e2
0.104348596599335818491e3 -0.958454833078261962884e2
0.804526291713672467038e1 0.371254299300794360947e1
-0.171511418254656867110e1 -0.283405636955371840399e2
0.148835433553620109101e-2 0.227762911379423813906e-2
0.558052852033486736648e-3 0.141017998379657614079e-2
-0.726384707539714851548e-2 0.122382685719759567920e-1
-0.824959730536350731986e-1 0.113530987875067566048e-1
0.490574793310841221949e-1 0.619159437986654808347e-3
0.175758178230326127977e0 -0.807232950788289256778e-1
-0.220232331196637838493e-1 0.395056759486897216779e-1
-0.805108716526255208383e-1 0.163598698541145125663e-1
-0.405982884392151634629e0 0.457170166559343251346e-1
-0.413966144561665199975e0 -0.135666470133285976994e0
0.100000000000000000000e1 0.000000000000000000000e0
-0.651160276174312963472e0 -0.438325898752480394712e0
0.365756341782079598304e0 0.120553044234143067663e-1
0.285022282500138153654e-1 0.164954513195877203996e0
