
-1.458317396899627e-01 4.368788301185771e-02
9.621607616361255e-02 6.189491270148810e-02
-2.885403749470003e-02 -1.177909500274171e-02
7.180156615120731e-02 2.064630472555991e-02
1.207880416816602e-01 3.658003854915038e-02
7.403017353875543e-02 -6.433418773741759e-02
4.298949231575744e+00 -4.565235164047097e-01
4.307599900885697e-01 -8.361909826958805e-01
1.069893281248751e-02 7.358260313135653e-01
-1.419089498821910e+01 -1.803277358307523e+01
-1.812520704602355e+01 -2.989600994899544e+00
4.585061171509562e+01 2.086227510698624e+00
-3.342651192278080e+01 3.796850001441620e+01
3.452843308659076e+01 -1.564401091849957e+01
-3.471362593571926e+01 -1.359499852831259e+01
-8.475857581020435e-03 2.891089826905280e-02
6.199152442002362e-02 9.034954395662466e-02
-8.016286406580383e-01 1.207741538412553e-01
1.000000000000000e+00 0.000000000000000e+00
-3.797762025359867e-01 -1.117220743592481e-01
-5.570112147012749e-01 -1.232854643713477e-03
3.581622783288748e-01 8.870636197643332e-01
-4.875942578491000e-01 -1.936948262639888e-01
-6.287239035255581e-01 -5.642091403518825e-01
-6.443454412329335e-01 -1.653276112968381e-01
-2.972715895538592e-01 4.021428339027823e-01
-3.925750443852761e-01 6.472709702777860e-01
3.370808248736957e-01 -8.124894356532908e-03
1.591864462925621e-01 1.638625998113803e-02
