
-8.473525609847785e-02 7.992414481630138e-02
9.050361114689627e-02 8.325326568217799e-02
-8.969702975293165e-02 -5.109318529317466e-03
-1.480556841559477e-01 4.020097255361230e-02
5.456915557854648e-02 7.006821970698013e-02
1.904157518725565e-02 -1.953568765305338e-01
9.935291835777153e-02 3.160916714132043e-01
-4.991799681486654e-02 -3.132121324395143e-01
1.069893281251466e-02 7.358260313135875e-01
-4.100354446952474e+00 -5.482283651408089e+00
-8.284546359466962e-01 -6.402020186477634e-01
8.495536085756010e+00 -3.734032431708778e-01
9.197066353729862e-01 3.386794667886919e+00
7.287591723038620e+00 1.479676019653386e+00
3.180647811579489e+00 2.095488983521171e+00
-8.475857581031919e-03 2.891089826906430e-02
6.199152442001909e-02 9.034954395662841e-02
-8.016286406579203e-01 1.207741538412372e-01
1.000000000000000e+00 0.000000000000000e+00
-3.797762025360930e-01 -1.117220743591783e-01
-5.570112147012177e-01 -1.232854643909709e-03
3.581622783288035e-01 8.870636197644480e-01
-4.875942578491844e-01 -1.936948262639214e-01
-6.287239035255092e-01 -5.642091403520630e-01
-6.443454412328858e-01 -1.653276112968873e-01
-2.972715895538223e-01 4.021428339026690e-01
-3.925750443853027e-01 6.472709702776820e-01
3.370808248735991e-01 -8.124894356539680e-03
1.591864462925636e-01 1.638625998118427e-02
