
2.641461507136152e-01 5.963905060707868e-02
1.027240831100619e-01 7.741980562825777e-02
-1.648322791643563e-01 5.023953985606738e-02
-1.291420059756804e-01 -7.425524326844382e-02
1.336730820025344e-01 1.733574069047254e-02
-1.350041447379347e-01 1.461619266136513e-02
-9.408329630249208e-01 1.715847463536342e-01
4.733398379773507e-01 -3.695189354589287e-02
2.837809443284742e-01 2.384237426356019e-01
-6.474854284935861e+00 3.658702430476438e-01
8.027149737815277e+00 -1.205539457759435e+00
-4.871881125101888e+00 -2.223446472753993e-01
1.240688733178397e+01 -3.490324173941097e-01
5.586692748042799e+00 2.107603060210590e+00
1.102606031493925e+01 2.456419282595233e+00
1.261022090403366e-02 1.301148278904592e-02
-7.505245314134611e-02 -1.077859848055828e-01
3.192961416727047e-01 -1.603287542927297e-01
-5.407467822048514e-01 -2.547612614038791e-01
4.151606475032451e-01 5.604524263132242e-01
-9.071972538390169e-02 -4.255485465745367e-01
-4.451668586199330e-01 -7.624934845346574e-01
2.280869712536032e-01 -9.278093759952016e-02
4.778830600368528e-01 -2.600072463188488e-01
-2.846174690729422e-01 4.435892558197606e-01
2.512948002401953e-01 2.659122185729441e-01
1.000000000000000e+00 0.000000000000000e+00
-5.380516826512699e-02 -2.918067016700038e-01
-3.696014786120200e-01 1.810122289231200e-01
