
0.455522746717133289490e0 -0.172332052369996603154e0
0.542455303619477370179e0 0.169463293012675853428e0
0.386938635519754523315e0 0.221689212832415785518e0
0.376374637670878714403e0 0.545996747010694828694e0
0.195934255245820593345e0 0.482070628840936802608e0
0.685037995955383402253e-1 0.402538939595378250001e0
-0.795314851944582836929e0 0.803633604329749728315e0
-0.922828692777575475812e0 0.799484591501789358084e0
-0.161975249294195249971e1 0.593454154700270469596e0
0.144165406392938933861e2 -0.173502246472548388931e2
-0.140886317255798446555e2 0.195899636503353010500e2
0.167646551856464287953e2 -0.405196792784090784652e1
0.997894512303174389001e1 -0.302671972436072307423e2
-0.108306288541705050960e2 0.149299474220434774717e2
0.114998981804873747241e1 -0.460932124401797018972e1
-0.935457615210434502300e-2 -0.161966302039408931484e-1
0.880236999804246550258e-2 -0.322973348873956426502e-1
-0.123825656618444275361e0 0.647424157528697366982e0
0.524739586959893991727e-1 -0.647825295578811590348e0
-0.604130767053469554197e-1 0.367112438498028827575e-1
0.324516003535432268355e0 0.738851606230069310932e0
-0.625709237820543689825e-1 -0.307529328950850632028e0
-0.137149946939911428822e0 0.510221025878202322776e0
-0.582619510760126213121e0 0.707682819562349166591e0
-0.330857876225659775672e-1 0.501677874055570050340e0
0.100000000000000000000e1 0.000000000000000000000e0
0.117765763231841803144e0 -0.210726085525224509208e0
-0.241149511173212976312e0 -0.561055951706045523820e0
0.116530647335155121923e0 0.528921872968786846042e-2
