
-1.988459200248689e-02 7.017090376524755e-02
-5.195464355232517e-03 7.390262886133146e-02
9.263721765424530e-02 -2.282235287393003e-02
1.018535403471658e-02 7.456187411910169e-02
8.737004627790526e-02 -4.193556128638255e-02
-8.591198513910284e-02 -9.052854089858758e-02
-6.692512140872091e-01 1.332453912552145e+00
-1.016462878508675e+00 1.394560782704460e+00
-9.850606717223338e-01 3.208868269787112e+00
-9.680762309584061e+00 -5.835471664773906e+01
2.639790322144508e+01 5.355731846348930e+01
3.444531759116427e+00 -2.239984026146710e+01
-5.318801677933223e+01 -4.680150815338197e+01
-1.694588492430219e+00 3.088936576763822e+01
8.849670831285293e+00 -2.152786346517983e+00
-4.446571108690122e-03 -3.075303506247820e-03
-1.531830378516852e-02 -1.353451735251494e-02
6.082129419820814e-01 -2.527852138022383e-01
-6.037315715273317e-01 2.545731892867353e-01
5.938853603465960e-02 -2.841359787165015e-03
5.775618893001033e-01 -3.154652188797162e-01
-9.742438137427056e-02 -1.279303001519222e-01
4.111025480642924e-01 -9.193140558856111e-02
1.000000000000000e+00 0.000000000000000e+00
7.378667002633807e-01 -2.163315392513589e-01
-5.781609844196863e-01 -2.807029674524137e-01
2.828646754036690e-01 -1.809729125023210e-01
-1.638621877808850e-01 7.062460043112755e-01
-1.427155361297582e-01 -1.890805318113037e-01
