
-0.466964804353837926066e0 -0.152914949045149713237e0
0.179303619680325497767e0 -0.362342001087111248940e0
-0.243434182587834477507e-1 -0.500100103826996466459e-1
0.274045614324426180675e0 0.188521260581109184091e0
0.435818196404739964884e-1 -0.139581798717285240207e-1
0.214892045101196902980e-2 -0.591785769558540991900e-2
-0.832018197276081912636e0 0.154437360798283033971e1
-0.217874645802881486260e1 0.882537404072619755685e0
0.348461221627323017508e0 -0.215902063992094749102e0
-0.647796165888099303607e1 -0.136561216530385781134e1
-0.154424359728896775810e1 -0.839392510473283390542e1
0.708531952877173823056e1 0.134909669830338318402e2
0.952869813381297004092e1 -0.601001952720849283527e1
-0.141710073779606145336e2 0.137298691045934353385e2
0.127994976176624223902e2 -0.175322396288664237272e2
0.132895724844263606038e-1 0.181280282855934403847e-1
-0.367555617570305892056e-1 -0.176588393617202394851e-1
-0.113822291455279321891e0 0.312696102947147107896e-1
-0.119711710793743602629e0 -0.193740933515593149577e0
0.285602466436418573844e0 0.242082659845208589023e0
-0.184800013784280945791e0 -0.141229625103211842697e0
-0.225909202272988654246e0 -0.228268718769708503434e-1
-0.157074718012724195599e0 -0.907940878111019523857e-1
0.116184229008017847389e0 -0.636222954955531247272e0
0.216685252276535887009e-2 0.651726664310242929891e0
0.179271865331719500297e0 0.284111508971813494633e0
0.100000000000000000000e1 0.000000000000000000000e0
0.168474345164980567646e0 0.207497609590576175245e-1
-0.146446763460526181949e0 0.148047557373800223884e0
