
-2.372550023810674e-02 6.869844804521821e-02
-6.693181173400707e-02 1.183173333620001e-01
-8.368894182218508e-03 5.566554586424493e-02
4.121251804597488e-02 -3.182891898312770e-01
2.944810443449534e-01 1.784199551603034e-01
-1.748701780786813e-02 2.495907417860589e-01
1.992905514190396e-01 1.921728533112213e-01
-9.890985110717390e-01 -1.120728405488771e-01
6.914164328621781e-01 -6.567874927860035e-01
-1.917169736572964e+01 1.083312556674652e+01
4.239024068565193e+00 -8.546838044432931e+00
9.949358427848468e+00 6.375354599121803e+00
2.505598226319719e+00 -3.356882233137076e+00
3.830794902764916e-01 -6.998888692058608e-01
-1.502186193891517e+00 -6.979432598646796e-01
1.788799926395124e-02 1.033058466421202e-02
-2.569074591821470e-04 7.331428207436851e-03
-1.087036484701794e-01 3.621525444736985e-02
-1.099619556742384e-01 -4.640076833878044e-02
2.077052118758769e-01 5.314171208502121e-02
5.797456683609870e-03 -1.020662842229648e-01
5.403216085768157e-02 1.343158646045547e-01
-2.725215742803533e-01 -3.315272420315056e-02
1.731176909033144e-01 -7.540312671969720e-01
4.294339706136915e-01 7.129729678430364e-01
7.009798407135201e-02 7.386288997714284e-02
1.000000000000000e+00 0.000000000000000e+00
5.350098207949002e-01 3.154226934225283e-01
-6.861419150326123e-02 2.837279568938315e-02
