
0.626021745005933619600e0 -0.283693069999930003676e0
-0.952832040010537336099e0 0.398502452159427259979e0
0.354082723252899664844e0 -0.152707629849290898124e0
-0.811127600285900138234e0 0.353842140701847153949e0
-0.725751037112657300257e0 0.322138531711158698648e0
0.185105855279966518580e0 -0.701490707019171503062e-1
-0.581159199916702940494e2 0.253430965137841373632e2
-0.356672930053719922290e0 0.575800030919169404122e0
0.175634654400053487170e1 0.653272982905156204380e-1
0.761148698357897837585e3 -0.306186627718731562336e3
0.214070828731042936938e3 -0.952150999451827210057e2
-0.770291502368098095821e3 0.321820164433152131445e3
-0.226426494192143430068e3 0.759627785929066675491e2
-0.281690454222502714710e2 0.347538896345761554561e2
0.136576233635309141023e4 -0.548207319609197705756e3
0.629360761996578509351e-2 -0.206193536240294035772e-1
0.301630725604724116330e-1 -0.394591317486296683355e-1
0.384824154258660763769e0 -0.294448734072569671163e0
-0.347285855520019965423e0 0.449599438754187101644e0
-0.304721374584616732277e-1 -0.117558242683190346095e0
0.434251577089995857218e0 -0.560569222963119220479e0
0.286934261536106156236e0 -0.383338605732468669883e0
0.137033076394342417185e0 0.128495476866932488097e0
0.300719204520844872878e-1 -0.336291760767925254839e0
0.742922419998569800634e0 -0.667053212461639767291e0
0.382420971822614024643e-1 -0.299390213453972969625e0
-0.192260262526783633894e0 -0.718640222206412390335e0
0.100000000000000000000e1 0.000000000000000000000e0
-0.157551470623329719267e0 -0.811549410841411943357e-1
