
-1.279102663271421e+00 1.070394251121947e-01
-1.999986307211465e-01 9.202716413756603e-01
-2.616348184864908e-01 -1.641102105086713e-01
9.413801459084157e-01 5.118619252299128e-01
-3.178022032107805e-01 -1.263316036457898e-01
-5.302168464513950e-01 -5.586381722946004e-01
2.242508045841015e-01 -1.441142507636311e+00
-2.132298319898757e+00 -2.598870309710991e+00
5.649918936112744e-01 3.738707201761483e-01
-1.070924081941861e+01 -9.025861353604814e+00
-7.751937226451918e+00 1.169929792790077e+01
1.653542705645735e+01 -6.836519969414361e+00
8.126204330371021e+00 -4.473576107143312e+00
-8.322964291487210e+00 -2.666475935245757e+01
2.583036489047584e+00 1.349943746074813e+01
4.323922841447605e-03 -9.995990444100862e-03
1.276618646467488e-01 -2.190113179892938e-03
2.263094686588401e-01 5.555101085356227e-01
8.522641429509389e-02 -3.982530643322055e-01
-4.516088927886792e-01 -8.724340216351992e-02
5.297645127760576e-01 4.021752331161393e-01
1.000000000000000e+00 0.000000000000000e+00
-5.369314413812381e-02 4.707018637421880e-01
-3.194505628666217e-01 6.561784939732572e-01
4.738705233033083e-01 -2.275473703618609e-01
-4.085526174480847e-02 -1.299868266698047e-01
-2.502046495055865e-01 8.722972710713048e-02
2.607088541394656e-01 1.467790413318185e-01
1.304420590328258e-01 -3.744958202236946e-01
