
-1.505234721326074e-01 -2.570391482844466e-01
1.260926720948558e-01 -5.702169534184356e-02
7.259452388565009e-02 3.156680044657919e-02
2.519680565199477e-02 7.335262137151441e-02
1.009679634294012e-02 7.968218780238795e-02
1.253266664806127e-01 1.836865269129322e-01
-6.165260272336835e-01 8.114392400907686e-01
-4.135620428975289e-01 1.598613469163046e-01
-1.025384482668783e+00 2.539235565608877e-02
2.667765108179399e+00 1.164260919577888e+00
-4.621205199174578e+00 -8.629605305048751e-01
1.206337456939531e+01 4.483403931473926e+00
7.332668357918665e+00 -1.585142161791898e+01
-4.740973260567640e+00 8.379876861766123e+00
-1.581791941124787e+00 -9.779054637924306e-01
-4.990399054963324e-02 1.524325218174118e-02
-1.255593101366952e-02 -3.912217236327501e-02
-2.913209759960850e-02 6.638878336510057e-01
1.219225715169031e-02 -6.633909600747310e-01
-2.776599265756766e-01 2.566785041979120e-01
1.000000000000000e+00 0.000000000000000e+00
-5.217247627861193e-01 -7.735684937869276e-02
1.153229350848311e-01 4.774077426577950e-01
1.618521187678411e-03 7.741588349297635e-02
2.835802501768886e-01 5.352427317020141e-02
8.621400350687768e-01 -3.581568265605437e-02
4.525485483930057e-01 -4.044566145848774e-01
-3.316232893952116e-02 -3.819085009929599e-01
-1.664855166670526e-01 -5.241675751935598e-02
