
0.119517653895153098370e0 0.448198036440701800751e-1
0.174614039177304242601e0 0.591347626313082008248e-1
0.132995708577606579887e0 0.396212213012559197117e-1
0.254813824888478095317e0 0.772338949063486260175e-1
0.193828020034506487006e0 0.510029869976494946521e-1
0.147222573555291742434e0 0.329693383044086434241e-1
-0.132538143377530359885e1 -0.610847611874724500189e-1
-0.206402756360549422790e1 -0.228494734732230153531e-1
0.691416432862041565374e0 -0.656787492785695307354e0
-0.113001574520243702844e2 0.139051340017618507367e2
0.978572137162412720394e1 -0.137651301079044689280e2
-0.241357364487064156040e1 0.575281147269170575536e1
0.318794225281045342287e1 0.112215393223586277372e2
-0.135362538247745417715e2 -0.304559948249779673200e1
0.204014449141753388215e2 -0.416924830704348135108e0
0.178879992639526712568e-1 0.103305846642237026796e-1
-0.256907459185833828040e-3 0.733142820743504539423e-2
-0.108703648470140407041e0 0.362152544472638666732e-1
-0.109961955674275823686e0 -0.464007683387966930768e-1
0.207705211875898425154e0 0.531417120851491557858e-1
0.579745668358194564187e-2 -0.102066284223059809732e0
0.540321608576735318791e-1 0.134315864604586174846e0
-0.272521574280356563419e0 -0.331527242030454523042e-1
0.173117690903300298075e0 -0.754031267197100905637e0
0.429433970613677974980e0 0.712972967843093470965e0
0.700979840713979333039e-1 0.738628899770773549781e-1
0.100000000000000000000e1 0.000000000000000000000e0
0.535009820794893339987e0 0.315422693422655743925e0
-0.686141915032422290176e-1 0.283727956893994778691e-1
