
6.521418119738541e-02 -6.906549733675435e-02
-2.825750105374835e-01 8.913165447741679e-02
-4.720518081249165e-01 -1.552343448388782e-01
9.052702257181858e-01 1.863119605879647e-01
1.050387712901291e+00 1.139876885586343e+00
3.145652086373641e-01 2.580464951305483e+00
-1.530220975759851e+00 1.660214306871150e+00
1.004315435960769e+00 -1.432892354623678e-01
-4.507805197213838e-01 7.913116690623519e-02
-1.415135533430461e+01 3.872063967930573e+00
1.703335440177074e+01 -8.832829890793636e+00
-5.652559296659781e+00 1.296786320416379e+01
1.472599141165987e+01 -2.176775968854269e+01
3.018146853166508e-01 1.199928045443828e+01
-2.537741184878976e+00 -3.672828996249906e+00
1.070759605529105e-02 6.429381277100935e-02
1.851478368772605e-02 -4.518531799220652e-02
-8.271455289914509e-02 4.692894106218663e-01
1.089544062468253e-01 -7.353518647098998e-01
-1.518042622025484e-03 6.944328933715933e-01
-2.197021581322827e-01 -7.083824191967429e-01
2.172875676962146e-01 1.840192432700178e-01
-1.098962769544454e-01 7.195761605121478e-02
-4.441142865577838e-01 -8.437839606235118e-01
-3.742414932181842e-01 1.466986323027050e-01
2.467086532823051e-01 5.221154996186009e-01
1.000000000000000e+00 0.000000000000000e+00
4.325823838834698e-01 -4.500518697086621e-01
-3.265976942626593e-01 1.505272963030356e-01
