
-3.909501142654652e-01 4.274731925371321e-01
-4.690972313089492e-01 6.549630773962375e-01
-2.847841141727302e-01 1.505899879649241e-01
5.270849104215646e-01 -3.813966297089466e-01
-1.570303837137405e-01 -5.846986600904281e-02
-1.361347961560994e-01 -4.607656282818563e-02
-7.176620932356323e-01 -3.101856919220816e-01
-5.250671011358929e-01 1.283837466723533e-01
6.099096823794057e-01 3.206947172739162e-01
-1.045928789287331e+01 -4.067489223493963e-01
6.674381330736981e+00 3.636161753228257e+00
-1.040073151427061e+00 -6.330800203130650e+00
9.071771397670080e+00 1.856600819189799e+00
2.565508075860278e-01 1.078789146559279e+00
1.164657636287406e+01 6.796567653022397e+00
4.312576056360918e-03 -1.448927626617443e-02
1.273044500343554e-01 1.148965832862947e-03
2.672875688572174e-01 5.198141569295318e-01
4.396165657344175e-02 -3.159386347628622e-01
-4.473592799792725e-01 -1.495158319357991e-01
5.696512107132820e-01 3.843813628738351e-01
1.000000000000000e+00 0.000000000000000e+00
-2.929363046739910e-02 4.857135903468622e-01
-3.447580723518827e-01 6.606749697530122e-01
5.973546372919316e-01 -3.303352393908486e-01
-4.695320648111939e-02 -1.953318526446287e-01
-3.406860386633179e-01 -5.821705038223112e-02
3.004588525789874e-01 1.521106661415481e-01
1.423920994161752e-01 -3.770459145830817e-01
