
1.921081058596270e-01 -6.445788979694916e-01
3.894637272906233e-01 -3.613308290675347e-01
3.638317583413447e-01 -1.468343899565812e-01
4.099909386809580e-01 -8.942358490281256e-02
3.064389259071735e-01 4.619152027438521e-02
1.992955491875111e-01 1.125182969402750e-01
-6.587845469357725e-01 1.195541981055961e+00
-3.725467111967485e-01 1.288195270843991e+00
-1.873577974537505e+00 1.014144110307414e+00
1.294814447452858e+00 -2.592741615416228e+01
2.565670894930291e+00 3.049484422540471e+01
1.540465230418422e+01 -7.894225936417911e+00
-1.147774776538527e+01 -4.640506000765858e+01
-6.700148947006459e+00 2.401517072559498e+01
-8.996910570999450e+00 -4.532329891171273e+00
-7.150704053551716e-03 9.620559405763819e-03
-2.727298562167393e-02 7.472318165389584e-03
5.685212456336673e-01 -3.342529914362727e-01
-5.308622436036183e-01 3.790812629088228e-01
5.663147274664301e-02 -6.273316782023527e-03
4.129951766295797e-01 -5.952932533485853e-01
-1.856946568643709e-01 1.297254290194098e-01
4.599533392326576e-01 -2.001260724751593e-01
1.000000000000000e+00 0.000000000000000e+00
5.127570241249008e-01 -2.572916119707338e-01
-6.969063443899319e-01 -6.555227927705919e-01
-8.695565490582838e-02 5.204282126623951e-02
-2.560584677690054e-01 6.027169915356254e-01
-8.440232488910554e-02 -1.348871078972517e-01
