
-2.411829073739126e+00 2.723430348265887e-01
-2.403282212000712e+00 -8.983602083509938e-01
1.586641794634652e+00 7.712895325523845e-01
-1.170705863806316e+00 -1.517039243960797e+00
-5.597384704366334e-01 4.200861264791056e-01
3.582534937545442e+00 1.244696209134209e+00
3.953072015700809e-02 1.631502973774213e+00
-1.596297360802746e+00 5.004717926456565e+00
1.489463449590887e+00 -3.183599867096945e-01
-2.435963194233094e+01 4.907024420876275e+01
3.863789273855353e+00 -4.933916426829410e+01
6.639964654218283e+00 2.998169597251640e+00
1.315206255397593e+01 5.730829722327052e+01
-3.575550580700884e+00 4.744978034517725e+01
3.991617616732019e+00 3.688672729292661e+00
2.007103480358470e-02 -1.291675015446096e-02
4.345864703643140e-02 -3.701553961926674e-03
3.036425300258815e-01 -1.943701457110064e-03
-3.917593328633358e-01 1.986446577184200e-01
7.262096693887028e-02 -1.635667168863933e-01
4.596911145116844e-01 -2.123929662782775e-01
4.331473394958018e-01 -5.235276816751006e-02
-8.198287783301747e-02 1.945274910019813e-01
-9.804584372239106e-03 -4.175979885149582e-01
1.000000000000000e+00 0.000000000000000e+00
1.838711719918556e-01 -2.873053480877423e-01
3.203610347964230e-01 -6.744319116595699e-01
9.131240384590027e-01 3.510392492300853e-01
-3.775578761562738e-02 -1.011719067483724e-01
