
-1.083162676165539e-01 5.899219873658218e-01
3.800826217013961e-02 -1.533447566681513e-02
6.747096167060199e-02 1.959598056898016e-01
-2.275705181459797e-03 -1.632395432600443e-03
8.840222627836571e-03 -1.106406428613237e-02
5.355445949839890e-02 4.754373664792379e-02
-5.588130076631750e-01 1.075697962525999e+00
2.936964675990222e-01 1.614336856547966e+00
5.063811406696422e-01 -6.409548438336129e-01
-1.504343929484542e+00 -3.164023624671891e+00
-3.222862518314234e+00 -1.942501850987274e+00
-3.521814823077820e-01 9.458201612687667e+00
2.359240893700436e+01 -4.528597927628125e+00
6.501875795037346e+00 1.408943830921424e+01
1.161055583183175e+01 -2.191724765814309e+01
1.448669915819595e-02 1.105639974687483e-02
-5.403857106106880e-03 -1.673264852912518e-03
-1.416738318861778e-01 3.660401010908086e-02
-5.155451953537303e-02 -7.916676363421497e-02
1.858475090705256e-01 9.767142291297970e-02
-5.826525065306651e-02 -1.208966708308344e-01
3.991740467831194e-04 6.930343377174981e-02
-2.470335025258537e-01 -3.044300883969184e-02
1.157634055262570e-01 -7.468726089380442e-01
3.351445171708570e-01 6.150550275698961e-01
3.664724957984229e-02 1.672115901181284e-01
1.000000000000000e+00 0.000000000000000e+00
4.781655107040856e-01 1.666106787652935e-01
-1.005621974437313e-01 4.636066678030315e-02
