
-3.249343498585882e-02 1.835744441541916e-01
-2.661068745864962e-01 2.327332433858994e-01
-2.090747220656654e-01 1.857070154057184e-01
2.126862405107113e-01 -5.975468972408233e-02
-3.825209299863460e-02 -2.160252086501671e-01
-1.535990984612101e-01 1.261333578657034e-01
-2.048401300486871e-01 3.011974385687813e-01
-1.106157655378322e-01 2.068738759017587e-01
6.588589936106620e-01 9.434554230926331e-01
-1.195839884011825e+01 -7.756656726319447e+00
6.376349063281469e+00 2.460102353331743e+00
1.423800748345674e+00 -4.062987400169336e+00
4.389672530566514e+00 5.248119847348695e+00
6.742633403322992e+00 5.925396612460183e+00
7.568726309551736e+00 2.508536878970755e+00
9.359583536181323e-03 -2.055411043088127e-02
4.505060927023717e-02 -1.000607639622787e-01
9.720480233809847e-01 2.195865273972169e-01
-8.914253453550337e-01 -3.058912425985203e-01
-2.612159395197493e-02 2.023385002460449e-01
1.000000000000000e+00 0.000000000000000e+00
4.629126519311866e-01 -8.413429617704840e-01
4.513757965939124e-01 4.303524805913279e-01
6.264289186046996e-01 7.028363142786836e-01
8.973878906390687e-01 -9.752894429430725e-02
8.301141374625179e-02 -3.019633804662047e-01
4.254012400426565e-01 -3.831790376890954e-01
9.748021704628999e-02 3.073641844912214e-01
-1.940890714264939e-01 -3.297006459441457e-01
