
8.079623542140401e-01 -2.092988791304869e-01
7.390629321056414e-01 -5.841220470381356e-01
4.165735581988547e-01 -2.404462433337870e-02
-3.168633086652934e-01 -5.695095718319941e-01
5.405094804950206e-01 2.513307528243427e-01
7.648064231056668e-01 4.450911090998596e-01
-6.878469019215115e-01 -7.068009631803072e-01
-2.399936184913980e+00 7.664147759222739e-02
5.024860380974467e-01 3.497953027391320e-01
-1.319875851010317e+01 -6.125770955704832e+00
3.010436603196893e+00 1.142851690721140e+01
7.908541727566314e+00 -1.034839073087291e+01
3.498167041183796e+00 -4.331779591667452e-01
-1.489662859353906e+01 -2.014707552455151e+00
9.700591468919374e+00 6.558948914871580e+00
2.579376032467175e-04 -7.954416992272881e-03
1.308978571935297e-01 -3.416713991865425e-03
1.782681862551485e-01 5.294564700969229e-01
1.744874938673406e-01 -3.916664796557704e-01
-5.093328521243896e-01 -6.385095081567480e-02
5.016482171158690e-01 3.653452528964218e-01
1.000000000000000e+00 0.000000000000000e+00
-5.058260949913618e-02 4.401224372312744e-01
-2.971738281528364e-01 6.647494427670499e-01
3.351248451946300e-01 -2.972351995525905e-01
-9.957285771513125e-02 -9.545912866940176e-02
-3.359496426437056e-01 2.281253636286459e-01
2.600583567767922e-01 1.156131544268930e-01
1.198008367581011e-01 -3.848736137503126e-01
