
-1.028451739936875e+00 -2.385135985149535e-01
-4.393716971971018e-02 2.882823560211747e-01
6.404389238241714e-01 -1.986027517118082e-01
1.387854735123631e-01 7.910382477724895e-03
-3.309412732452627e-01 -1.671650120581771e-01
8.896662664245120e-01 2.306032160372287e-01
-2.851760635376385e-01 -5.160254273806499e-01
-3.788015493093824e-01 -3.189812721640767e-01
-5.374279143199912e-01 1.819397972454834e+00
-7.560302862577482e-01 -1.450494646372897e+01
-7.517308976493767e+00 1.003599875888837e+01
1.298835368098040e+01 -1.547435182201390e+01
1.456388719253570e+01 1.493867823262054e+01
-2.098722771941746e+00 -2.077421624923603e-01
-2.924016808878687e+00 1.432515168510264e+01
-1.177205464110686e-02 -6.468467270132639e-03
-3.404642073813404e-02 -1.920656121359335e-02
6.160499681699012e-01 -3.501042684069215e-01
-6.375789932792175e-01 3.762936971610454e-01
7.708005947999008e-02 -2.774715738442423e-02
6.432906318354602e-01 -4.480305084391156e-01
-2.912510453295711e-01 -1.892263070220138e-01
4.720416691784688e-01 -1.023302929572311e-01
1.000000000000000e+00 0.000000000000000e+00
6.917976718912624e-01 -3.478479127759528e-01
-4.184276765957621e-01 -4.222883389858980e-01
6.093809330782488e-02 -3.130173066863977e-01
-1.086682962180770e-01 5.785550655214307e-01
-1.590899952731866e-01 -1.354712712868988e-01
