
3.941830393479215e-01 -2.137245750259927e-01
1.277847991455254e-01 -1.007090139139401e-02
-2.183761627357821e-01 -1.785054461800070e-01
-2.273679778718570e-01 -8.115883391157008e-02
1.747068113613190e-01 -1.242557714896004e-01
-1.668150614760646e-01 2.948834089375629e-01
-2.126611061189027e-03 -4.306557132147801e-01
-3.886113423178622e-02 5.008028898591965e-01
-2.216313267002508e-01 -1.080720021160741e+00
2.647925642904950e+00 5.085583964589670e+00
-4.007661522069746e+00 2.276056550407063e+00
8.477481114938213e+00 1.175283063440832e+00
4.211647842474171e-01 -4.568801104294637e+00
7.244263969022252e+00 -2.493791781811436e+00
6.982233759289934e+00 -6.275269576803503e+00
6.502634154014711e-04 4.487446518480722e-03
8.088227743730608e-03 -1.890754640297183e-02
-3.034549138497925e-01 2.862824145246107e-02
2.499415654904930e-01 -9.037869876820684e-02
-1.703636151201098e-02 1.116568229085005e-01
-1.290274955190069e-01 -9.098599643695560e-02
1.613300215877712e-02 -1.064867702881823e-01
-2.441133360627572e-01 2.037301007425620e-02
-4.631390653737899e-02 -8.094439312767611e-01
2.807833577487699e-01 1.772310414612564e-01
-2.243349363027200e-01 5.310350327961169e-01
1.000000000000000e+00 0.000000000000000e+00
5.410609813544590e-01 -1.486446273586526e-01
-1.822284089655441e-01 -3.163486219390714e-03
