
-0.111342652963430355979e0 -0.841779791262337621840e-2
0.767871887009945568170e-1 0.260795947388531042645e-2
0.134385879389089327347e0 0.669509904896523134793e-2
-0.167864160309126057895e0 -0.105654471330014326352e-1
-0.244236567324259944319e0 -0.163532762658311944844e-1
-0.219368932307271967327e0 -0.926594501614892165041e-2
0.127806061870777345861e1 0.131446659457702837420e-1
-0.869742329474682931089e0 -0.227447908379036245767e-1
-0.102538448266878267083e1 0.253923556560887219509e-1
0.182264835849640755294e2 -0.223363137325611726611e0
-0.197885344568090350646e2 -0.121930035737256421691e0
0.264245140943407020237e2 0.938538531002622959665e-1
-0.234102603153698911459e2 0.242421580941558996794e0
0.987590552510321673975e1 -0.648051991878405625122e-1
0.518377673040581561995e1 -0.190584436159472693159e-1
-0.499039905496331353951e-1 0.152432521817410973440e-1
-0.125559310136694484904e-1 -0.391221723632749958433e-1
-0.291320975996076397981e-1 0.663887833651007894687e0
0.121922571516889311828e-1 -0.663390960074731433026e0
-0.277659926575676276549e0 0.256678504197910970202e0
0.100000000000000000000e1 0.000000000000000000000e0
-0.521724762786118268680e0 -0.773568493786926171968e-1
0.115322935084830787102e0 0.477407742657793073276e0
0.161852118767884352011e-2 0.774158834929783175503e-1
0.283580250176888199582e0 0.535242731702028660005e-1
0.862140035068777651974e0 -0.358156826560554200026e-1
0.452548548393005766301e0 -0.404456614584877013218e0
-0.331623289395203696422e-1 -0.381908500992961451407e0
-0.166485516667052808312e0 -0.524167575193557807286e-1
