
7.784397734998146e-02 -9.196760845947005e-01
4.067972654995394e-01 -2.469382477326315e-01
4.807934846291617e-01 -4.676626526241383e-02
-2.306248451196412e-01 1.100470110156699e-01
-1.312715380850776e-01 2.702692503606245e-01
3.859765197384395e-01 4.584959370846451e-02
-5.949683662571791e-01 5.509449947562701e-01
-1.217512493010832e-02 1.789697176230534e-01
-4.723487348023276e-01 1.128169933573789e+00
-3.348061761018859e+00 -4.787200030813324e+00
4.640684160617863e+00 2.747213550891297e+00
4.857567662340902e+00 -5.097622922224375e+00
-1.508320459529660e-01 -4.022502173332192e+00
1.783195599545432e+00 1.039547359679025e+01
3.498893806971825e+00 8.809702204145522e+00
-2.250556965322879e-02 -1.036968686803395e-02
-5.528864567997558e-02 -1.005791355528091e-02
5.251655626834115e-01 -4.270394138221756e-01
-5.770089263074785e-01 5.008033286170256e-01
7.428066920039367e-02 -1.059414726331986e-01
6.706996491163190e-01 -4.723015751536733e-01
-5.385545559515790e-01 -1.490494245560696e-01
4.885363228487004e-01 -1.305631051802821e-01
1.000000000000000e+00 0.000000000000000e+00
6.382792142136380e-01 -4.153771965341523e-01
-3.178096615205852e-01 -5.385230573427702e-01
-1.510719642307451e-01 -3.727208438433186e-01
-1.540810010022228e-01 4.841565350413149e-01
-1.330007962373442e-01 -8.623202346774268e-02
