
-4.504510640937965e-02 1.493883901587209e-01
1.386865276747821e-01 -2.242316004213198e-01
-8.049882222170135e-02 -2.813479888708883e-01
-3.241962710602346e-01 3.055747046202826e-01
8.714346979887044e-03 4.944070499066651e-01
4.124084806085733e-01 3.621409033994497e-01
-3.656045897847215e-01 -1.049900252171375e+00
-6.124911580412312e-02 7.174852495442184e-01
-4.065384964379428e-01 -1.784609775527300e-01
-2.266162484339154e+00 -5.721340465475719e+00
5.200468126744324e-01 1.069071844571814e+01
7.442988912402887e+00 -1.004787677864051e+01
3.006205061637159e+00 1.085883701894394e+01
2.563622294675162e+00 -3.643001648808087e+00
2.253673989726037e+00 -1.858949102263084e+00
-5.670503605437428e-03 3.547098068668754e-02
7.929011836982216e-03 -4.093110347337996e-02
-1.896161651740840e-01 3.434820034696626e-01
1.687052203026545e-01 -5.301023548102712e-01
-6.310297037622772e-02 4.523717298643595e-01
4.929499920530585e-02 -3.512660227128794e-01
-1.887687493699913e-02 -1.255306453665269e-02
-1.394119480465058e-01 1.092345712926687e-01
-1.647507626560431e-01 -7.180519087874850e-01
-9.906462304653962e-02 1.939340294151305e-01
2.274774203360694e-01 5.298128240368435e-01
1.000000000000000e+00 0.000000000000000e+00
4.191723726212874e-01 -3.071330270979917e-01
-2.782984325684723e-01 6.009851495747497e-02
