
0.750347357574772165181e-1 -0.821251700466861994522e-2
0.629924462342310487493e-1 -0.312219836452989214272e0
0.278246844074198916309e0 -0.330792727045738792555e0
-0.177882919871526603103e0 0.428617975967335469549e0
-0.390914347190211339050e0 -0.375520763597491450618e0
0.625967347133578734249e0 -0.746721399727054767242e-1
0.129612557461225827156e0 -0.668391835563421654078e0
0.895539704718682670007e-1 -0.239336368570894495201e0
0.130689575109592340902e1 -0.157063762876377296875e1
-0.149040099712475481121e2 0.154277872852489334014e2
0.788904216334725575483e1 0.550371917771664175261e0
-0.155243377111728318458e1 0.228176173706761588724e1
0.295376508531541481220e1 -0.183867252809154047028e2
0.133699580115965469401e2 -0.745028124726319021694e1
0.119502448859321333020e2 0.295893799566647130225e1
0.139823828307872408593e-1 -0.581241831886512575095e-2
0.213087928007687725756e-1 -0.887913315030366962232e-2
-0.226336898060825576442e-1 -0.247053523703557494410e0
-0.522645707779016441497e-1 0.372622973149658913373e0
0.632984919809528780724e-1 -0.901542444195207637081e-1
0.323351210991620528849e-1 -0.499321614180388423051e0
0.224343744543488486957e0 -0.690514433988324158729e-1
-0.172077107541476201640e0 0.143452940185352268722e-3
0.206640857945992633456e0 -0.650537550209355771495e0
0.543785149922304652560e0 0.297407093026392202798e0
-0.214699663085540860374e0 -0.548450361270982302952e0
0.372235253096506442253e0 0.201651043522786054685e0
0.100000000000000000000e1 0.000000000000000000000e0
-0.495530639660958946663e-1 -0.600660846106608782399e-1
