
-0.314956651893750890763e-1 -0.649068384523992383825e-1
-0.858743973541706146613e-1 -0.973068336749301056408e-1
-0.466675935084249660297e-2 -0.434626009861891039378e-1
0.615214862473973839207e-1 0.306569616934304713920e0
0.283024962628158056297e0 -0.187283467621890521804e0
-0.300258210580222948443e-1 -0.241662778481905475531e0
0.152361683634013121632e0 -0.143976231996474188422e0
-0.983071011654736166298e0 0.112883464747217427002e0
0.663758539148000000114e0 0.713786854553999999969e0
-0.182558678807451242286e2 -0.120202743366504398144e2
0.414392890702138138540e1 0.902537744898821738156e1
0.953719136895897079235e1 -0.627317324586424066458e1
0.244092085919377040928e1 0.308487397792449892400e1
0.280748553056445180264e0 0.103440631275729602373e1
-0.613364758445512058167e0 0.105739793543585019940e0
0.186127206157524711761e-1 -0.412851290140322174123e-2
0.117380304644874072659e0 -0.723913877098564248884e-2
0.288976608051012815706e0 0.819550088005510661191e0
-0.123435625687209502021e0 -0.744146683590078227249e0
-0.259530290532511049380e0 0.227097514248115348455e-1
0.531763123751904841869e0 0.692131312150629690312e0
0.100000000000000000000e1 0.000000000000000000000e0
-0.129815058850211278418e0 0.560964594315841363469e0
-0.297311925520152232737e0 0.746780279892337417404e0
0.577396184432799257835e0 0.426703717484950466397e0
0.202908421705723632892e0 -0.791432962281835714942e-1
0.344373185849098861999e0 0.919198988731814219745e-1
0.687688157243016758973e-2 0.260257036341197701225e0
0.159480016223229278374e0 -0.346892088702198253232e0
