
-0.461420993028052795822e-2 -0.441119274224177460410e-1
0.312938086094700165840e-1 0.223255958244577063793e-1
0.943865664143377733979e-2 0.508518489293729096316e-1
-0.355815559484521271811e-1 -0.887761248191863859075e-2
-0.815902841467410341330e-1 -0.843493956795955535433e-2
0.401957658787326551452e-1 0.529895399043363846352e-1
-0.870774183786502497693e0 0.117293929708728355123e1
-0.507708357302010118565e0 0.283951104126303455313e0
-0.433489307337965758433e1 0.271187766766018020694e1
0.378355595622855744621e2 -0.247596408897770580912e1
-0.229100874548458491760e2 0.264837939420981248670e2
0.310961005552511244657e2 -0.255350738594803177914e2
-0.110279177807714812987e2 -0.663429928955924748391e2
-0.147682258608198515668e2 0.355477988965561143148e2
-0.109438800841421420207e2 0.501400989186665447597e2
-0.130241616314840872011e-2 0.107129290802616175916e-2
-0.100521099659048944386e-1 0.700934641394278310270e-4
0.492306795846423451079e0 -0.246377666357735224551e0
-0.449950941044014427828e0 0.245175677879691706370e0
0.382416701995002724931e-1 -0.120677457375727580525e-1
0.346426665037329457262e0 -0.273385228034398516922e0
-0.275263106503341121106e-1 -0.584599185888100782870e-2
0.351031312313163223099e0 -0.144247027608268637276e0
0.100000000000000000000e1 0.000000000000000000000e0
0.640799700765425332997e0 -0.747719065590032038683e-1
-0.868439063953463123962e0 -0.325726087213114890242e0
0.337156282253826499005e0 0.158016079535288236793e0
-0.284529408859907354321e0 0.662400605488134920412e0
-0.890487349207473685407e-1 -0.209230835458980904697e0
