
9.640616743296393e-01 1.295897982896938e+00
9.626406724775781e-01 1.364841558194449e+00
1.300009123978612e-01 5.427650310596086e-01
-8.627623838014269e-01 -1.371176672640600e+00
-2.231719823805930e-01 -2.482206425238846e-01
6.722302404290690e-01 1.090242970830659e+00
-7.735069167708151e-01 8.852020084089490e-02
5.745683204181999e-01 1.558996836871903e-01
-1.616642043240828e-01 1.293689080560796e-01
-9.566327914577236e+00 -4.417745792184373e-01
9.139584813384815e+00 4.730207935324979e-01
2.196787528636013e-02 -9.113369768750569e-01
8.451333372385275e+00 -3.404931514558447e-01
4.431822907818558e+00 2.396617207010918e+00
1.114994542191962e+00 7.822677306742825e-01
2.359005226802764e-02 3.125400076267985e-02
4.936464747117217e-03 -6.711354869323755e-02
6.880845093383897e-02 3.426119591132891e-01
-1.388624419725238e-01 -6.330266434289751e-01
1.745606281939386e-01 5.458694486672862e-01
-2.413350487093376e-01 -2.457996543916835e-01
2.105127715535158e-01 -2.606300565816996e-01
-8.186112609669632e-02 1.214708991469780e-01
-2.970688184926749e-01 -3.586953092173694e-01
-2.475309239985068e-01 4.386621159322920e-01
3.151091646441176e-01 4.418154281370439e-01
1.000000000000000e+00 0.000000000000000e+00
2.130104718122122e-01 -3.986123120727967e-01
-2.389575339455218e-01 1.182194438625065e-01
