
-2.460861560519434e-01 9.082688473557315e-02
-4.885231714030909e-02 1.793161039992382e-01
-3.499827383826972e-01 9.379578398277913e-02
7.610545377347742e-01 -1.561384118011906e-01
-6.342429367800140e-02 9.756996290277334e-02
-5.149683816828305e-01 6.531152706561752e-02
9.557720174369049e-01 -3.321081790241709e-01
-8.025280476493675e-01 -3.658517775692194e-01
8.133831117211701e-01 -2.860317026657150e-02
-2.453352196836185e+01 1.295644017041985e+00
1.966381444063258e+00 1.471134159111487e+00
1.644065496701477e+01 -2.069655669992148e+00
6.329469099734244e-01 -1.245172030755899e+00
5.177016116210284e+00 -4.109061638642348e+00
-1.122175940522410e+01 4.464804679073611e+00
1.941880246153478e-02 -1.628347201035863e-02
5.157274083605290e-02 4.101120422486329e-02
1.200959516000475e-01 3.011466633447397e-01
-1.571226303816249e-01 1.655817910992923e-02
8.011152816507647e-03 -3.408602796655654e-01
2.368014705341233e-01 2.828774767745718e-01
4.898303466585359e-01 2.743221853441886e-01
-1.717058116850659e-01 3.232876588374578e-01
-5.408217177224244e-01 -3.853639611591148e-02
1.000000000000000e+00 0.000000000000000e+00
1.811417492417532e-01 -2.530889779482918e-01
6.018310193503892e-02 -8.193882130367909e-01
3.887737889531558e-01 1.570112622180434e-01
1.777905625805400e-01 -8.348912811464421e-02
