
-0.188790767581441259126e1 0.133817184109429900788e1
-0.898757849585470858093e0 0.981080918529608602481e0
0.605512216807058242807e0 0.105333739469999217565e1
-0.386135325686759059649e0 0.660409907486803258309e0
0.468077153007668285504e0 0.518566902427938411090e0
0.580678314528122350589e0 -0.264085982049106410057e0
0.149829850820010559986e0 -0.309879261645068850069e2
0.117219875812217513150e0 -0.311890340131706153958e2
-0.757177237901609711873e1 -0.188456625865838641896e0
0.167568417858795870208e2 0.121342298140447788934e4
0.400459245727328072006e2 -0.215061826449944244288e4
0.397014595821422386392e2 0.420164364271898380904e3
-0.167346006377971777745e3 0.385897722718577326972e4
-0.162968929590917555733e1 -0.792014403617431245574e3
-0.366393005575879604913e2 0.113073512767186253075e3
-0.515647022365330221536e-3 -0.230349785260632282437e-3
0.309407182312527302899e-2 -0.348598215865715633285e-2
-0.295694265538765124930e0 0.280469477785247512107e0
0.241346018460794003481e0 -0.254851580621164875562e0
-0.969211396740944607222e-2 0.181734982477325713546e-1
-0.137394972271705825161e0 0.202328693025978477028e0
-0.257965974150598422480e-1 0.371618339642865949684e-2
-0.221407931487662737585e0 0.192696512835815619841e0
-0.861757384691686634704e0 0.232284528215054806118e0
-0.561608520881134053258e0 0.105502987229922340055e0
0.100000000000000000000e1 0.000000000000000000000e0
-0.511594395152442922884e0 -0.211525565939994184041e0
0.164063886991243872292e0 -0.600785935767001929252e0
0.112725500640241285000e0 0.192559604797184065792e0
