
-0.203768688198263820096e0 0.284405576840535047160e0
-0.236019445192357643358e-1 -0.281612908680714822863e0
0.842616981849303486640e-1 0.160362017466792662490e0
0.117826213213917335311e0 -0.248477756235655493766e-1
-0.859207222179197433593e-1 -0.144095926727362585030e-1
0.942376602308091552998e-1 0.155849054733183497523e0
0.979263474239020705980e0 0.325235923183991349514e0
0.321722601119766931374e0 0.142797359497033226358e1
0.691416432862041591340e0 -0.656787492785695308330e0
-0.937544734360442132744e1 0.932117759550434394917e1
-0.832696129005247372493e1 -0.181696539143189360810e1
0.133536664836220810380e2 0.433281528424087173778e0
0.134386884975652862321e2 -0.654364409951690250257e1
0.149522735859686264686e2 0.124239320263700300916e2
-0.406324115396086490591e1 -0.277753349598744144660e1
0.178879992639526943808e-1 0.103305846642236885070e-1
-0.256907459185833670703e-3 0.733142820743506318192e-2
-0.108703648470140455044e0 0.362152544472641833788e-1
-0.109961955674276001712e0 -0.464007683387966847251e-1
0.207705211875898673274e0 0.531417120851488902478e-1
0.579745668358191934319e-2 -0.102066284223059779415e0
0.540321608576736345192e-1 0.134315864604586322948e0
-0.272521574280356279900e0 -0.331527242030460125860e-1
0.173117690903300373753e0 -0.754031267197100539448e0
0.429433970613677830564e0 0.712972967843093349046e0
0.700979840713977961930e-1 0.738628899770775228261e-1
0.100000000000000000000e1 0.000000000000000000000e0
0.535009820794893425639e0 0.315422693422655678656e0
-0.686141915032423440718e-1 0.283727956893994713758e-1
