
-0.486069460765401540456e-3 0.546984929653270796911e-1
0.109232492184025753961e0 -0.207932396481886073709e-1
0.105882726058362491816e0 -0.561892016454990326707e-1
-0.849093853607570606942e-1 -0.209477556936956420809e0
-0.154136992329400908622e0 -0.188717397258750759262e0
-0.218827901237969340371e0 -0.145297599717681827613e0
-0.402319251726728662833e0 -0.654218499552482197622e0
-0.106833634201411084282e1 -0.720706951513949680015e-2
-0.102538448266878302081e1 0.253923556560887344192e-1
0.133146773314026722890e2 -0.332731988274334084628e1
-0.156194263883397932921e2 0.301363106767547453326e1
0.162294063888156972278e2 -0.445736174761741677560e1
0.860385516565882828462e1 0.118357493445055960797e2
-0.657104339291304431715e1 -0.592489599138968899440e1
0.594210554837331556000e1 -0.429254311667201447896e0
-0.499039905496332290667e-1 0.152432521817411540257e-1
-0.125559310136695142989e-1 -0.391221723632750431992e-1
-0.291320975996076357052e-1 0.663887833651006264643e0
0.121922571516895606163e-1 -0.663390960074731224154e0
-0.277659926575676985644e0 0.256678504197911994529e0
0.100000000000000000000e1 0.000000000000000000000e0
-0.521724762786119232482e0 -0.773568493786931310951e-1
0.115322935084830666592e0 0.477407742657794904547e0
0.161852118767888048124e-2 0.774158834929768237433e-1
0.283580250176889134029e0 0.535242731702020231214e-1
0.862140035068776767210e0 -0.358156826560549871349e-1
0.452548548393006018622e0 -0.404456614584877589228e0
-0.331623289395214136883e-1 -0.381908500992960628524e0
-0.166485516667052622832e0 -0.524167575193559277024e-1
