
-3.410296265066720e-01 -8.092889711861662e-01
8.627219419472956e-02 8.757753993870757e-03
-9.794541448014921e-03 -2.790316019309500e-01
-4.842798703758776e-03 7.061328655684277e-03
2.464306834123127e-02 1.235987427593767e-02
2.864938449281165e-02 -8.401500003279411e-02
-1.549447845033018e+00 -1.559962995062059e+00
-7.253543429522653e-01 -2.240848568108285e+00
4.461677526328816e-01 3.724302125528837e-01
1.077639649041522e+00 4.022264202563368e+00
4.384912469950577e-01 5.086071372834588e+00
-6.085286567083195e+00 -1.053843587106295e+01
2.407223968078020e+01 -4.319299067762330e-01
-6.097697814414441e+00 -2.188581775877845e+01
2.268943753105420e+01 2.512260499801779e+01
-7.935901384894595e-04 -3.587026061616779e-03
1.320455238919943e-01 -6.703935786048826e-03
1.284078791306502e-01 5.436514955230803e-01
2.357191249355370e-01 -4.475864758008920e-01
-5.283747745462283e-01 -6.476526389064936e-03
4.569708762047331e-01 3.527663811596568e-01
1.000000000000000e+00 0.000000000000000e+00
-7.163756678711447e-02 4.168051796119684e-01
-2.770976074327174e-01 6.402008642921067e-01
2.011108038036959e-01 -2.462524664530068e-01
-1.131772682817092e-01 -2.859830739155720e-02
-2.836324546772823e-01 3.733919218427136e-01
2.496059973769493e-01 9.610940923308015e-02
1.023740579288746e-01 -3.826224654236417e-01
