
-0.157129887482813281269e1 0.347769520144142550624e1
-0.677100156692154404110e0 0.276702107396510641173e1
0.701832647721093711552e0 0.642927432444535010888e0
-0.118184249833771263844e0 0.212314287269923203166e1
0.603002423470636491655e0 0.375739576110142955393e0
0.206957636103061912096e0 -0.116285545264488125540e0
-0.367802019346600239658e1 0.102972138701909284584e1
-0.333506750221422611962e1 0.190487177827653628571e1
-0.536470319881205391773e1 0.304943633918496284944e1
0.732328657662634335962e2 -0.142418962485059725900e3
-0.124214529903317114218e3 0.197270316808011112755e3
0.623162998040375171876e2 -0.587792770540760165614e2
0.211283073589670875772e3 -0.263266823760203707350e3
-0.880944159721325585344e2 0.508760790859073515971e2
-0.415642902994282263315e2 -0.590850205351963102957e1
-0.760176058974474792731e-3 0.659867790678839697826e-3
-0.792690397023773195561e-2 0.353847174198278196779e-4
0.476670654990689906909e0 -0.225931620079362223549e0
-0.430740212177801675049e0 0.218074624049463099422e0
0.329510498944793885239e-1 -0.990416952620898764034e-2
0.328722786162752800873e0 -0.227949861960840097319e0
-0.867392629037093517504e-2 -0.112036049726732743787e-1
0.336784748359508081064e0 -0.136883297152711541948e0
0.100000000000000000000e1 0.000000000000000000000e0
0.657621252262334756941e0 -0.442706127327575503136e-1
-0.910521541771695286024e0 -0.281389570901235791718e0
0.406105034588012814403e0 0.185191948326897719114e0
-0.307913778389344166159e0 0.665425939959547866763e0
-0.880740679805679459627e-1 -0.220426519032873059146e0
