
1.836698046946197e-02 -6.924548105844190e-01
1.164599532189804e-01 -7.203083360930358e-01
-1.542873538924246e-01 -4.306407303550723e-01
-4.240706343678455e-01 2.832082182893862e-01
1.972004446989958e-03 4.832232027971498e-01
3.076324486776701e-01 5.145183562428940e-01
-4.209460640478966e-01 -2.508596862739604e-01
9.747532843271542e-02 1.911196299487011e-01
-2.119836573071757e-01 -1.619311479232377e-01
-6.260413593441294e+00 -5.148226168913692e-01
3.578928482814197e+00 2.232162062153554e+00
5.276784254275361e+00 -1.716115919723069e+00
4.872342602518885e+00 1.691644619544702e+00
3.430218231950656e+00 -1.063471049906253e+00
1.388070990922410e+00 -1.176822002653335e+00
5.751595585049242e-03 2.958705961006915e-02
-1.379243819879909e-04 -4.412814385773339e-02
-1.106964871623570e-01 2.649169582965656e-01
4.207198885053892e-02 -4.706624584366893e-01
6.023472623144380e-02 4.264517098121435e-01
-8.042640664850154e-02 -2.854159935719716e-01
1.310056599130758e-02 -9.690288645139319e-02
-1.293973233256795e-01 7.193396340740280e-02
-1.435514695662592e-01 -6.202513554535857e-01
-1.015514626688589e-01 3.213883634361674e-01
2.081861897930514e-01 4.693542718297795e-01
1.000000000000000e+00 0.000000000000000e+00
3.402801734912696e-01 -2.737040657594341e-01
-2.457616226920090e-01 8.622736925596411e-02
