
9.277408643300485e-03 -1.017189673091590e-02
7.925897290815884e-02 1.752836967402571e-02
9.474460325415633e-02 1.807639565270071e-02
1.433322424252540e-01 4.566492740896138e-01
1.860407588512195e-01 5.374154100831343e-01
2.395615365909690e-01 6.318657833291227e-01
-1.315654774830634e+00 9.756600616219819e-01
-1.974344269865188e+00 -1.716900685648278e-01
-4.874542524880398e-01 -3.508170549854433e-01
9.310860994863530e+00 9.654670864807956e+00
-1.393384891180893e+01 -1.302499875014339e+01
9.532510924452541e+00 1.170949046407172e+01
2.528394401297169e+01 -7.260026153556819e+00
-1.882238452268339e+01 4.766301369977877e+00
1.381445460054752e+01 -3.263848123162731e+00
-1.221318791427289e-02 2.375544253316328e-02
9.209491528911391e-03 -3.556023738344054e-02
-2.875270969950531e-01 2.938016617574823e-01
2.628508093149418e-01 -4.390540348028876e-01
-1.142159179462431e-01 3.398343213262035e-01
1.131350343704378e-01 -1.938632157033426e-01
-7.496562774382481e-02 -6.522123332091825e-02
-1.889753179160939e-01 1.204056882449313e-01
-1.176579747192085e-01 -7.234796843769719e-01
2.546628602991782e-03 1.704869298645056e-01
1.859335031779765e-01 6.023984419136769e-01
1.000000000000000e+00 0.000000000000000e+00
4.647144195359958e-01 -2.665612887184631e-01
-2.564620718542132e-01 2.228756665485362e-02
