
0.159758624874396439194e1 -0.717755385615595725745e0
0.149772669821495493423e1 -0.611216674856861244677e0
0.906330873454451112995e0 -0.354894635816877346512e0
0.358867645095554631078e0 0.374287392959841642753e-2
-0.366386578972252713078e-1 0.142311099657592511137e0
-0.237385023589847121128e0 0.201461632360803765063e0
-0.124932068907125433280e1 0.308319992800565323421e-18
-0.204775932593802701027e1 0.128749007982653651538e-18
0.829026306519873829688e-1 -0.182959116606928873239e-18
0.948212892211266766623e0 0.220567379465019808293e-17
-0.353207890946249062421e1 -0.397089045672815998955e-17
0.416540704504115268537e1 0.420128341838132968178e-17
0.131569413632166821240e2 -0.216840434497100886801e-18
-0.155160792412410041847e2 0.151788304147970620761e-17
0.182982281652131975984e2 -0.325260651745651330202e-17
0.150382267914368621373e-1 0.214179272418402373725e-1
-0.260332242272768098649e-1 -0.580838906522134632730e-1
0.427491625024833268601e-1 0.126156208871545166481e0
-0.196318629035576197941e0 -0.389761880494245258175e0
0.242265402581050008591e0 0.428937157389746110011e0
-0.156038480521899240071e0 -0.234748726892494041202e0
-0.986964506567205342174e-1 -0.289977617043411384012e0
-0.430373800385799498988e-1 0.972429184359937140127e-2
0.292916319316825857433e-1 -0.438937185626000030570e0
-0.143565800550721213701e0 0.492746484718726826914e0
0.243621558684122260297e0 0.356795079362694721756e0
0.100000000000000000000e1 0.000000000000000000000e0
0.150972055452753082497e0 -0.227825050243632661685e0
-0.236437895553652451319e0 0.130454711115014057915e0
