
1.131133087848003e-01 -2.211372454237918e-01
-1.418325880724071e-01 -4.378141402983738e-01
7.497900745268314e-02 -2.747633313842230e-01
-3.841853050776168e-01 8.419074436223639e-04
5.979676536737091e-02 1.225356307317797e-02
2.710719962928164e-01 2.202953379801695e-01
3.072615564192367e-01 -6.386319361877846e-01
1.914288692861066e-01 -4.106536847094571e-01
6.914164328622207e-01 -6.567874927858897e-01
-1.438448430909996e+01 7.290444538134569e+00
5.102029124108268e+00 1.755221348477113e+00
5.130793434370720e+00 -1.509083236837789e+00
2.159833758356172e+00 -7.203387522089111e+00
1.155814058725556e+01 -7.160827742167561e+00
1.603141099737388e+00 5.372391471983304e+00
1.788799926395965e-02 1.033058466423791e-02
-2.569074592025958e-04 7.331428207429046e-03
-1.087036484706699e-01 3.621525444719229e-02
-1.099619556740984e-01 -4.640076833898486e-02
2.077052118761113e-01 5.314171208537120e-02
5.797456683564401e-03 -1.020662842228886e-01
5.403216085744512e-02 1.343158646045564e-01
-2.725215742797319e-01 -3.315272420252367e-02
1.731176909027266e-01 -7.540312671969543e-01
4.294339706139884e-01 7.129729678428606e-01
7.009798407112655e-02 7.386288997691662e-02
1.000000000000000e+00 0.000000000000000e+00
5.350098207949999e-01 3.154226934225529e-01
-6.861419150319081e-02 2.837279568920432e-02
