
-2.435721837037247e-01 -9.188248605053206e-02
1.957039436666803e-01 2.824266994506786e-01
-2.482215805898001e-02 -2.401555883455216e-01
-8.467993197470713e-04 -4.535256450556288e-01
-1.530892919189500e-01 2.794902915461235e-01
1.889104546227284e-01 -1.202104514225140e-01
7.974875505930801e-01 3.644833878694578e-01
-7.410153121762572e-02 -1.018356302754455e+00
6.637585391480000e-01 7.137868545539999e-01
-8.410960729752388e+00 -1.477334298990839e+01
-5.829312915178485e+00 1.360642457826739e+00
1.196822101536842e+01 4.709087869165541e+00
6.642936932927656e+00 3.572796545055812e+00
1.223339360125297e+01 -6.380090041440075e+00
5.638965780118474e-01 -7.077041176521103e+00
1.861272061575140e-02 -4.128512901405968e-03
1.173803046448754e-01 -7.239138770984734e-03
2.889766080510042e-01 8.195500880055460e-01
-1.234356256871990e-01 -7.441466835900767e-01
-2.595302905325232e-01 2.270975142477703e-02
5.317631237519267e-01 6.921313121506474e-01
1.000000000000000e+00 0.000000000000000e+00
-1.298150588502225e-01 5.609645943157997e-01
-2.973119255201255e-01 7.467802798923626e-01
5.773961844327881e-01 4.267037174849508e-01
2.029084217057272e-01 -7.914329622816299e-02
3.443731858491055e-01 9.191989887319713e-02
6.876881572439070e-03 2.602570363411758e-01
1.594800162232203e-01 -3.468920887022008e-01
