
0.480668980487527523898e-1 -0.709547630449672523169e-3
-0.394061284385729313562e-1 0.319046013454126878247e-1
0.502204148848361461375e-1 -0.199321916238273054717e-1
0.908980911304482945452e-2 -0.414836917632961762351e-1
-0.327780251803164082053e-1 0.406360236766314714077e-1
0.732374435758209708458e-1 -0.609719228065607352719e-1
-0.925814511574215961217e0 0.866723333796018059001e0
0.843833192142717478730e0 -0.316130344097538142442e0
0.257239773039205478706e1 0.103019016879275602345e1
0.204454470030195637909e2 -0.153650777781721658653e2
-0.552629570472109494465e1 -0.255120950823651072457e1
-0.275234077037105290212e2 0.558015662597114816884e1
0.251042455632396151778e2 0.105416705109554441986e2
0.268279267731473012298e2 0.209909789046198778971e1
0.660356079443214818991e2 -0.101842619101502453813e2
0.126578970556956884124e0 -0.429363653424570349725e0
-0.150559707591942021470e-1 0.385851832833384213802e0
-0.887484551388376747790e0 0.177379453655616537038e0
0.640971961441560121191e-1 -0.953385401327598685541e0
0.665042759286594638681e0 -0.390547307019172625683e0
0.104241185618215912110e0 -0.211797229562010807068e0
0.266955137948314461064e0 -0.646255352495798044527e0
0.790403787775233338550e0 -0.184175295849839525225e0
-0.677332599287503583484e0 0.466202699204938536114e0
0.735481123300379403189e0 -0.526516333566515086243e-1
-0.173706140201281505604e0 0.894360045181591406342e0
0.100000000000000000000e1 0.000000000000000000000e0
0.553440255813419179978e0 0.681224563753705933194e-1
-0.439010771687430989031e0 -0.207109736104493915155e0
