
-4.839972670744119e-01 -6.226022650610954e-01
2.663155272687041e-01 -1.130423788353323e-01
3.695411050221262e-01 -5.165555485378933e-01
-5.136819458273738e-01 5.014206537516863e-01
-5.733083183813600e-01 6.302722335889115e-01
-1.212311249515112e-01 -1.438976599615762e-01
-8.604853215349784e-01 1.098067594587250e+00
-1.504184022575590e-01 2.468598353538483e-01
-5.518406062809068e-01 9.235254480111033e-01
1.318342613653503e-01 -3.583084960150175e+00
4.121687270223665e+00 1.857572574850643e+00
3.056620134054576e+00 -2.759747512115143e-01
6.286300355385999e-01 -1.620524205416889e+01
-3.310896413424524e-01 1.475584177177759e+01
7.803241182627428e+00 5.679789255238237e+00
1.265789705569567e-01 -4.293636534245699e-01
-1.505597075919424e-02 3.858518328333839e-01
-8.874845513883762e-01 1.773794536556164e-01
6.409719614415632e-02 -9.533854013275983e-01
6.650427592865943e-01 -3.905473070191724e-01
1.042411856182159e-01 -2.117972295620106e-01
2.669551379483142e-01 -6.462553524957976e-01
7.904037877752330e-01 -1.841752958498393e-01
-6.773325992875033e-01 4.662026992049383e-01
7.354811233003787e-01 -5.265163335665132e-02
-1.737061402012816e-01 8.943600451815908e-01
1.000000000000000e+00 0.000000000000000e+00
5.534402558134187e-01 6.812245637537068e-02
-4.390107716874306e-01 -2.071097361044938e-01
