
7.736595514082344e-02 2.852007767030443e-03
7.929477662940097e-02 -3.246680738747740e-02
-2.793215628281009e-02 -2.624899162225299e-03
-1.158647275616669e-01 1.307041378111481e-03
1.015494320395690e-01 7.040947105719980e-02
-1.035438792889876e-02 -2.540976649522442e-01
-8.018694993348287e-01 2.447662684110899e-01
6.735056406619551e-01 1.570518167364456e-01
-1.279351926170497e-01 1.406268353622615e+00
-9.933666433432702e+00 6.469883500709300e+00
1.161189447238964e+01 -4.773893070409457e+00
-1.697577318910864e+00 -9.983909976186210e+00
4.819789078828238e+00 6.964061644776777e+00
5.857135134769159e+00 1.126286536146426e+01
2.757593599927596e+00 2.260173799134680e+01
1.265789705569568e-01 -4.293636534245702e-01
-1.505597075919421e-02 3.858518328333841e-01
-8.874845513883765e-01 1.773794536556165e-01
6.409719614415604e-02 -9.533854013275984e-01
6.650427592865943e-01 -3.905473070191725e-01
1.042411856182159e-01 -2.117972295620107e-01
2.669551379483143e-01 -6.462553524957979e-01
7.904037877752332e-01 -1.841752958498395e-01
-6.773325992875033e-01 4.662026992049385e-01
7.354811233003792e-01 -5.265163335665152e-02
-1.737061402012817e-01 8.943600451815912e-01
1.000000000000000e+00 0.000000000000000e+00
5.534402558134189e-01 6.812245637537058e-02
-4.390107716874308e-01 -2.071097361044939e-01
