
-1.829399008426654e+00 6.144091977988717e-01
-2.530986148919231e-01 -1.422448283749492e+00
-1.811249393975919e-01 -1.423060815143202e-01
3.993252931790899e-01 6.353541404406713e-01
-4.519446039118875e-01 2.293427680709989e-01
-1.002871916176820e-01 -6.114808061885404e-02
-8.459731010623459e-01 1.534063607012660e+00
-2.146914296381035e+00 8.064622715506586e-01
3.122614313873336e-01 -2.317437937775835e-01
-5.715047843894772e+00 -9.605774020650146e-01
-2.164584237818183e+00 -8.606305681968824e+00
7.180763401376156e+00 1.369931867795877e+01
1.035165366677740e+01 -6.583844416315429e+00
-1.416199030076397e+01 1.318120293687917e+01
1.279451201919338e+01 -1.708389275466177e+01
1.265789705569567e-01 -4.293636534245702e-01
-1.505597075919410e-02 3.858518328333839e-01
-8.874845513883763e-01 1.773794536556165e-01
6.409719614415593e-02 -9.533854013275983e-01
6.650427592865941e-01 -3.905473070191725e-01
1.042411856182158e-01 -2.117972295620107e-01
2.669551379483141e-01 -6.462553524957977e-01
7.904037877752328e-01 -1.841752958498395e-01
-6.773325992875031e-01 4.662026992049384e-01
7.354811233003791e-01 -5.265163335665157e-02
-1.737061402012813e-01 8.943600451815907e-01
1.000000000000000e+00 0.000000000000000e+00
5.534402558134188e-01 6.812245637537051e-02
-4.390107716874307e-01 -2.071097361044937e-01
