
-1.669802009995461e-01 -9.248117571731548e-02
-9.181704321948220e-02 -1.028291302236550e-01
-4.230810665776130e-03 2.686045664033025e-01
1.122947140431688e-01 5.376284373588728e-01
-3.941191994592265e-01 5.245840215100797e-01
1.650748578486099e-01 -6.535781171164261e-02
1.024075395828895e+00 -7.667389529998578e-01
-8.412901989678532e-01 6.695581576526585e-01
-5.184603962322865e-01 -1.925926446781844e+00
2.853589428243650e+01 3.630163844352901e+01
-2.493996623812331e+01 -1.051007691975373e+01
1.923541260801695e+01 -1.042129186760555e+00
-1.609606958497029e+01 -1.193838033700870e+01
1.320528377065136e+01 1.173549384067599e+00
2.231412611895698e+01 1.520406600632128e+01
1.265789705569568e-01 -4.293636534245701e-01
-1.505597075919424e-02 3.858518328333841e-01
-8.874845513883765e-01 1.773794536556162e-01
6.409719614415632e-02 -9.533854013275984e-01
6.650427592865944e-01 -3.905473070191724e-01
1.042411856182160e-01 -2.117972295620107e-01
2.669551379483143e-01 -6.462553524957977e-01
7.904037877752330e-01 -1.841752958498392e-01
-6.773325992875032e-01 4.662026992049383e-01
7.354811233003791e-01 -5.265163335665130e-02
-1.737061402012819e-01 8.943600451815910e-01
1.000000000000000e+00 0.000000000000000e+00
5.534402558134190e-01 6.812245637537082e-02
-4.390107716874309e-01 -2.071097361044940e-01
