
-1.500704769627010e-01 8.604984055174504e-02
-1.736703890571230e-01 1.494715937443867e-01
-2.166818171753691e-01 1.068763807543070e-01
3.037190683088442e-01 -2.169399137084629e-01
2.084305136619745e-01 5.998422116023104e-02
-1.561764970560409e-01 4.049047623352846e-01
-6.870183763770001e-01 9.400115308520001e-01
7.752784799660000e-01 8.691393860050002e-01
6.379413492262577e-02 6.298001400867229e-02
-9.566245166389242e+00 -4.784719105601384e+00
9.602207917538090e+00 6.897894861428435e-01
-1.931618936726929e+00 4.633005628573602e+00
8.558303559857157e+00 -7.985550244388823e+00
7.787239581071958e+00 1.199166407202161e+01
3.619015568115464e+00 -9.991191917288313e+00
1.265789705569569e-01 -4.293636534245703e-01
-1.505597075919435e-02 3.858518328333840e-01
-8.874845513883765e-01 1.773794536556164e-01
6.409719614415599e-02 -9.533854013275986e-01
6.650427592865943e-01 -3.905473070191725e-01
1.042411856182158e-01 -2.117972295620107e-01
2.669551379483143e-01 -6.462553524957978e-01
7.904037877752332e-01 -1.841752958498394e-01
-6.773325992875033e-01 4.662026992049384e-01
7.354811233003792e-01 -5.265163335665146e-02
-1.737061402012816e-01 8.943600451815912e-01
1.000000000000000e+00 0.000000000000000e+00
5.534402558134192e-01 6.812245637537054e-02
-4.390107716874309e-01 -2.071097361044938e-01
