
1.635915528376556e+00 1.155461388887340e+00
2.965234501780507e-01 1.355875415784616e+00
5.566552041821239e-01 1.315643718198324e-01
-1.907656055611128e+00 1.168735720400899e-01
1.022966605090955e+00 -1.581913631579301e-02
1.504656891306572e+00 -1.474850653372878e-01
-1.138711687546631e+00 2.533694321121596e+00
-7.092722893035160e+00 5.843724701180862e-01
5.597556867037231e-01 -3.117403323606937e-01
-2.306997460697727e+01 1.065191631853056e+01
1.943507507449382e-01 -3.016890463219222e+01
2.266137730546099e+01 2.682391521938840e+01
-7.887068288781374e+00 4.274212168206833e+00
-5.451834496905474e+01 1.651603839194487e+01
1.116910233200789e+01 -2.076823590760007e+01
1.265789705569569e-01 -4.293636534245704e-01
-1.505597075919422e-02 3.858518328333841e-01
-8.874845513883767e-01 1.773794536556166e-01
6.409719614415602e-02 -9.533854013275989e-01
6.650427592865944e-01 -3.905473070191726e-01
1.042411856182160e-01 -2.117972295620108e-01
2.669551379483144e-01 -6.462553524957979e-01
7.904037877752332e-01 -1.841752958498393e-01
-6.773325992875034e-01 4.662026992049385e-01
7.354811233003793e-01 -5.265163335665157e-02
-1.737061402012815e-01 8.943600451815913e-01
1.000000000000000e+00 0.000000000000000e+00
5.534402558134193e-01 6.812245637537062e-02
-4.390107716874310e-01 -2.071097361044939e-01
