
8.444198167613887e-01 -1.659437511008908e+00
1.061653177505249e+00 -1.564048064082447e+00
5.559935984282987e-01 -8.640675542579291e-01
2.556072512448461e-01 2.994676777907275e-02
-3.225151339595803e-01 4.375543471493135e-01
-6.923643172934763e-01 5.797604912202781e-01
-1.150475408034970e+00 4.054785419344026e-02
-2.029714292001791e+00 -3.457416823902082e-02
2.328263185404101e-02 -7.176342259577544e-02
1.874822859364158e+00 1.581839541521675e+00
-5.062618802493676e+00 -1.873316591853262e+00
5.557211088168010e+00 1.165218257538677e+00
1.315584431428013e+01 6.875556089949120e-01
-1.504114729377676e+01 -2.549757729868389e-01
1.729398146847706e+01 -2.462601676499983e-01
1.265789705569569e-01 -4.293636534245702e-01
-1.505597075919424e-02 3.858518328333842e-01
-8.874845513883765e-01 1.773794536556162e-01
6.409719614415592e-02 -9.533854013275984e-01
6.650427592865944e-01 -3.905473070191725e-01
1.042411856182159e-01 -2.117972295620107e-01
2.669551379483143e-01 -6.462553524957979e-01
7.904037877752335e-01 -1.841752958498393e-01
-6.773325992875033e-01 4.662026992049383e-01
7.354811233003793e-01 -5.265163335665148e-02
-1.737061402012816e-01 8.943600451815910e-01
1.000000000000000e+00 0.000000000000000e+00
5.534402558134192e-01 6.812245637537062e-02
-4.390107716874307e-01 -2.071097361044938e-01
