
1.032255542633899e-01 -1.026236804234502e+00
4.982593673786179e-01 -1.283291112450001e+00
-6.050054449728588e-02 -3.429207378401297e-01
3.127398424486832e-02 1.231678421248084e+00
-4.381203453466079e-01 -4.386483607023047e-01
5.703716023137767e-02 -2.824307897146991e-01
-6.568902345198089e-01 3.638353688419609e-01
-4.505246878414565e-01 -3.809855383785619e-01
5.247786338357173e-01 -4.921330293503337e-01
-1.206956611775313e+01 1.166658102497892e+00
7.252538746112511e+00 -5.209770986837186e+00
1.503489755873264e-01 9.126668226191379e+00
8.657671817863823e+00 -3.585946010833094e+00
2.989190095458802e-01 -3.384310552272755e+00
8.407070309882611e+00 -8.552022282669434e+00
1.265789705569569e-01 -4.293636534245703e-01
-1.505597075919424e-02 3.858518328333841e-01
-8.874845513883765e-01 1.773794536556163e-01
6.409719614415604e-02 -9.533854013275986e-01
6.650427592865945e-01 -3.905473070191725e-01
1.042411856182160e-01 -2.117972295620107e-01
2.669551379483145e-01 -6.462553524957978e-01
7.904037877752332e-01 -1.841752958498393e-01
-6.773325992875034e-01 4.662026992049383e-01
7.354811233003792e-01 -5.265163335665152e-02
-1.737061402012816e-01 8.943600451815910e-01
1.000000000000000e+00 0.000000000000000e+00
5.534402558134190e-01 6.812245637537057e-02
-4.390107716874307e-01 -2.071097361044940e-01
