
-0.236063731486788650946e1 0.198765697197390608236e1
0.400056406876608842190e1 0.138092786788018156595e1
-0.172793732424319080308e1 -0.638797964195764530473e0
-0.581932967200756167195e1 0.174387740296255441754e1
0.177624935334125235635e1 0.512079931118131342297e1
-0.194736761824508801378e0 -0.266016958341204574293e1
0.179732245880467270691e1 -0.808374620141498430380e-1
-0.451613731218922968505e0 -0.830833941148756795431e0
0.663758539148000000006e0 0.713786854554000000078e0
-0.193898640525601261217e2 -0.188987915643143440502e2
-0.831032862037545463907e1 0.570758874433236307365e1
0.247711212819835307000e2 0.929815162486204058092e0
0.163848679108098252487e1 0.102879737717270331680e2
0.121059064926849153255e2 -0.919788470034177640770e1
-0.172556178534211376984e2 -0.895096014139929029192e1
0.126578970556956859500e0 -0.429363653424570260604e0
-0.150559707591942116829e-1 0.385851832833384107875e0
-0.887484551388376555507e0 0.177379453655616498183e0
0.640971961441560266609e-1 -0.953385401327598612845e0
0.665042759286594478707e0 -0.390547307019172570822e0
0.104241185618215922531e0 -0.211797229562010749321e0
0.266955137948314413494e0 -0.646255352495797936432e0
0.790403787775233293610e0 -0.184175295849839467356e0
-0.677332599287503431371e0 0.466202699204938483666e0
0.735481123300379225542e0 -0.526516333566514819529e-1
-0.173706140201281533888e0 0.894360045181591086720e0
0.100000000000000000000e1 0.000000000000000000000e0
0.553440255813419122895e0 0.681224563753705901413e-1
-0.439010771687430829166e0 -0.207109736104493856541e0
