
-4.914041269413195e-02 -7.432229750952345e-02
-5.399743871493125e-02 -1.068978079433796e-01
-1.241759783497061e-03 -9.509888211312392e-02
-8.362032214334381e-02 2.649884041709679e-01
2.920964973434265e-01 -1.293119920445924e-01
2.163918224498065e-02 -3.413551364972419e-01
4.817184351351850e-02 -4.392172860587962e-03
-9.275058989237855e-01 7.271217516617460e-01
6.637585391480001e-01 7.137868545540001e-01
-2.150230799066935e+01 -1.005682667350723e+01
8.508052678099480e+00 8.078118526622033e+00
7.947441781426511e+00 -7.396902098372704e+00
-7.364174306465577e-01 5.048096900033337e+00
8.534076439877136e-03 6.724007429937367e+00
-1.546351668454545e+00 -2.842203160581075e-01
1.265789705569568e-01 -4.293636534245702e-01
-1.505597075919413e-02 3.858518328333840e-01
-8.874845513883765e-01 1.773794536556166e-01
6.409719614415590e-02 -9.533854013275985e-01
6.650427592865943e-01 -3.905473070191726e-01
1.042411856182159e-01 -2.117972295620108e-01
2.669551379483143e-01 -6.462553524957979e-01
7.904037877752331e-01 -1.841752958498396e-01
-6.773325992875033e-01 4.662026992049384e-01
7.354811233003792e-01 -5.265163335665149e-02
-1.737061402012814e-01 8.943600451815912e-01
1.000000000000000e+00 0.000000000000000e+00
5.534402558134192e-01 6.812245637537054e-02
-4.390107716874308e-01 -2.071097361044938e-01
