
-3.976379399027800e-02 4.597408178513290e-02
-6.852999213740593e-03 1.300193964668036e-01
-3.879999070466519e-02 8.919118923667563e-03
5.074290525232086e-01 5.700830535643333e-01
1.057552951075195e-01 -2.316161410058870e-01
-2.512366589380640e-01 -1.201596685240106e-01
4.601327539895688e-01 6.263148873402252e-02
-1.195771565800888e+00 -5.099627296752771e-01
8.430449475788033e-01 4.983524264191201e-01
-2.049487911774704e+01 -1.446374887248520e+01
2.385673849453111e+00 7.557408315689233e+00
1.238527832371701e+01 4.533539374931062e-02
1.939132387563875e+00 -1.547983625358734e+00
6.511983565468704e-01 -4.042724843700194e+00
-2.642443871837476e+00 -5.621763964291690e+00
1.265789705569568e-01 -4.293636534245704e-01
-1.505597075919424e-02 3.858518328333841e-01
-8.874845513883767e-01 1.773794536556163e-01
6.409719614415604e-02 -9.533854013275989e-01
6.650427592865945e-01 -3.905473070191726e-01
1.042411856182159e-01 -2.117972295620108e-01
2.669551379483146e-01 -6.462553524957980e-01
7.904037877752337e-01 -1.841752958498394e-01
-6.773325992875036e-01 4.662026992049385e-01
7.354811233003794e-01 -5.265163335665146e-02
-1.737061402012817e-01 8.943600451815912e-01
1.000000000000000e+00 0.000000000000000e+00
5.534402558134190e-01 6.812245637537068e-02
-4.390107716874309e-01 -2.071097361044940e-01
