
2.689617988522167e-01 -1.029234833337237e+00
1.574754075757963e+00 -1.770645734297228e+00
8.402635094164391e-01 -9.883363208016160e-01
2.018050390527643e-01 5.876368074831421e-02
-7.279681907650989e-01 1.340248296368937e-01
-7.499560837131902e-01 -3.081500500613718e-01
-7.905686718129470e-01 2.360264231341859e-01
-1.611560290042099e+00 2.809611532789708e-01
8.357170488720038e-02 -1.408233261684394e-01
-1.372483746024615e+00 1.243910847353931e+00
-3.408672906496852e+00 -1.909882278767741e+00
6.718221625163623e+00 2.219223618467225e+00
9.670507193151625e+00 -7.177129991190858e-01
-9.820380982551185e+00 2.933121083150138e+00
1.283516488346324e+01 -3.099972399808307e+00
1.265789705569567e-01 -4.293636534245702e-01
-1.505597075919432e-02 3.858518328333842e-01
-8.874845513883767e-01 1.773794536556163e-01
6.409719614415615e-02 -9.533854013275986e-01
6.650427592865946e-01 -3.905473070191728e-01
1.042411856182159e-01 -2.117972295620107e-01
2.669551379483144e-01 -6.462553524957978e-01
7.904037877752333e-01 -1.841752958498397e-01
-6.773325992875032e-01 4.662026992049383e-01
7.354811233003794e-01 -5.265163335665146e-02
-1.737061402012817e-01 8.943600451815912e-01
1.000000000000000e+00 0.000000000000000e+00
5.534402558134190e-01 6.812245637537054e-02
-4.390107716874308e-01 -2.071097361044938e-01
