
1.389102001591276e+00 2.132000151614553e+00
1.146050435697705e+00 1.629558751892982e+00
3.477024245856295e-01 6.289857846195768e-01
8.510402050652236e-01 1.239011106375059e+00
3.469813749446130e-01 5.364346646529918e-01
4.735489617119801e-02 1.734726249547142e-02
-7.142517132553183e-01 1.690470891095203e-01
5.304414928405476e-01 2.186277602819252e-01
-3.578931904897414e+00 1.663705205308132e-01
-2.070604264630385e+01 -5.176679101546091e+00
1.610525122001239e+01 7.239608696233954e+00
2.790093663873192e+01 -2.169904161665672e+00
-1.508984991007330e+01 -1.098985666948672e+01
-1.485267537415737e+01 4.252048577292989e+00
-5.370847593763266e+01 -1.938248726161191e-01
1.265789705569568e-01 -4.293636534245703e-01
-1.505597075919426e-02 3.858518328333841e-01
-8.874845513883765e-01 1.773794536556164e-01
6.409719614415603e-02 -9.533854013275984e-01
6.650427592865944e-01 -3.905473070191725e-01
1.042411856182159e-01 -2.117972295620107e-01
2.669551379483144e-01 -6.462553524957977e-01
7.904037877752331e-01 -1.841752958498393e-01
-6.773325992875034e-01 4.662026992049383e-01
7.354811233003790e-01 -5.265163335665141e-02
-1.737061402012816e-01 8.943600451815911e-01
1.000000000000000e+00 0.000000000000000e+00
5.534402558134189e-01 6.812245637537062e-02
-4.390107716874306e-01 -2.071097361044938e-01
