
0.610924911823146993284e0 0.200629068745143078972e0
-0.366640621794957314217e0 -0.120736435349580084766e0
0.482511171178947216955e0 0.206454544753093374102e0
0.217819463421292272039e0 0.721191916849193012800e-1
-0.289723871382012880185e0 -0.129193106146329676152e0
0.419194402348374292231e0 0.176282269737969996535e0
-0.364237858407750479651e1 0.211783996270019924963e1
0.348615819831203570082e1 0.127002060265310753244e0
0.117518810897181421042e1 -0.284360463234889054547e-1
0.485324340695973426296e2 -0.207740011869218800869e2
0.227952476768295353936e1 -0.751438164286167744948e1
-0.558318495589582824770e2 0.248724210527776045943e2
0.444904665911762756680e2 -0.572790284989454388180e0
0.301443224943720936848e2 0.576158538551333577896e1
0.891097039515913763794e2 -0.395881176948649946903e2
0.126578970556956897162e0 -0.429363653424570250087e0
-0.150559707591942075494e-1 0.385851832833384132026e0
-0.887484551388376638990e0 0.177379453655616592156e0
0.640971961441560963480e-1 -0.953385401327598597070e0
0.665042759286594560781e0 -0.390547307019172654089e0
0.104241185618215899858e0 -0.211797229562010775315e0
0.266955137948314438919e0 -0.646255352495797952316e0
0.790403787775233438026e0 -0.184175295849839553238e0
-0.677332599287503578226e0 0.466202699204938635481e0
0.735481123300379333691e0 -0.526516333566515223598e-1
-0.173706140201281480234e0 0.894360045181591299711e0
0.100000000000000000000e1 0.000000000000000000000e0
0.553440255813419212992e0 0.681224563753705834532e-1
-0.439010771687430869715e0 -0.207109736104493799471e0
