
-1.093684316668402e+00 -1.021414195898870e+00
2.312080522804432e+00 -2.370625308946051e+00
-2.728283876697231e-01 2.229694856032351e-01
3.315446989251133e+00 4.498775022730197e+00
-1.396812117957769e+00 -1.984855141524142e+00
-1.344548921281052e+00 -1.602635321877973e+00
6.959470197671955e-01 5.638532609669202e-01
-1.142041189810778e+00 1.754563913586399e+00
7.089490207743852e-01 -3.190098670791731e-01
-1.685793511230311e+01 1.026790389193287e+01
-3.127424724842242e+00 -7.260498410667637e+00
1.592722356350487e+01 6.138249594672480e-01
4.568715883638714e+00 4.620442839377728e+00
1.795902646169957e+00 1.641949303823973e+01
-4.497109788731874e+00 -2.926952678668173e+00
1.265789705569569e-01 -4.293636534245702e-01
-1.505597075919421e-02 3.858518328333840e-01
-8.874845513883765e-01 1.773794536556167e-01
6.409719614415604e-02 -9.533854013275982e-01
6.650427592865945e-01 -3.905473070191726e-01
1.042411856182159e-01 -2.117972295620107e-01
2.669551379483144e-01 -6.462553524957979e-01
7.904037877752331e-01 -1.841752958498394e-01
-6.773325992875033e-01 4.662026992049383e-01
7.354811233003792e-01 -5.265163335665146e-02
-1.737061402012816e-01 8.943600451815912e-01
1.000000000000000e+00 0.000000000000000e+00
5.534402558134189e-01 6.812245637537057e-02
-4.390107716874309e-01 -2.071097361044939e-01
