
0.126305681393318024359e0 -0.235902891101730103371e1
0.493130521151238349802e0 -0.104080353161883730408e1
0.547730437041026151405e0 -0.449140971165566608720e0
0.403696088451643455620e0 -0.479821571368654476298e0
0.534777808696319112091e-1 -0.709739621705453322886e-1
0.610753037141846006708e0 0.110098969459197109570e1
0.149833702815530308411e-1 0.815245281816305876000e0
0.728633985558950921597e0 0.751733505603466229880e0
-0.247104645858778560158e1 0.251728369681751855272e1
-0.198148205133177620456e2 -0.981070422172497163919e1
0.322882678387973507533e2 0.814305238230053496547e1
0.156094664309873877497e2 -0.162554054515166863538e2
-0.621205627495225152397e2 -0.262435679049060116737e1
0.555860269518737212715e1 0.231372376893479188096e2
-0.271484651151613471682e2 0.221475440634549316701e2
0.126578970556956859513e0 -0.429363653424570260631e0
-0.150559707591942116931e-1 0.385851832833384107929e0
-0.887484551388376555615e0 0.177379453655616498237e0
0.640971961441560267151e-1 -0.953385401327598612845e0
0.665042759286594478761e0 -0.390547307019172570876e0
0.104241185618215922545e0 -0.211797229562010749335e0
0.266955137948314413522e0 -0.646255352495797936378e0
0.790403787775233293773e0 -0.184175295849839467356e0
-0.677332599287503431479e0 0.466202699204938483666e0
0.735481123300379225651e0 -0.526516333566514819800e-1
-0.173706140201281533902e0 0.894360045181591086828e0
0.100000000000000000000e1 0.000000000000000000000e0
0.553440255813419122949e0 0.681224563753705901549e-1
-0.439010771687430829220e0 -0.207109736104493856568e0
