
0.899981765633434340965e0 -0.177835256928353384982e1
0.100662445943867045561e1 -0.787243235189850927807e0
0.477443971686412923616e0 -0.363656314943642574602e0
0.697009687752050170143e0 -0.356533802685307334352e0
-0.258627764891664070568e-1 -0.168386422496952063100e-1
0.499775802334169572631e0 0.910841113497652677875e0
-0.678944623918383241882e0 0.109039082764989536949e1
0.901342027349738472350e-1 0.107631758739778791338e1
-0.468732582000969324543e1 0.314912682959344135836e1
-0.134535435891058755518e2 -0.330213533987744044113e2
0.264654091678546675645e2 0.525188492012057590551e2
0.302624446906047221868e2 -0.319062413849764168090e2
-0.602821603201856904553e2 -0.757326710443510895537e2
-0.149894632450595638173e2 0.383048014540283901785e2
-0.488154198874393027881e2 0.324234606658053281028e2
0.126578970556956859527e0 -0.429363653424570260685e0
-0.150559707591942117100e-1 0.385851832833384107929e0
-0.887484551388376555561e0 0.177379453655616498183e0
0.640971961441560267151e-1 -0.953385401327598612899e0
0.665042759286594478815e0 -0.390547307019172570822e0
0.104241185618215922565e0 -0.211797229562010749335e0
0.266955137948314413549e0 -0.646255352495797936432e0
0.790403787775233293773e0 -0.184175295849839467315e0
-0.677332599287503431479e0 0.466202699204938483666e0
0.735481123300379225597e0 -0.526516333566514819597e-1
-0.173706140201281533902e0 0.894360045181591086665e0
0.100000000000000000000e1 0.000000000000000000000e0
0.553440255813419122949e0 0.681224563753705901481e-1
-0.439010771687430829193e0 -0.207109736104493856568e0
