
5.974120599293604e-01 -2.103501423435557e+00
3.507749089579232e-02 -2.599768678469997e-01
4.348682786071349e-01 -3.550254551185745e-01
-1.288960669379101e+00 -9.414240986377153e-01
5.348934444465613e-01 4.238304732868168e-01
1.242408905033363e+00 9.071139608272478e-01
3.561316867325831e+00 8.322101423913932e-01
1.143955702739561e+01 -2.318801823540229e+00
6.730675609975399e-01 1.187535696532055e-01
5.402093092194111e+00 -1.761655289439358e+00
-1.374499462338458e+01 -1.477780407722057e+01
-3.918371778177177e+00 1.832649316980156e+01
4.755247878853842e+01 -1.001122101679517e+00
1.132261348252057e+02 -1.414684791068692e+01
-3.053410053282599e+01 -6.666988181279875e+00
1.265789705569568e-01 -4.293636534245703e-01
-1.505597075919424e-02 3.858518328333841e-01
-8.874845513883765e-01 1.773794536556164e-01
6.409719614415600e-02 -9.533854013275983e-01
6.650427592865944e-01 -3.905473070191726e-01
1.042411856182159e-01 -2.117972295620107e-01
2.669551379483143e-01 -6.462553524957976e-01
7.904037877752330e-01 -1.841752958498393e-01
-6.773325992875033e-01 4.662026992049383e-01
7.354811233003790e-01 -5.265163335665152e-02
-1.737061402012815e-01 8.943600451815910e-01
1.000000000000000e+00 0.000000000000000e+00
5.534402558134189e-01 6.812245637537055e-02
-4.390107716874307e-01 -2.071097361044938e-01
