
-0.945239306678392899238e-1 -0.279685592632198425648e0
0.217307034131510624336e0 -0.919259747192892971222e-1
0.117858028527339226927e0 0.366699376134831894438e0
-0.532757776177527219635e-1 0.399112769677292981968e0
-0.127518348393715884106e0 0.458625144733907752709e0
0.388394766709722804758e0 -0.141049251153763657773e0
-0.101582171058737853698e1 0.118043107513319998870e1
-0.706175705872961124846e0 -0.377235164023732101179e0
-0.200904849575887981309e1 0.175863026887250543419e0
0.151241991195066319623e2 0.212321265737467980202e2
-0.169754348454499134555e2 -0.129797910205916460294e2
0.188271497523380444555e2 0.503297983791588195417e1
0.203028243440351884204e2 -0.259140009646921805064e2
-0.141799805251102736779e2 0.134905518612637083742e2
-0.558030202000374022037e1 0.198134455424021719665e2
0.126578970556956859500e0 -0.429363653424570260658e0
-0.150559707591942117032e-1 0.385851832833384107875e0
-0.887484551388376555561e0 0.177379453655616498237e0
0.640971961441560266880e-1 -0.953385401327598612791e0
0.665042759286594478761e0 -0.390547307019172570876e0
0.104241185618215922531e0 -0.211797229562010749335e0
0.266955137948314413549e0 -0.646255352495797936432e0
0.790403787775233293773e0 -0.184175295849839467370e0
-0.677332599287503431479e0 0.466202699204938483747e0
0.735481123300379225651e0 -0.526516333566514819733e-1
-0.173706140201281533902e0 0.894360045181591086665e0
0.100000000000000000000e1 0.000000000000000000000e0
0.553440255813419122949e0 0.681224563753705901481e-1
-0.439010771687430829166e0 -0.207109736104493856554e0
