
-0.429658110712798611231e-1 0.703383398813676276179e-3
-0.122540876424519569754e0 0.129233636609945578866e0
-0.234442091428002124558e0 -0.526737691670103796651e-2
0.260508130712270446583e0 -0.170027052334589472176e0
0.386870637757938949929e0 0.229220887827387538417e0
0.513457782702255266473e-1 0.873295053242912320190e0
-0.932122227649145359185e0 0.913977146451685365004e0
0.618546649729239136992e0 -0.291862664664129318738e0
-0.358176149434121327193e0 -0.520744462034763019528e-2
-0.106829835338523065182e2 0.255352106462052926244e1
0.105396309686199496306e2 -0.643725463392826994027e1
0.184486100412956212282e0 0.867037807121713322098e1
0.936106861188609271421e1 -0.110044336974336580655e2
0.240914852233399969222e1 0.453704767725599707445e1
-0.170954460475310318168e1 -0.263856487118758698072e1
0.126578970556956859513e0 -0.429363653424570260685e0
-0.150559707591942117371e-1 0.385851832833384107956e0
-0.887484551388376555724e0 0.177379453655616498210e0
0.640971961441560267151e-1 -0.953385401327598613007e0
0.665042759286594478924e0 -0.390547307019172570876e0
0.104241185618215922565e0 -0.211797229562010749348e0
0.266955137948314413576e0 -0.646255352495797936486e0
0.790403787775233293881e0 -0.184175295849839467370e0
-0.677332599287503431588e0 0.466202699204938483747e0
0.735481123300379225705e0 -0.526516333566514819326e-1
-0.173706140201281533956e0 0.894360045181591086882e0
0.100000000000000000000e1 0.000000000000000000000e0
0.553440255813419123003e0 0.681224563753705902023e-1
-0.439010771687430829274e0 -0.207109736104493856608e0
