
3.063903076175087e-01 -2.628197972920032e-01
5.461539097154626e-01 3.555321902210104e-02
3.425927355977427e-01 1.287203103560293e-01
-6.031422925177501e-01 -3.271191386530294e-01
-2.127306779450758e-02 5.615102221426658e-01
7.296613268497435e-01 -1.920373435323623e-01
-2.438031761101469e-01 2.888157338800706e-01
6.892862775676317e-02 2.237088741067212e-01
4.126658158457565e-01 1.209988273891836e+00
-1.038849071098126e+01 -6.954983640758867e+00
6.657227906336988e+00 2.014846187966614e+00
1.839152267058561e+00 -6.343391074379340e+00
2.635392744133474e+00 7.231845408970025e+00
7.204585807174832e+00 7.456910298949398e+00
6.173055159550537e+00 6.742597095783085e+00
1.265789705569568e-01 -4.293636534245704e-01
-1.505597075919418e-02 3.858518328333841e-01
-8.874845513883765e-01 1.773794536556166e-01
6.409719614415588e-02 -9.533854013275987e-01
6.650427592865945e-01 -3.905473070191727e-01
1.042411856182159e-01 -2.117972295620108e-01
2.669551379483143e-01 -6.462553524957979e-01
7.904037877752332e-01 -1.841752958498395e-01
-6.773325992875034e-01 4.662026992049385e-01
7.354811233003793e-01 -5.265163335665163e-02
-1.737061402012814e-01 8.943600451815916e-01
1.000000000000000e+00 0.000000000000000e+00
5.534402558134192e-01 6.812245637537057e-02
-4.390107716874309e-01 -2.071097361044938e-01
