
1.651014051802815e-02 -1.361418929081312e-02
8.858823373272609e-02 2.050030616524785e-01
-1.075931042785252e-01 1.616823429898041e-01
-3.986438030112894e-02 -2.012289634547255e-01
1.835578545838078e-01 3.146469848845761e-02
-3.238358610712502e-02 4.474992007943678e-01
-9.113427556865331e-01 9.153676331148971e-01
6.356044387248367e-01 -1.943576523181866e-01
1.020669395530520e-01 -2.158513822840710e-01
-9.867335991309506e+00 -3.102835100278311e+00
9.573122185637740e+00 -3.934311362129406e+00
-3.140145510131344e+00 1.105449205266273e+01
1.296879151274619e+01 -9.817168484897133e+00
4.982633853900595e+00 2.438350575780432e+00
4.618878829703201e+00 -1.148928764083587e+01
1.265789705569569e-01 -4.293636534245703e-01
-1.505597075919426e-02 3.858518328333841e-01
-8.874845513883766e-01 1.773794536556165e-01
6.409719614415604e-02 -9.533854013275989e-01
6.650427592865944e-01 -3.905473070191724e-01
1.042411856182159e-01 -2.117972295620107e-01
2.669551379483144e-01 -6.462553524957978e-01
7.904037877752332e-01 -1.841752958498395e-01
-6.773325992875034e-01 4.662026992049385e-01
7.354811233003795e-01 -5.265163335665135e-02
-1.737061402012817e-01 8.943600451815912e-01
1.000000000000000e+00 0.000000000000000e+00
5.534402558134192e-01 6.812245637537070e-02
-4.390107716874309e-01 -2.071097361044940e-01
