
2.214512463119664e-01 -1.200227960000465e+00
1.743409955740541e-01 -1.376532821532747e+00
3.804038670034425e-02 -7.041711008099893e-01
2.404591735274117e-01 7.130947303406890e-02
-5.070109375337100e-02 7.990231303406726e-01
-5.095561372995892e-01 1.185685499103448e+00
-2.582210827090129e-01 1.164967107760448e+00
2.211803821917737e-01 3.102959199899916e+00
-2.436664565893733e-02 -7.184643701406618e-02
-6.436173343081995e+00 -1.515810519179785e+01
2.331554620633830e+00 1.458285078049263e+01
5.174641136340639e+00 -1.503360977430010e+00
6.650206229971204e+00 -1.299328960555112e+01
5.954598593886143e+00 2.841469851067189e+01
1.886806747508400e+00 -2.275297441329929e+01
1.265789705569569e-01 -4.293636534245703e-01
-1.505597075919426e-02 3.858518328333841e-01
-8.874845513883768e-01 1.773794536556163e-01
6.409719614415613e-02 -9.533854013275990e-01
6.650427592865944e-01 -3.905473070191725e-01
1.042411856182159e-01 -2.117972295620108e-01
2.669551379483145e-01 -6.462553524957978e-01
7.904037877752332e-01 -1.841752958498394e-01
-6.773325992875033e-01 4.662026992049383e-01
7.354811233003794e-01 -5.265163335665149e-02
-1.737061402012817e-01 8.943600451815913e-01
1.000000000000000e+00 0.000000000000000e+00
5.534402558134192e-01 6.812245637537061e-02
-4.390107716874308e-01 -2.071097361044939e-01
