
-1.689901132915499e-01 -2.102455869412189e+00
3.765539875204652e-01 -1.016690763666136e+00
2.600032003037011e-01 -4.182274279892271e-01
3.585242591592870e-01 -5.510954195427409e-01
-1.502212902841233e-01 -4.235472080660212e-02
8.700750895804594e-01 9.252143893365755e-01
-2.502341650976734e-01 9.654452111010126e-01
5.477916366214195e-01 9.121502060383235e-01
-3.502171301103200e+00 4.920786519771536e+00
-2.898849833764875e+01 -1.573258664006356e+01
5.354336951321841e+01 1.900787386261065e+01
1.603075421703566e+01 -3.700581537285896e+01
-1.018100357964300e+02 -8.017856018508468e+00
1.514143033029939e+00 3.920056100469785e+01
-3.525559202586740e+01 5.361342352149076e+01
1.265789705569569e-01 -4.293636534245702e-01
-1.505597075919424e-02 3.858518328333841e-01
-8.874845513883766e-01 1.773794536556165e-01
6.409719614415609e-02 -9.533854013275984e-01
6.650427592865944e-01 -3.905473070191726e-01
1.042411856182159e-01 -2.117972295620107e-01
2.669551379483144e-01 -6.462553524957978e-01
7.904037877752333e-01 -1.841752958498394e-01
-6.773325992875033e-01 4.662026992049385e-01
7.354811233003793e-01 -5.265163335665148e-02
-1.737061402012815e-01 8.943600451815912e-01
1.000000000000000e+00 0.000000000000000e+00
5.534402558134189e-01 6.812245637537064e-02
-4.390107716874309e-01 -2.071097361044938e-01
