
7.785774389502997e-02 1.705945540783629e+00
7.645046165797416e-01 5.985071035991392e-01
5.382556548194017e-01 8.339612546127364e-01
5.249073946251566e-01 -1.027651921467234e-01
6.029636032016805e-01 1.122581256290182e-01
1.024828310048102e+00 -3.319326166357267e-02
-3.078969139609722e+00 -8.549484809154713e-01
-1.483550819111543e+00 -9.424808827995605e-01
6.637585391479999e-01 7.137868545540000e-01
5.335464782888979e+00 2.050536280615176e-01
9.762867312486346e+00 1.439618019543924e+01
-2.138681967110110e+01 -1.510674339951400e+01
2.484132613767974e+01 -1.936172194371479e+01
-1.709785135730601e+01 -3.671505587544818e+00
4.449665458981272e+01 2.606224945236468e+01
1.265789705569569e-01 -4.293636534245702e-01
-1.505597075919422e-02 3.858518328333840e-01
-8.874845513883765e-01 1.773794536556164e-01
6.409719614415597e-02 -9.533854013275985e-01
6.650427592865944e-01 -3.905473070191725e-01
1.042411856182159e-01 -2.117972295620108e-01
2.669551379483143e-01 -6.462553524957978e-01
7.904037877752332e-01 -1.841752958498394e-01
-6.773325992875033e-01 4.662026992049385e-01
7.354811233003792e-01 -5.265163335665152e-02
-1.737061402012815e-01 8.943600451815910e-01
1.000000000000000e+00 0.000000000000000e+00
5.534402558134190e-01 6.812245637537062e-02
-4.390107716874307e-01 -2.071097361044939e-01
