
0.401655375897978487608e0 0.107457123292965672784e0
0.269632497776699691489e0 -0.135212522391132973422e0
-0.208526691743703421352e0 -0.247493930164212697044e0
-0.389109869548396876068e0 0.172012036062502919744e0
0.253592778053128065020e0 0.451630983007640752840e0
0.713011699810906937451e0 0.556721758499675784362e0
-0.134422140885030006916e1 -0.931510353523659399030e0
0.917002306356405990869e0 0.774703129563051207866e0
-0.370169019049750146568e0 -0.945489946558150725503e-1
-0.118913091122742953587e2 -0.764540190124977339431e1
0.143576352995766322006e2 0.116415872325477992091e2
-0.447789836334038877106e1 -0.979611676020499377165e1
0.136308001029275835487e2 0.955999595476549364655e1
0.171965351714879170243e1 -0.236221185860700569814e1
-0.610293943493951334886e0 -0.305987443531597517890e1
0.126578970556956859513e0 -0.429363653424570260658e0
-0.150559707591942116948e-1 0.385851832833384107902e0
-0.887484551388376555561e0 0.177379453655616498237e0
0.640971961441560266880e-1 -0.953385401327598612899e0
0.665042759286594478815e0 -0.390547307019172570876e0
0.104241185618215922531e0 -0.211797229562010749321e0
0.266955137948314413494e0 -0.646255352495797936432e0
0.790403787775233293718e0 -0.184175295849839467397e0
-0.677332599287503431479e0 0.466202699204938483747e0
0.735481123300379225597e0 -0.526516333566514819936e-1
-0.173706140201281533902e0 0.894360045181591086665e0
0.100000000000000000000e1 0.000000000000000000000e0
0.553440255813419122895e0 0.681224563753705901210e-1
-0.439010771687430829193e0 -0.207109736104493856554e0
