
3.918898211786627e-02 8.227361706008637e-02
5.280232346069772e-02 3.002301080323928e-01
-1.652372798295966e-02 -2.696177819900705e-02
1.851230930256977e-01 1.072653413085049e+00
-3.358581348534642e-01 -1.585740671409886e-01
5.476544443018028e-01 2.355426322228346e-02
1.497819838689043e-01 -1.403543758707374e+00
-5.125095810021435e-01 1.213030292455787e+00
1.565718338099597e+00 -1.425542409686721e+00
4.142386772161227e+00 5.190227249678357e+01
-6.122299812682384e+00 -1.587169886533431e+01
-2.605580119843547e+00 -1.398618197620133e+01
6.462972527215617e+00 1.807392387724226e+00
1.428495034192055e+01 6.924755965735822e+00
3.221090618315673e+01 3.841034665575847e+01
1.265789705569569e-01 -4.293636534245703e-01
-1.505597075919418e-02 3.858518328333842e-01
-8.874845513883766e-01 1.773794536556165e-01
6.409719614415599e-02 -9.533854013275989e-01
6.650427592865946e-01 -3.905473070191726e-01
1.042411856182160e-01 -2.117972295620108e-01
2.669551379483144e-01 -6.462553524957979e-01
7.904037877752332e-01 -1.841752958498395e-01
-6.773325992875034e-01 4.662026992049384e-01
7.354811233003792e-01 -5.265163335665160e-02
-1.737061402012817e-01 8.943600451815915e-01
1.000000000000000e+00 0.000000000000000e+00
5.534402558134193e-01 6.812245637537068e-02
-4.390107716874310e-01 -2.071097361044938e-01
