
0.516065385110630396777e0 0.788722356116149445515e0
-0.246520638102488815402e1 -0.144427090829366627399e1
-0.158490761267210036035e0 0.235536166942606651142e0
0.102906044910308854478e1 0.323442272617985939235e0
-0.154186807722790373014e1 -0.928085853148912753776e0
0.219564890251258515945e-1 0.182669710262655726694e0
0.498206519157780532581e1 0.993900942116194837305e0
0.753427299366567681453e0 0.199055274942240022532e0
0.102855579865080818997e1 -0.180485862525759890296e-1
-0.530940594433542452438e2 -0.662992865237239662000e1
-0.160934293126935874466e2 -0.431228701605960501554e1
0.555569003301769934709e2 0.104842719810454304500e2
0.711976457624801898315e1 -0.135054415608125953771e1
0.295872257253107757511e2 0.475235526158308105348e1
-0.753246473690692166236e2 -0.154621743135960927115e2
0.126578970556956859540e0 -0.429363653424570260631e0
-0.150559707591942116964e-1 0.385851832833384107875e0
-0.887484551388376555561e0 0.177379453655616498183e0
0.640971961441560267151e-1 -0.953385401327598612791e0
0.665042759286594478761e0 -0.390547307019172570822e0
0.104241185618215922545e0 -0.211797229562010749321e0
0.266955137948314413549e0 -0.646255352495797936378e0
0.790403787775233293773e0 -0.184175295849839467343e0
-0.677332599287503431479e0 0.466202699204938483666e0
0.735481123300379225597e0 -0.526516333566514819055e-1
-0.173706140201281533929e0 0.894360045181591086720e0
0.100000000000000000000e1 0.000000000000000000000e0
0.553440255813419122895e0 0.681224563753705901617e-1
-0.439010771687430829166e0 -0.207109736104493856568e0
