
6.760663800939485e-01 -1.154847729634731e+00
-3.801649624866037e-01 -7.303175807267437e-01
6.282540617329526e-01 -4.983525158293260e-01
-3.757073132270344e-01 2.827430242792087e-01
-3.602946648971426e-01 -5.549645318285871e-01
3.201477939185123e-01 3.011568561072526e-01
-5.764469978083311e-01 -2.252350255648353e+00
9.894624221427271e-02 -1.000623198301249e+00
1.794067057553730e+00 2.079020800494844e-01
-1.205116625980677e+01 1.484836945240449e+01
6.383338200567200e+00 1.860855830641198e+01
-1.022962901443497e+01 -2.756451857400061e+01
2.125572711074315e+01 -2.134688314358437e+01
1.048999233041852e+01 -9.791071947801672e+00
2.253022167113226e+01 4.585220221229498e+01
1.265789705569568e-01 -4.293636534245702e-01
-1.505597075919425e-02 3.858518328333842e-01
-8.874845513883766e-01 1.773794536556165e-01
6.409719614415603e-02 -9.533854013275985e-01
6.650427592865945e-01 -3.905473070191725e-01
1.042411856182159e-01 -2.117972295620107e-01
2.669551379483144e-01 -6.462553524957978e-01
7.904037877752332e-01 -1.841752958498394e-01
-6.773325992875033e-01 4.662026992049385e-01
7.354811233003791e-01 -5.265163335665152e-02
-1.737061402012816e-01 8.943600451815912e-01
1.000000000000000e+00 0.000000000000000e+00
5.534402558134190e-01 6.812245637537057e-02
-4.390107716874307e-01 -2.071097361044938e-01
