
9.386500492279723e-01 -1.715656066326835e+00
-5.493922745986856e-01 -1.181233312859227e+00
3.745001404391178e-01 4.073012574138762e-01
-9.256212998968109e-02 1.339882770152011e+00
8.254352548578870e-01 -7.572126000232106e-01
1.272227876469274e-01 7.181688061144146e-01
-1.311821822775965e+00 -1.122107423006360e+00
-1.631741396712850e+00 7.028712578430678e-01
6.838756924309695e-01 5.749892446026764e-01
-1.840062424073975e+01 3.035887335058618e-01
1.321369212480431e+01 1.410110512623124e+01
-2.311114559236099e+00 -2.017968475064023e+01
7.996308683811890e+00 7.778007208266668e-01
-1.268202074024330e+01 3.768174775595420e+00
1.186444738493156e+01 1.924692238386071e+01
1.265789705569569e-01 -4.293636534245702e-01
-1.505597075919432e-02 3.858518328333841e-01
-8.874845513883763e-01 1.773794536556162e-01
6.409719614415621e-02 -9.533854013275986e-01
6.650427592865946e-01 -3.905473070191725e-01
1.042411856182160e-01 -2.117972295620107e-01
2.669551379483146e-01 -6.462553524957979e-01
7.904037877752335e-01 -1.841752958498394e-01
-6.773325992875034e-01 4.662026992049383e-01
7.354811233003792e-01 -5.265163335665141e-02
-1.737061402012818e-01 8.943600451815910e-01
1.000000000000000e+00 0.000000000000000e+00
5.534402558134188e-01 6.812245637537079e-02
-4.390107716874308e-01 -2.071097361044939e-01
