
-1.783256051565181e+00 2.703279224801431e+00
8.200596312506967e+00 -2.503266851568748e+00
-3.865393598985079e+00 -3.697723085692252e+00
-1.217630894027990e+01 -1.316603157138966e+01
1.718792662222385e+00 1.130284715185672e+01
5.353320578810585e+00 -2.454898097021855e+00
4.771902958488263e-01 1.147606895619054e-01
-3.794366144076032e-01 -8.523692607145363e-01
6.637585391480000e-01 7.137868545540000e-01
-9.785345330908777e+00 -1.354725196358985e+01
-3.461320475901556e+00 4.226567441107157e+00
1.020138559975596e+01 8.560011715973737e-01
7.266813460677260e+00 2.179121764466390e+00
7.841754795414896e+00 -5.672809165408017e+00
2.245149874078801e+00 -3.148910638544578e+00
1.265789705569568e-01 -4.293636534245702e-01
-1.505597075919418e-02 3.858518328333840e-01
-8.874845513883763e-01 1.773794536556164e-01
6.409719614415604e-02 -9.533854013275983e-01
6.650427592865942e-01 -3.905473070191724e-01
1.042411856182159e-01 -2.117972295620106e-01
2.669551379483142e-01 -6.462553524957977e-01
7.904037877752331e-01 -1.841752958498394e-01
-6.773325992875032e-01 4.662026992049384e-01
7.354811233003791e-01 -5.265163335665145e-02
-1.737061402012814e-01 8.943600451815911e-01
1.000000000000000e+00 0.000000000000000e+00
5.534402558134189e-01 6.812245637537057e-02
-4.390107716874307e-01 -2.071097361044938e-01
