
2.541922697004499e-01 2.957236465254768e+00
-1.001568042987967e-01 1.288427396355544e-01
4.422880233936463e-01 4.495205502343093e-01
-1.758440074126623e-02 3.289743995019777e-01
-2.905712775163424e-01 -1.092126566311004e-01
3.241007284923579e-01 -8.508247457741419e-01
-4.046732962463870e-01 1.101962297819014e+00
3.465923385195606e-01 2.355638415071373e+00
5.856072789611058e-01 -4.560600300957092e-01
-6.593760753751332e-01 -6.327220807515745e-01
-4.189798300541129e+00 -2.488790690964399e+00
-3.572754059825822e-03 5.432943477717541e+00
2.228263228813109e+01 4.527689285031293e-01
8.571564686297346e+00 2.097858686471181e+01
1.254752191339930e+01 -1.895238679331391e+01
1.265789705569569e-01 -4.293636534245701e-01
-1.505597075919422e-02 3.858518328333841e-01
-8.874845513883765e-01 1.773794536556164e-01
6.409719614415604e-02 -9.533854013275985e-01
6.650427592865944e-01 -3.905473070191725e-01
1.042411856182160e-01 -2.117972295620108e-01
2.669551379483144e-01 -6.462553524957978e-01
7.904037877752332e-01 -1.841752958498394e-01
-6.773325992875034e-01 4.662026992049385e-01
7.354811233003791e-01 -5.265163335665138e-02
-1.737061402012816e-01 8.943600451815912e-01
1.000000000000000e+00 0.000000000000000e+00
5.534402558134193e-01 6.812245637537068e-02
-4.390107716874309e-01 -2.071097361044939e-01
