
5.023068561084716e-01 2.068227663520948e-01
6.431909970289398e-01 2.557814091313393e-01
7.033365325588863e-01 3.094668556694818e-01
5.566908041982686e-01 1.933840166386561e-01
1.248364325942030e-01 -9.116889688599420e-03
4.624754232806246e-01 1.935841372164696e-01
-5.937533988650766e+00 -1.031209677206418e+00
-4.225624142502848e+00 -6.542393815937055e-01
2.557467854188809e+00 3.951519068090747e-02
-1.535176886401748e+01 3.162038542366719e+00
1.017772007531655e+02 1.628062518783591e+01
-8.135334834219321e+01 -1.385015614371537e+01
-1.141105001866903e+02 -2.527078407422713e+01
-2.098481518533565e+01 -4.489263516188585e+00
1.294622690507078e+02 2.210874553186041e+01
1.847623898640592e-01 5.544717411581271e-01
8.939033258387702e-02 8.660992374128204e-02
1.000000000000000e+00 0.000000000000000e+00
-4.479865689678011e-02 9.444699517685146e-02
5.807001608058590e-01 -5.250613901848782e-01
4.171646338213579e-01 4.878513672564116e-02
8.407611310528242e-01 -3.499256136369887e-01
-1.238623243266482e-02 -5.677293747303940e-01
1.658777170460158e-01 2.565384458746371e-01
-3.256669716027036e-01 -4.271300243169034e-01
7.085460463021567e-02 3.352978739837598e-01
-4.336030723892583e-01 -7.425940801962256e-01
-2.579831172156190e-01 -2.604499254067101e-01
-7.163937783178202e-02 4.537402244194537e-02
