
-0.188790767581441259321e1 0.133817184109429900679e1
-0.898757849585470859339e0 0.981080918529608601777e0
0.605512216807058242861e0 0.105333739469999217598e1
-0.386135325686759060517e0 0.660409907486803257929e0
0.468077153007668285477e0 0.518566902427938411307e0
0.580678314528122350860e0 -0.264085982049106410329e0
0.149829850820010547843e0 -0.309879261645068851735e2
0.117219875812217501874e0 -0.311890340131706155537e2
-0.757177237901609712003e1 -0.188456625865838636041e0
0.167568417858795880304e2 0.121342298140447789545e4
0.400459245727328052647e2 -0.215061826449944245354e4
0.397014595821422391977e2 0.420164364271898382958e3
-0.167346006377971773985e3 0.385897722718577328949e4
-0.162968929590917604089e1 -0.792014403617431249516e3
-0.366393005575879607237e2 0.113073512767186253304e3
0.118140893584082785207e0 0.495115859478661673104e0
-0.114618339973261500748e0 0.144081839668238280455e0
0.592359081680132501632e0 -0.992385770290770664014e-1
0.357331617396358377852e0 0.449206465837301336661e-1
0.749297156989848128544e0 0.150992129630411639713e-1
0.350954649199403429568e0 0.206807792938749483461e0
0.100000000000000000000e1 0.000000000000000000000e0
0.239657791660883811211e0 -0.140618853962243717059e0
-0.100500712443762335961e0 0.166005562346093365072e-1
-0.109888647112481005179e0 -0.106863508627403188109e0
-0.427186746784352534015e0 0.302419534749803346361e0
-0.487103600455362779328e-1 -0.183291673806536877688e0
-0.127258920440446723888e0 0.619612494526409974589e-3
-0.962605777491984778010e-2 -0.169648978497037019155e0
