
0.192108105859624558840e0 -0.644578897969489026168e0
0.389463727290620141159e0 -0.361330829067532406364e0
0.363831758341342498627e0 -0.146834389956579754820e0
0.409990938680954154956e0 -0.894235849028116473451e-1
0.306438925907170682463e0 0.461915202743855015884e-1
0.199295549187508860958e0 0.112518296940274943030e0
-0.658784546935773429111e0 0.119554198105596088775e1
-0.372546711196749079278e0 0.128819527084398722421e1
-0.187357797453750652284e1 0.101414411030741562431e1
0.129481444745288894627e1 -0.259274161541622004054e2
0.256567089493025869999e1 0.304948442254046750647e2
0.154046523041842206066e2 -0.789422593641791761534e1
-0.114777477653852529507e2 -0.464050600076585988939e2
-0.670014894700646367921e1 0.240151707255950010167e2
-0.899691057099943009706e1 -0.453232989117118717157e1
0.263434563116467991561e0 0.447641726968139922502e0
-0.172267011283508371969e0 0.388125956482497173940e-1
0.754045470036282652621e0 -0.340664601329685526375e0
0.360389284912801818921e0 0.186188302799911837014e0
0.632284176138341737705e0 -0.331719757305690602191e-1
0.364129455388259617641e0 0.858627888448228132224e-1
0.100000000000000000000e1 0.000000000000000000000e0
0.128295712124371028787e0 -0.874706925165017023366e-1
-0.126105352385198658327e0 -0.267263701566466205021e-1
-0.215555609496470136245e0 -0.844363336723619476647e-1
-0.452090916871708407008e0 0.959631594707691400989e-1
-0.417889675405551232559e0 -0.139403587458865048216e0
-0.277318530847888758303e0 0.489567487661068187629e-2
0.539593131676349612752e-1 -0.165987068810642918334e0
