
-0.464015957612770994339e0 -0.175360390321536040924e0
0.147652899096599073421e0 -0.715535363477663461783e0
-0.141286471173074793141e0 -0.136748708593277503076e-1
0.101339775223843542068e1 0.181612229256813279758e0
-0.244688573112960480643e0 -0.648953068532658628733e-1
-0.549381794625664426315e0 -0.625183893527723884246e-2
0.363257427453377278355e0 0.911918559821130453660e0
-0.152546556219656815657e1 0.169009982928136702810e1
0.585525910897426661757e0 -0.286979855904772678768e0
-0.142083703408547577535e2 0.602675279300175023925e1
-0.306540546762625773806e1 -0.722699709752788736674e1
0.147638812403027977586e2 0.438471332781933082661e1
0.414178550623895767868e1 0.210275539653279277749e1
-0.284471031719855632072e1 0.171403745140313468302e2
-0.496042802982154402633e0 -0.878758477905843653731e1
-0.606284636025986951565e0 0.149392834672170505465e0
0.131529511996588306747e0 0.207181922716287818254e0
-0.213345378542210338600e0 -0.332130642860928547094e-1
0.914303306996399564350e-1 0.376969707640842064972e0
-0.630461731152436502545e0 0.199554686357024868413e0
-0.460551241112289952412e0 0.369971426621524247341e0
-0.470324943580629707733e0 -0.979399773014189969084e-1
-0.579722461536858145611e0 -0.108633373671637454739e0
0.100000000000000000000e1 0.000000000000000000000e0
-0.598805668731568854735e0 0.129763869995870666316e0
0.162325382697240083670e0 0.157188021491424944774e0
0.728513917302928447811e-1 0.710522071380802890865e0
-0.129621367370556762498e0 0.291470525866239393311e0
0.118327157113757840633e0 0.195926395813695183949e0
