
-5.756850702066409e-01 -5.451146581321064e-01
-5.896088828268110e-01 -6.932369322872389e-02
4.254630040359297e-01 2.654424371704517e-03
-2.619143964863758e-01 2.616196247871733e-01
-9.660747612456397e-02 -2.670959625541984e-01
8.375994666930169e-01 2.834950333449330e-01
5.893558593101905e-01 -1.165995435052714e+00
4.622534155967324e-01 -2.863096768532976e+00
1.828900393154582e+00 6.857499549431477e-01
-5.790378030411910e+00 -3.283706625564562e+01
-1.740565135312359e+01 3.382761890229448e+01
4.555390362995458e+00 -7.835887224081270e+00
4.661340701512967e+01 -3.153904057762782e+01
1.604355774630969e+01 -2.658282075972428e+01
8.994254707524213e+00 2.971625480162687e+00
1.047132350203194e-01 6.298300953655773e-01
7.864622927871145e-02 5.083099475832360e-02
1.000000000000000e+00 0.000000000000000e+00
3.063737086952369e-02 2.245714075676384e-01
4.781839915071514e-01 -3.135515716737105e-01
3.669978963523095e-01 1.592882437902923e-01
7.661101001479139e-01 -1.624432743465286e-01
-1.093315764304673e-01 -4.360661499181896e-01
2.709726907028489e-01 9.884921650730054e-02
-3.989835095586077e-01 -3.231204964853046e-01
3.309208046778375e-02 2.066574549152662e-01
-4.239315907030711e-01 -6.021887382154534e-01
-2.849546806569830e-01 -2.015309388287864e-01
1.425009179936219e-02 4.483586304846938e-02
