
-1.755949151859420e-02 -3.091151261583243e-03
2.059035742626790e-02 5.501290099382828e-02
-8.712458416962974e-03 -2.460002965926261e-02
1.863286952865257e-02 1.841691091178961e-02
5.797192074263229e-04 1.388378240975919e-02
-1.073378010058370e-03 -1.532575965020637e-02
-9.071846788120526e-01 9.497888390022059e-01
4.813876632572953e-01 -1.362705471364873e-01
-4.053569944931661e-01 3.475899636498260e+00
1.671733032475033e+01 1.569601408010828e+01
3.980982264675902e+00 -1.138343718576716e+01
-6.452171661196150e+00 -2.111342826709394e+01
-1.354206786973683e+01 4.397051566594351e+00
1.202209115635852e+01 2.750457229538932e+01
3.031204265810039e+01 5.680703887100854e+01
2.068507257667756e-01 5.935981524743987e-01
-6.743285109539053e-02 5.343958598317738e-02
8.694574466344906e-01 -1.203425075669926e-01
2.658154743858036e-01 1.516106387140467e-01
7.024457085008825e-01 -8.658509652197177e-02
4.313577878957300e-01 1.705805728718678e-01
1.000000000000000e+00 0.000000000000000e+00
1.131841519805075e-01 -2.011905954312053e-01
-3.562027047062770e-02 -2.523951343190734e-02
-2.201452434152310e-01 -1.705354468847321e-01
-2.923837390901598e-01 1.766478435101572e-01
-2.940621363877989e-01 -4.008453137569981e-01
-2.278436002378440e-01 -9.487845657836658e-02
3.083124925438413e-02 -1.141912907338046e-01
