
-4.876569954654503e-01 -2.548051453479305e+00
-1.074549666518300e-01 -4.496255862337869e-01
1.088927914514809e+00 -8.449148847359145e-02
2.086368227474678e-01 4.782013324298714e-01
-2.264482199430176e-02 -3.262584162634057e-01
1.554859265939372e-01 6.111437980344681e-01
-4.361868743409831e-01 3.995048079623102e-01
1.713759881647034e-01 -2.776568978904331e-01
-1.731316974577698e-01 1.062513696686019e+00
-1.480214003344191e+00 -1.239000835718922e+00
1.756635415164950e+00 -2.457686510986196e+00
3.676673812786246e+00 -3.250429685096702e+00
4.044757869481089e+00 2.447659554895357e+00
5.511011669187951e+00 5.349080236139041e+00
6.774673027476503e+00 1.047667014985289e+01
1.987750193161960e-01 6.614576098333206e-01
-5.110913542592305e-02 -9.740755340339097e-02
1.000000000000000e+00 0.000000000000000e+00
1.941316227116173e-01 2.940162992538723e-01
5.858321414592578e-01 9.639339359626559e-02
4.441483289636149e-01 2.180664429252309e-01
8.560908575044995e-01 3.068419692541109e-01
2.720016608401338e-02 -6.389899006316586e-02
-3.990033512867939e-02 -2.137083533723699e-01
-2.190085696682179e-01 -1.402620262919290e-01
-2.180282899232321e-01 -1.184815762008655e-01
-3.758341382924884e-01 -5.378824718913507e-01
-2.556409477137477e-01 -1.748076758689098e-01
1.301957301398580e-01 -8.299357785667344e-02
