
0.185855069480323061744e0 -0.261535384196747625361e0
0.397830218332452623532e0 -0.310363851142594103190e0
0.627915508902565534387e-1 -0.722133751715337507355e-1
-0.318272820160912337396e0 0.231950150517729865882e0
-0.460458203830095175944e0 0.300613482557761306545e0
0.458881753720013267845e0 -0.339986233672949375638e0
-0.137740574301026319709e1 -0.621778915090162189296e-1
-0.110792437019075833383e0 -0.362360393340922952159e-1
-0.155288803990150723157e1 -0.157668753823938059247e0
-0.585941183512386070059e1 0.143138097904369980079e0
0.146451382387247299474e1 -0.100579292826000609893e1
0.109103497483229524489e2 0.132969615374487696636e1
0.206440336386946000653e2 0.229562360427271894021e1
-0.135882142745591967268e2 -0.191486494741389614617e1
-0.147846218035707393660e2 -0.243876170217708892075e1
0.249095513942550519389e0 0.304625052441321964573e0
-0.275989730358443210230e0 0.494102333727845038452e-1
0.649103805494384294419e0 -0.522979545171223806710e0
0.432353663169688078922e0 0.250825517095487223520e0
0.541876410056358316864e0 0.152905405448763797812e-1
0.254607680395901838559e0 0.245491148688903476445e-1
0.100000000000000000000e1 0.000000000000000000000e0
0.130669639855312228933e0 -0.249071872030317981827e-1
-0.151907264591907865310e0 0.326494466756202316737e-1
-0.247003760202456268638e0 -0.442582004513189842962e-1
-0.613397900357094803532e0 0.437086988940428658196e-1
-0.546020257259483971488e0 0.131321251400874405483e0
-0.342598449160311788604e0 0.978813289060138253808e-1
0.719388612039867069705e-1 -0.197851232508264858606e0
