
-7.774537356606457e-03 5.630397791327624e-04
-3.951535539268914e-02 4.069038294860026e-02
4.270037065086379e-02 1.811231704731770e-02
-1.774039835212960e-02 4.123462515570852e-01
3.196693043810777e-01 -1.082756716670008e-01
-1.769915536372692e-01 -2.117757639175852e-01
2.127621075849063e-01 5.256692699566989e-01
-5.107957720510478e-01 -1.158408483145892e-01
7.054997093008772e-01 1.250889710619308e+00
-1.038324296629728e+01 -2.126974730398031e+01
1.934396412539991e+00 7.552020959160137e+00
6.283149672842755e+00 -1.255473967403216e+00
2.885831247436336e-01 5.191692867246749e+00
6.915570297588565e+00 2.945556539826781e+00
7.257162160675609e+00 -7.253916063885399e+00
1.564555337553674e-01 7.109299667644069e-01
2.422211436844635e-02 -3.211853119745120e-02
1.000000000000000e+00 0.000000000000000e+00
1.692068103836505e-01 2.708765086914786e-01
5.443015276646958e-01 -2.854582905854203e-02
4.316088758823192e-01 2.439326129678837e-01
8.123334933838373e-01 1.264560702442928e-01
-6.217335711654987e-02 -1.847280753732576e-01
1.323104662039387e-01 -1.603457407061346e-01
-3.159603275248546e-01 -1.633961055776882e-01
-9.906222597610574e-02 2.387098264815064e-02
-3.440613549533197e-01 -5.399828397576281e-01
-2.549268963240353e-01 -1.597949427050094e-01
1.000302682594750e-01 -3.408750706985676e-02
