
-5.794461546773462e-01 -2.965977508323078e-01
-2.772677496373608e-02 -2.834896670577655e-02
-6.217525893557132e-02 -5.839542745811575e-02
1.774091506730303e-01 2.717984605626458e-01
3.324888727071260e-01 5.096344314164658e-01
6.229507392596401e-01 9.554959999743193e-01
-1.946016415241448e+00 -1.110223024625157e-16
-7.126284498615908e-01 5.551115123125783e-17
-5.940476472225578e-01 2.775557561562891e-17
2.484748928483597e-03 5.486062992776652e-17
2.666093773553496e-01 2.747801985947262e-15
-1.420500143031835e-01 -1.526556658859590e-15
2.860673739667797e+01 1.776356839400250e-15
-1.524172741662188e+01 -2.664535259100376e-15
8.120823127127407e+00 0.000000000000000e+00
2.502468311756945e-01 4.313801846948122e-01
-1.499945283985645e-01 -2.435578535301713e-01
1.000000000000000e+00 0.000000000000000e+00
4.962204697971183e-02 3.688556649537462e-01
4.537147659139816e-01 1.370290284849470e-01
3.712736566944487e-01 4.915018118825543e-02
7.320224036489640e-01 5.103308979536398e-01
8.815438350474510e-02 2.523707959357878e-02
-2.620497814043122e-01 -1.529315142244103e-01
-1.032403650122789e-01 -2.136811448559228e-01
-2.708496815170621e-01 -4.191334164228149e-01
-6.139653598449464e-01 -6.011184865846235e-01
-3.097722706292586e-01 -2.691139586438649e-01
1.590761953270142e-01 -7.893877468959568e-02
