
-0.110939476717472720847e1 0.426343700294360454723e-1
-0.582067517467869766188e-1 -0.685555876898938830835e0
0.247702519282582435525e0 0.368990434622903191065e0
0.735821372671372870298e0 0.105408231707272117614e0
-0.535477424998071422193e0 0.800933984499344480443e-1
0.373573394503354338223e0 -0.148042601736708163127e0
0.162224213020194417141e1 0.902181059420082986255e-1
-0.399143438001564474817e0 0.236697731337126086025e1
0.417038498755991125701e0 -0.100842704879390756038e1
0.636609873891492682738e1 0.227502822704729091748e2
-0.257154954076358007991e2 -0.218365722830528450737e1
0.235458105030454471034e2 -0.596304777308644200651e1
0.113297746515739798006e2 -0.120868734659595495062e2
0.148071479857538560810e2 0.209961028487200881479e2
0.104130787716594982225e1 0.803061824346128984731e1
-0.132693544070343580186e0 0.265752962527023162815e0
0.132512880738080198500e0 0.102477476478219672720e0
-0.418366504138496205552e0 0.452331106684052826252e0
0.226587091513620669239e0 -0.328079690690157574253e0
0.311049413270390492106e0 0.452495783015271477466e0
0.136833627071033801066e0 0.377741574873494165927e0
-0.453633605699422221393e-1 0.274445672462333607538e0
0.224720377319449804261e0 0.290519378451053854199e0
-0.104307943403587246568e0 -0.423587048563542370650e0
0.341339967085595092608e0 0.307639009716366948970e0
0.923504659928056044141e-2 0.229656394028774020005e0
0.100000000000000000000e1 0.000000000000000000000e0
0.425729632212240266439e0 0.962512356315781752113e-1
-0.163954462473489318698e-1 -0.115434063639568888514e0
