
-2.662231009230864e-01 -4.594546812557536e-02
-3.853680806654736e-01 -8.523578360671183e-02
-2.938068023887488e-01 6.685893211242397e-03
4.119855036979078e-01 -2.653383502477007e-02
-2.712529235300674e-02 2.001199256905789e-02
-1.457624027748214e-01 7.247930315034543e-02
-8.728429038237633e-01 1.177969723903758e+00
-5.332699782343850e-01 2.800838489463713e-01
8.329303331157940e-01 -5.385983331474009e-02
-1.030931035123941e+01 -6.926831528742579e+00
8.412357213097728e+00 -5.284535926233563e+00
-4.588171432989958e+00 1.227517611504376e+01
9.454992680790438e+00 -2.228088036620802e+00
7.824899007928661e-01 6.130794830714480e+00
1.653186809319881e+01 -1.776609303187094e+01
-4.701439394596976e-01 5.220373809679603e-01
1.865830285834277e-01 1.196021739996622e-01
4.929219267779001e-01 1.041564399937071e-01
-7.217357891209225e-03 5.106371630775892e-01
-3.165484345975712e-01 4.106998773365603e-02
-1.672510203372292e-01 4.187662937275299e-01
-5.053978466920395e-02 -1.917098035347952e-02
-5.898963719416603e-01 -3.203112755938560e-01
1.000000000000000e+00 0.000000000000000e+00
-7.208490264015733e-01 -1.162534037765773e-01
2.463758704999420e-01 1.028241825660837e-01
-2.242403583563059e-01 8.514152222759538e-02
-2.801433364675077e-01 3.926834270800117e-02
1.447600412545647e-01 2.301501404147999e-01
