
-7.106804348232170e-01 -1.891479659947730e-02
1.136546617567846e-02 -4.808116229900992e-01
2.223637857591402e-01 2.167047786414286e-01
4.268406236028941e-01 3.241543542104421e-01
-3.250973658728090e-01 1.267653640072954e-01
3.332652517387933e-01 -1.526954618302331e-02
3.058489297172754e-01 1.187548589493288e+00
-1.447819961037588e+00 7.412109191623979e-01
2.603410957729533e-01 -8.519304928437530e-01
-8.970454943737968e+00 1.570032710704043e+01
-9.173737168982299e+00 -1.574674844450986e+01
1.750144435031712e+01 1.332826750720173e+01
1.159924588101762e+01 -8.456294002482522e+00
-4.517997412359218e+00 1.171833852295518e+01
-2.628790937279653e+00 -7.244033104557909e+00
-1.645090939549120e-01 2.812381410898915e-01
1.831842500864334e-01 9.686463553829189e-02
-4.294881529447175e-01 4.710763240684369e-01
1.868161333265546e-01 -3.059871470470251e-01
2.096939653278909e-01 4.315919838847960e-01
1.089733512523524e-01 3.941265108551001e-01
-1.645806015138235e-01 2.426946768759543e-01
1.329157126658002e-01 2.718656149737896e-01
4.210861640262797e-03 -4.478690704804271e-01
2.862598682398771e-01 3.204207483100306e-01
1.126984493609597e-01 2.217737319242334e-01
1.000000000000000e+00 0.000000000000000e+00
4.244787510910412e-01 9.717418556338500e-02
-5.659668059376989e-03 -7.303568972375689e-02
