
8.533788171179179e-01 1.306440996882086e+00
-2.281162357646796e-01 2.761497924569691e-02
4.816080351714004e-01 2.994850917431787e-01
-2.257308674295451e-01 9.382006561888659e-02
2.401502222592410e-02 -5.051982217575530e-02
4.563904778956718e-01 -1.231625288206867e-01
2.756604519978441e+00 1.105602619379565e+00
4.028470418564303e+00 3.757623585026404e+00
8.227474779763969e-01 -2.211704820991542e-01
-7.024279470078277e+00 6.072707682453537e+00
-1.958071273730521e+01 -2.495020183886311e+00
1.775676031848056e+01 -2.806913416003832e+00
3.104388212430838e+01 5.253929301477253e+00
5.109168916951828e+01 3.440114973664986e+01
-2.401960265423010e+01 -1.132663698393078e+01
-4.021347346149137e-01 3.278273501835443e-01
1.438998949876931e-01 1.260968870403097e-01
2.667141295457958e-01 -1.628045845277452e-01
5.402391955849897e-02 4.916378586810252e-01
-5.042479774226295e-01 -5.058819131869424e-03
-2.666668215164447e-01 2.986815613438289e-01
-2.110634013711413e-01 -1.795413259231239e-01
-6.606206746507026e-01 -2.376307039459822e-01
1.000000000000000e+00 0.000000000000000e+00
-7.491016686435537e-01 1.150294012864356e-02
2.169364824401228e-01 8.249158573569351e-02
-3.169317267471544e-01 4.013971835271283e-01
-3.016958615346794e-01 1.733730704007757e-01
1.460349029616885e-01 2.161390717262604e-01
