
-8.303620579205645e-02 5.141743896640807e-02
8.356973396078610e-02 -6.582310841420289e-02
9.484487632805766e-03 2.442137980904561e-02
-4.095558622556424e-02 -5.526282424670277e-02
7.272507146013060e-03 -6.441660091821079e-02
2.357195776367248e-03 8.096367271859795e-02
5.082983077558845e-02 -7.844254041563120e-01
1.462336215727965e-01 1.791157530656470e-01
-2.660276291868603e-01 -1.081921402469313e+00
4.304271792025877e-01 5.252493222694287e+00
2.525167136592679e-01 3.021479353888445e+00
7.524127732810577e+00 -5.922014050915478e-01
-6.461638644830055e+00 -1.582696540271304e+00
9.395688591839356e+00 -7.226274615393415e+00
6.031211465627467e+00 -3.669796682422982e+00
-1.220941746800905e-01 1.592129796769404e-01
2.343163572479645e-01 2.016141827320800e-01
-5.403005874065574e-01 3.839597731477984e-01
1.124916715491857e-01 -4.626970552732799e-01
2.011041300689954e-01 1.091551296455477e-01
8.905982300469956e-02 2.663321559723752e-01
-1.921071769891150e-01 -1.497604422492771e-01
1.383775768244804e-01 6.526550789567878e-02
4.961347792044810e-02 -2.240087993667565e-01
2.718460668277069e-01 2.376030308419949e-01
2.244359029381207e-01 4.736417048821575e-01
1.000000000000000e+00 0.000000000000000e+00
4.485764557835225e-01 1.066635225395233e-01
-1.206309130625170e-01 -3.648477795102709e-02
