
1.267382958353847e-02 -5.553138942320373e-01
2.308821760789705e-02 1.902683642719122e-02
1.110629029898774e-01 -1.806200381508311e-01
-1.574303077182044e-03 3.439455392336254e-04
3.948818335215164e-03 1.071614775883950e-02
7.137707555471004e-02 -3.816445234479391e-02
-1.069497123086305e-01 -1.070270791083871e+00
7.697911842363988e-01 -1.559270635930385e+00
6.637585391480001e-01 7.137868545540000e-01
-2.528731451301085e+00 3.216865236179625e+00
-5.656968892682367e+00 1.183038173121814e+00
1.527097606620569e+00 -9.804041450291358e+00
2.583545405328465e+01 7.041576766746336e+00
1.272035888191036e+01 -1.362272835713925e+01
7.838347066938110e+00 2.215440150030595e+01
1.625608784958134e-01 7.812187761935486e-01
8.113348728874216e-02 -7.611209589053403e-02
1.000000000000000e+00 0.000000000000000e+00
1.808596744107226e-01 3.132155158660746e-01
4.380863325648625e-01 3.891562201596858e-02
4.411178665221030e-01 2.957090130564665e-01
6.740279105068616e-01 1.719136040409862e-01
-1.831700822135586e-01 -1.076691591784265e-01
2.286382860460147e-01 -3.188586255973595e-01
-3.682948931271072e-01 -6.670059970572234e-02
4.888793749486212e-03 -5.491711968673734e-02
-3.221407961874396e-01 -5.218539765851262e-01
-2.472253329121333e-01 -1.368690997255570e-01
1.505625059999248e-01 -9.104397591178003e-03
