
-1.758726185573876e-03 -5.030495767478158e-02
-2.566062178219794e-03 -6.003888176238541e-02
4.582559926389206e-02 -7.086027292187390e-02
-3.834936734516543e-02 2.517168869882303e-01
2.858351849821715e-01 -1.373205108000666e-01
4.010809353073932e-02 -2.014119293134487e-01
4.093689727684804e-01 -1.839908074025180e-02
-9.784336542628620e-01 8.174539231965466e-02
1.046863227315229e+00 6.860541465502171e-01
-2.675832601391899e+01 -1.311609259926902e+01
7.479471729939929e+00 7.952057435235384e+00
9.946657140271402e+00 -4.252135136964558e+00
2.494825906949340e+00 3.852468564053008e+00
1.740582086649947e+00 7.984746005944063e-01
-5.072329784900562e+00 -2.771579295324956e+00
8.371044880120926e-02 7.449570611975684e-01
9.959695096720315e-02 -1.529008562775946e-02
1.000000000000000e+00 0.000000000000000e+00
1.198602764721837e-01 3.266274693230279e-01
3.806742088774453e-01 -8.495064414758635e-02
3.705870218855880e-01 2.776993670394781e-01
6.541819654617037e-01 3.533624902252738e-02
-2.262199906975254e-01 -2.507012800476204e-01
3.539439624321757e-01 -1.615533666389354e-01
-4.494471492167310e-01 -1.588215794656082e-01
4.882291426448984e-02 4.863045643928698e-02
-3.731909069832253e-01 -5.023151051550352e-01
-2.821321251501280e-01 -1.424094357186989e-01
1.136423999457079e-01 3.845491920962656e-02
