
3.478104793455996e-01 2.022475590135723e-01
-4.133883835935882e-02 -3.852708509030219e-01
-4.881162517418848e-01 -7.728328872537192e-01
-7.681081479088723e-01 5.527169818787571e-01
-1.408801099513215e+00 1.451229171107728e-01
4.202976685632726e-01 -7.549645408923293e-01
-3.501023792368731e-01 -1.211060170265983e+00
-4.603729801718275e-01 -3.662794478759738e-01
-1.353957984873718e+00 -2.683861718749864e+00
1.815228974154636e+01 2.472966974109829e+01
-7.614659148116196e-01 -2.013183150952208e+01
8.646445334268094e+00 1.375867816508431e+01
-3.048885495289393e+01 2.220729784901527e+01
4.773843706031148e+00 -2.277888840974478e+01
1.791737084053393e+01 -1.393927737968504e+01
-3.273117097809722e-02 4.320924572028487e-01
-1.697681110357684e-01 3.106219191270186e-01
1.264643755633273e-01 -1.221320268007682e-01
6.120850377116316e-01 -1.033429266380489e-01
8.149694835893071e-01 2.606107668045674e-01
2.362856570831482e-01 3.494343037756237e-01
1.000000000000000e+00 0.000000000000000e+00
3.738094135129145e-01 2.252760098444834e-02
-1.116174085242685e-01 -4.212598495406296e-02
2.927653471988798e-03 1.064640928391595e-01
-6.516424687915612e-01 5.291799820276160e-01
4.134462943952160e-01 2.859841207222401e-01
4.011512221943553e-02 2.334888718629036e-01
-3.976651093417954e-02 -2.735318536946730e-01
