
0.879929994778255204492e-1 -0.343433006333327380894e0
0.259998757879184362645e0 -0.131392450379746613754e0
0.109861674861284160985e0 -0.148506796993227973102e0
0.220768037381741668283e0 0.191470176393425926532e0
0.402070531347268295872e-1 0.167733843056482386430e0
-0.308761036859567122392e0 0.151962829939901442462e0
-0.108341479960271425378e0 0.509242266529007333502e0
0.114344277626883291667e0 0.631037517344632374413e-1
-0.266408876194889749739e0 0.521430167431264133420e0
-0.551793884141136638287e1 -0.323504087258316928703e1
0.286407085496040232121e1 -0.603464123351781499998e0
0.768579324343266330043e1 0.584629461990857898996e0
-0.149822951823827432640e1 -0.188761179493712262219e1
0.603233292801058581904e1 0.559557165920964874823e1
0.408286652694606712929e0 0.717992347708605938190e0
0.270019000574341682135e0 0.607344033081523260035e0
-0.645379796873082978924e-1 -0.176398988966732805922e0
0.100000000000000000000e1 0.000000000000000000000e0
0.153683138548607032338e0 0.294860669270271796361e0
0.549310338709664232055e0 0.125689940250600439066e0
0.464553110918719492766e0 0.159956215312114327529e0
0.787322088020367376196e0 0.392132696586136671527e0
0.411381624539088478415e-1 0.144556026421045963419e-1
-0.150138369353846573036e0 -0.274078065808973242781e0
-0.151323939262498401273e0 -0.118977305019125632025e0
-0.199445170877811741377e0 -0.252915184197342425793e0
-0.428523741961986986222e0 -0.597356269039863952959e0
-0.249671239284273055082e0 -0.210618795882161569441e0
0.150480666615579068189e0 -0.893685758339402504702e-1
