
-0.361618566375342170350e1 0.140656324626768457437e1
-0.154460667101198601372e1 -0.854646930344471671712e0
-0.691653656102845477939e0 0.101001591595247217461e1
0.391081588288559781118e0 -0.272409175279493455716e1
-0.156155282350243153561e0 0.894298951660864286425e0
0.191505025447200128222e-1 0.268025128708398093402e1
0.782377349097083293726e-2 0.282526438911152587958e1
-0.457982054745234974050e1 0.538206971035182604778e1
0.585525910897429919622e0 -0.286979855904773249601e0
-0.113353522005743547899e2 0.122452923500471565791e2
-0.132266338205535181234e2 -0.200885631870992801672e2
0.245346062499678484702e2 0.995907852599995371476e1
0.515316933628359533570e1 0.144603148456204384535e2
-0.283766547188656214247e2 0.549022409927901695430e2
0.618218286429075945549e1 -0.267056071956675950291e2
-0.606284636025986642784e0 0.149392834672170463195e0
0.131529511996587854852e0 0.207181922716287278077e0
-0.213345378542209058916e0 -0.332130642860936989302e-1
0.914303306996399088046e-1 0.376969707640843201515e0
-0.630461731152436964361e0 0.199554686357024976102e0
-0.460551241112290027304e0 0.369971426621523891154e0
-0.470324943580629340379e0 -0.979399773014183832906e-1
-0.579722461536858616263e0 -0.108633373671637304577e0
0.100000000000000000000e1 0.000000000000000000000e0
-0.598805668731569528567e0 0.129763869995870433226e0
0.162325382697239626028e0 0.157188021491423711006e0
0.728513917302907816528e-1 0.710522071380802956351e0
-0.129621367370557724456e0 0.291470525866239246401e0
0.118327157113758261073e0 0.195926395813695228726e0
