
0.132610540854169879212e0 0.232288651709952174323e-1
0.192057603774900345818e0 0.306302993704432860572e-1
0.147634995424937783798e0 0.195462037497471124273e-1
0.278087418776029462271e0 0.400112133569134597398e-1
0.213678131360525986715e0 0.249799196790188272145e-1
0.164069964688552124898e0 0.147819947143792258129e-1
-0.137084646934375428554e1 0.651408625441147036297e-1
-0.207727426444922082358e1 0.130328871798513881209e-1
0.585525910897428181971e0 -0.286979855904771667099e0
-0.905532128047497363293e1 0.554699268922456862913e1
0.753911365165928254450e1 -0.639131670294605104370e1
-0.167503566845809645676e1 0.341430828294540503198e1
0.575878948460795594532e1 0.466697721964534413845e1
-0.144072253818850834328e2 -0.803904482489454322216e0
0.204223603224457201065e2 -0.147221267232272646445e1
-0.606284636025986638013e0 0.149392834672170611771e0
0.131529511996588133343e0 0.207181922716287090469e0
-0.213345378542208721892e0 -0.332130642860930502961e-1
0.914303306996393720771e-1 0.376969707640843122693e0
-0.630461731152436992496e0 0.199554686357024751821e0
-0.460551241112289854644e0 0.369971426621523873264e0
-0.470324943580629649539e0 -0.979399773014182395051e-1
-0.579722461536858664076e0 -0.108633373671637535214e0
0.100000000000000000000e1 0.000000000000000000000e0
-0.598805668731569384585e0 0.129763869995870125232e0
0.162325382697240233710e0 0.157188021491423554989e0
0.728513917302908527629e-1 0.710522071380801974497e0
-0.129621367370557607118e0 0.291470525866238797379e0
0.118327157113758219020e0 0.195926395813695425888e0
