
-0.559100737974363930769e0 0.962123032423932314755e0
-0.447598316275845980582e0 -0.643387396740906448699e-1
0.333989008746084299628e0 0.147062960956954499086e0
-0.282238193176005646367e0 0.147650214499908747268e0
-0.599098373530177574818e0 0.390967121000908087434e0
0.199524950538480314133e0 -0.468917574762326456198e0
-0.958145857812197079655e1 -0.703132055764445070391e1
0.114268788368957098490e1 -0.537953340622012450871e1
-0.147505256027702322789e0 -0.186645402108078812891e1
-0.265634452218751790399e2 -0.881058544110500722682e2
0.136540480177180394608e3 0.804813694296723474049e1
-0.110359818292969358973e3 0.147138699822117206733e2
-0.693326244885533222936e2 0.194400009584435517859e3
-0.224317996093867191767e2 -0.143985293924047667483e3
0.958960697104285013440e2 -0.106294155173385445570e3
-0.326300696829740245199e-1 0.328035157660485685851e0
0.110872210598516072578e0 0.309773857831729828845e0
-0.326688091941116610998e0 0.264909394024561481641e0
0.351969514899149867249e0 -0.499390428290667073922e0
0.662051569660082338687e0 0.114489584753858959600e0
0.259484402821447404847e0 0.325990953331075702633e0
0.411286323313986386038e0 -0.183706479778011458600e0
0.368564876493354722669e0 0.133190813423629720544e-1
-0.121047440516880129265e0 -0.152682678955798632492e0
0.286273981685644145743e0 0.189654790172371500714e0
-0.120610790398949392730e0 0.680797969154380650078e0
0.100000000000000000000e1 0.000000000000000000000e0
0.400171949681787119838e0 0.145538439777885268429e0
-0.156434753160778859720e0 -0.174614301678223339255e0
