
0.609076252545267944606e-1 0.108101453429951943424e0
-0.217402556186981248468e-1 -0.299066492034948490621e-1
0.321101521467672436157e-1 0.586704403328945831145e-1
0.746193722381517888141e-2 0.810588387586577697224e-2
-0.115190204275286421472e-1 -0.162638843950683112619e-1
0.169171233348316523000e-1 0.318362093869515260829e-1
-0.105597297456411502866e1 0.460297617429730485057e-1
0.710495368992438644691e0 0.400131201274179947936e0
0.172429611296790550646e1 -0.147741148363054404752e1
0.100381084885854029252e2 -0.577884078070075009673e1
-0.161250633967986536769e1 0.171212871014020419835e1
-0.192523962916515460984e2 0.120019790587508404407e2
0.263614866246837491730e2 -0.260098053137669611452e1
0.172229357490346807625e2 -0.649660228304764303517e1
0.444250407761977966700e2 -0.274802255182414781002e2
-0.360408639970076624459e0 0.164090779066799992924e0
-0.888154144935067855658e-1 0.108324198850065372829e0
-0.372498611734828863427e0 0.685099607125328316124e0
0.219719241132525590449e0 -0.207019407190433647867e0
0.505801758208903543402e0 0.740464106294131740665e0
0.133090795293224452089e-1 0.434414346996343369802e0
0.243892121214568834077e0 0.728706691069213353680e0
0.540172889463859291889e0 0.319068339704848978903e0
-0.348989606283017097773e0 -0.196837621164496949085e0
0.504215599741233640814e0 0.985985863354723213886e-1
-0.406150620957033454804e0 0.111824932067661089448e0
0.100000000000000000000e1 0.000000000000000000000e0
0.390155596327494096315e0 0.108108665345627060476e-1
-0.100106234573105016512e-1 -0.192478840547026868032e0
