
-2.519774103642398e-01 1.209241518863557e+00
1.515646768121876e+00 -1.529107294398659e+00
-1.235737745513374e+00 -3.582887304457065e-01
-3.666844867961973e+00 7.979762942709868e-01
1.466992894743703e+00 1.696232496835156e+00
4.708156335521951e-01 -1.254763289015687e+00
4.013829049394434e-01 -2.842664880733758e-01
-7.182475853376572e-01 -5.675190946090504e-01
4.313499744989721e-01 5.363142819391734e-01
-1.112918199020242e+01 -8.318377103895235e+00
-2.532594345765245e+00 5.045646123910098e+00
1.253035768988155e+01 -3.505020420618482e+00
4.172824581184564e+00 3.589578900383885e+00
3.598761650656796e+00 -5.311374270249777e+00
-6.467721862687450e-01 2.196328461460309e+00
2.496411205337919e-01 8.058801168028913e-01
7.811074286587026e-02 -1.410130169339091e-01
1.000000000000000e+00 0.000000000000000e+00
2.147992788507244e-01 2.925149240561953e-01
4.707141940534508e-01 1.257153207077662e-01
5.100743964514347e-01 2.960090437465385e-01
6.606816504465096e-01 2.762832872572997e-01
-1.582811484366636e-01 1.581203830994670e-02
1.167262242924658e-01 -4.646337865717578e-01
-2.934538997423792e-01 1.562046113954663e-02
4.907049498619996e-04 -1.562468517351027e-01
-2.861288568371770e-01 -5.634132069456435e-01
-2.127718624234684e-01 -1.417013991853507e-01
1.813648494148281e-01 -4.266393908724414e-02
