
-1.024078473226586e-02 1.567900880580443e+00
3.030707015473154e-01 1.275680892462683e+00
3.864460607124330e-01 6.749053039564590e-01
4.995461283856898e-01 9.760783757751397e-01
4.479583862368672e-01 4.714940118360799e-01
3.339537153696203e-01 1.930840572311484e-01
-7.974825590479480e-01 -1.533824184534633e+00
-2.901731386777180e-01 -2.188673544452297e+00
-2.369689811317892e+00 -7.394020553619308e-01
-3.484880444999428e+00 4.786248979825172e+01
5.334325733735552e+00 -5.717941613192284e+01
1.867418561039324e+01 1.002804375598899e+01
-1.080869250128459e+01 8.126850789847452e+01
-1.099732158484797e+01 -3.200645032665140e+01
-1.986814540922093e+01 2.060269431938698e+01
1.401424583194458e-01 3.595595241202793e-01
-2.359942878826746e-01 1.379732686238476e-01
4.986758497289933e-01 -3.828094580900983e-01
4.833265472067675e-01 1.517139356678827e-01
6.222078175665683e-01 9.143592923609400e-02
2.421955672343586e-01 1.406904568862484e-01
1.000000000000000e+00 0.000000000000000e+00
1.946690213800672e-01 -2.622340838259055e-02
-1.094913725547524e-01 1.745782900743191e-02
-1.864790910515517e-01 -7.830598327812612e-03
-6.169756478016117e-01 2.051244743784882e-01
-2.444084029691120e-01 1.750370981052227e-01
-2.278301480276659e-01 1.374497326041704e-01
3.800746996505024e-02 -2.134142992659178e-01
