
-8.821559294851962e-04 -6.315474150393463e-02
9.213221267826781e-02 -1.123588158650987e-02
1.061479235586499e-01 2.014657995423932e-02
3.092703626284758e-02 1.328385145217561e-01
-1.271626417352611e-02 1.582587417753387e-01
-7.011170380575166e-02 1.710029568571511e-01
-8.946139774167455e-01 1.375343627217701e+00
-1.469097117918120e+00 4.025715020436123e-01
-1.196608886017239e+00 -5.630580329958064e-01
1.752206334829556e+01 1.070816153290374e+01
-2.425299534716424e+01 -8.178876431149884e+00
1.790175948255772e+01 1.164810933990903e+01
2.965234583317967e+01 -2.506396162487158e+01
-1.587450988729451e+01 1.340844764836349e+01
4.912802490023113e+00 -3.502977525633069e+00
2.231793373686687e-01 1.881326210406566e-01
-3.670734586862323e-01 5.688369378583038e-02
5.889649397244663e-01 -6.908517089313594e-01
4.875679399488413e-01 3.387419953041853e-01
4.416333052617478e-01 5.102684836719572e-02
1.475610607877527e-01 -2.604125808501609e-02
1.000000000000000e+00 0.000000000000000e+00
1.071531977621677e-01 1.341536411344076e-02
-1.402975264372672e-01 9.650970878329326e-02
-3.081848256639297e-01 -2.325975378354597e-02
-7.501876545630337e-01 -1.241350950970460e-02
-6.994369677368804e-01 3.707710375982108e-01
-4.237462762459713e-01 1.762517343207630e-01
9.505244804553667e-02 -2.149213775442148e-01
