
1.230494444453488e-01 7.467866443555957e-02
1.593376937719981e-01 4.765762226267563e-02
-1.100695371924864e-01 4.020821120154226e-02
-1.485676662501170e-01 2.863395794492578e-02
-5.359553027021860e-02 1.141228679625737e-01
2.551822180476818e-02 -1.033126223804854e-01
-9.412804337752708e-01 9.524717740746566e-01
4.304786503748440e-01 -2.906514558814108e-01
-8.714976021985631e-01 8.537468296547515e-01
-3.122581060521797e+00 1.050552023704495e+01
7.001812292776845e+00 -9.222027339716558e+00
3.320240184236031e+00 5.204193894647815e-01
3.176420976927867e+00 -1.074382830307936e+01
7.307311193578958e-01 1.184436999297906e+01
-3.303389903522154e-01 1.728433031984636e+01
3.891237235079486e-01 4.634019336356988e-01
-1.672535048279812e-01 -4.228316010256216e-02
8.904322729471098e-01 -4.181426704609646e-01
3.280841093239154e-01 2.258668522702517e-01
6.109991799675376e-01 -9.074156867898664e-02
4.343170628898565e-01 1.685706681039481e-02
1.000000000000000e+00 0.000000000000000e+00
7.725234111772272e-02 -6.722934296884847e-02
-1.737851065025413e-01 -8.712361539761705e-02
-2.392440433097636e-01 -8.194860555590391e-02
-3.989198816909245e-01 -2.112849097239582e-02
-5.908224554252367e-01 -2.454592926797386e-01
-3.326079578401102e-01 -3.865961996607432e-02
8.160050343869094e-02 -1.579606697785120e-01
