
-0.742617729231884801932e-1 -0.533808647232936549609e-2
-0.205253504381189706416e0 -0.114601205724422083199e-1
-0.161376346449359818583e0 0.632150062973840576695e-2
0.102391853521434102052e0 -0.970361994664903985185e-2
0.174422180639646730494e-1 0.199108685953602445685e-2
-0.281300805982456218608e-1 0.150417064189784053399e-1
-0.543147213169617242048e-1 0.104016099946427313432e0
-0.119120908740302727783e0 0.391019553817876997730e-1
0.129276551933198262075e1 -0.172269211778746208141e-1
-0.177179707016219344477e2 -0.552676966949051418163e0
0.659937572202704551220e1 -0.672345868847634070727e0
-0.353836133352888183710e0 0.121305113398655727572e1
0.118484162311433405806e2 0.261937255727198973045e0
0.845920922275434344646e1 0.512409737013599597038e0
0.796296619244907927888e1 -0.186410248019114554302e1
-0.146404704171176901562e0 0.541070457144545405965e0
0.129574395532837539235e0 0.872016064006590742457e-1
0.100000000000000000000e1 0.000000000000000000000e0
-0.142324439743652729446e0 0.431686764461705914874e0
0.814941645942964761998e-1 -0.426115972295813595839e0
0.106534964677844354445e0 0.158946152846972257384e0
0.469623982715296178363e0 -0.273086747309152809464e0
-0.385423929232950593756e0 -0.629633109526758813653e0
0.686896697928593043367e0 0.307740254969962936520e0
-0.675945027348951854595e0 -0.450912478504392515822e0
0.201010585033300960843e0 0.191274374155834713410e0
-0.651036371748103077797e0 -0.456934494674117459709e0
-0.421053108424266067417e0 -0.196583879644749110816e0
0.334338334953617681461e-1 0.203449447344299318323e0
