
-2.819602774188298e-02 -1.946553620442709e-01
1.952282529378824e-01 8.585709362518099e-02
3.314892181085408e-01 2.578838059908478e-01
-2.539059201147285e-01 3.287212513552872e-01
-9.560264485433800e-02 5.292778991428062e-01
2.821019478566112e-01 -1.340658893110163e-01
-3.401773259289689e-01 1.121246015029190e+00
-4.206347337756042e-01 3.816887424405778e-01
-1.256576898857252e+00 2.302117431469003e+00
1.336469142168776e+01 -2.137801553310385e+01
-1.938701512225149e-01 1.700972271052904e+01
9.435785826211418e+00 -1.127860500097075e+01
-2.477525945368940e+01 -1.944407678913110e+01
3.518832588227144e+00 2.049509781224473e+01
1.295816557224542e+01 1.112928444682032e+01
2.542947365135905e-01 5.464732928778000e-01
-1.056373280480822e-01 3.370861295007069e-02
8.461642456639965e-01 -2.250804812705468e-01
3.057951783500405e-01 1.713864191135268e-01
6.723976748265605e-01 -6.976476468072601e-02
4.212517840204911e-01 1.304532476815909e-01
1.000000000000000e+00 0.000000000000000e+00
1.062721808316616e-01 -1.458779578564238e-01
-7.642878329286962e-02 -4.899006776291630e-02
-2.245643753741740e-01 -1.260970856214313e-01
-3.453246897326069e-01 1.253241473567874e-01
-3.664056565998681e-01 -3.103927470236965e-01
-2.549532590598804e-01 -5.784309883634624e-02
4.726812063969360e-02 -1.351436077510232e-01
