
-0.592554474076419617211e-1 -0.163169844207207595592e0
0.933228253435066241035e-1 -0.462683155422125328313e-1
-0.238996478875754625716e-1 -0.444585124851168535431e-1
0.116968725501286593691e0 0.305713809191466377453e-1
0.103045704300432162781e0 0.664565472563218896131e-1
-0.577132780936446319736e-1 0.132598463288060957848e0
-0.866908539356050336755e-1 0.520228490093220548372e0
0.101192275172676100225e0 0.130816844657187079106e-2
-0.570977576843300982010e0 0.353309495918689627782e0
-0.397300822021223592399e1 -0.103458912390675257303e1
0.180483053288027063966e1 -0.146888157956155374659e1
0.101002849974132553326e2 0.167156769748697620992e1
-0.344817514040379731466e1 -0.454811343083555580640e1
0.491521189957753751060e1 0.515636383444309804019e1
-0.234858781645211638122e1 0.997629927130820563482e0
0.234677585482335265685e0 0.531882875069393745552e0
-0.120981771306384016594e0 -0.190400595150512840547e0
0.100000000000000000000e1 0.000000000000000000000e0
0.127104779054677211538e0 0.341177439676137804698e0
0.525346368975071884705e0 0.153141887538676544999e0
0.408801338645171561330e0 0.126550625668346582669e0
0.800580551145352553631e0 0.461181723846789422093e0
0.785976810193863713769e-1 0.155509205148945958620e-1
-0.195565327838969233072e0 -0.199716336461005895665e0
-0.136417173748772564782e0 -0.169825957850793692768e0
-0.275193956376156181578e0 -0.312696037600453374990e0
-0.506647459098276357523e0 -0.567425834272485726069e0
-0.284235058460644133421e0 -0.226139581528091364535e0
0.154635757098856907590e0 -0.930356670690058239301e-1
