
1.312486330405818e-01 2.404465344669993e-01
6.921174106304705e-02 2.046185033943572e-01
-1.668721075103120e-01 7.822456052512705e-02
-2.598001218360003e-02 -1.979543630382365e-01
3.941582521130924e-02 8.830514804284546e-02
-1.052686208569818e-01 -4.249217142876277e-02
-6.642249648613617e-01 -1.068075111293467e-01
-9.433756513674220e-02 8.557260859454924e-02
6.637585391480001e-01 7.137868545539999e-01
-9.936996500572093e+00 -1.738022969969187e+00
7.024669983508226e+00 2.935387815430415e+00
-2.666901898571678e+00 -7.104278821522489e+00
1.049283276391248e+01 2.730163292241558e+00
4.145656914692832e+00 3.587596941885337e+00
1.181611971185816e+01 9.331243246752431e+00
1.625608784958134e-01 7.812187761935481e-01
8.113348728874233e-02 -7.611209589053410e-02
1.000000000000000e+00 0.000000000000000e+00
1.808596744107226e-01 3.132155158660745e-01
4.380863325648624e-01 3.891562201596879e-02
4.411178665221030e-01 2.957090130564666e-01
6.740279105068615e-01 1.719136040409864e-01
-1.831700822135584e-01 -1.076691591784265e-01
2.286382860460149e-01 -3.188586255973597e-01
-3.682948931271071e-01 -6.670059970572241e-02
4.888793749486257e-03 -5.491711968673745e-02
-3.221407961874395e-01 -5.218539765851262e-01
-2.472253329121332e-01 -1.368690997255570e-01
1.505625059999248e-01 -9.104397591177982e-03
