
7.784397734998127e-02 -9.196760845947010e-01
4.067972654995394e-01 -2.469382477326316e-01
4.807934846291619e-01 -4.676626526241387e-02
-2.306248451196412e-01 1.100470110156697e-01
-1.312715380850776e-01 2.702692503606244e-01
3.859765197384396e-01 4.584959370846461e-02
-5.949683662571792e-01 5.509449947562703e-01
-1.217512493010844e-02 1.789697176230534e-01
-4.723487348023280e-01 1.128169933573789e+00
-3.348061761018859e+00 -4.787200030813322e+00
4.640684160617864e+00 2.747213550891296e+00
4.857567662340903e+00 -5.097622922224380e+00
-1.508320459529668e-01 -4.022502173332199e+00
1.783195599545432e+00 1.039547359679025e+01
3.498893806971826e+00 8.809702204145520e+00
1.791040787273448e-01 6.399267422570132e-01
-8.536515141667816e-02 -9.096491058457559e-02
1.000000000000000e+00 0.000000000000000e+00
2.047518923472014e-01 3.082015766333129e-01
6.094957700021895e-01 1.215005863162212e-01
4.263560799977659e-01 2.159684372673116e-01
9.018717819147714e-01 3.420083654792533e-01
6.510131693251385e-02 -6.180637530711407e-02
-7.073289179393549e-02 -1.781186299130714e-01
-2.061831793741253e-01 -1.612044286280170e-01
-2.815529738218324e-01 -1.244045851462033e-01
-3.901193693664310e-01 -5.135794263161162e-01
-2.670198629059580e-01 -1.738619533135897e-01
1.290337853140423e-01 -9.655960670389228e-02
