
-0.190755313990138997845e0 -0.110235851052811022809e-1
0.192600368596159232624e0 -0.936105802415576393526e-1
-0.370599683228363374667e-1 -0.147887300614007819492e-2
0.124035789838664016962e0 0.375433551653476913515e-2
0.186847762240969445544e0 -0.600287582050308406333e-1
0.667195241514749808428e-1 0.726924958874633312544e-2
0.817835150610893511260e1 0.633948551426335982217e1
0.255062922479490916834e0 0.233157629860094126376e1
0.585525910897429458673e0 -0.286979855904775667589e0
-0.634277181391279381538e2 -0.149018952846230380311e2
-0.330921788673404649664e2 -0.235892222813160342028e2
0.925884209469901192230e2 0.528703961231082280314e2
-0.167257493325965173776e2 -0.457553494418468696160e2
0.396670199289469957299e2 0.511901863660869894078e2
-0.113843021397812820039e3 -0.638457006237947153580e2
-0.606284636025986746434e0 0.149392834672170708604e0
0.131529511996588448669e0 0.207181922716287181434e0
-0.213345378542208996398e0 -0.332130642860923907962e-1
0.914303306996390945688e-1 0.376969707640842671231e0
-0.630461731152436842172e0 0.199554686357024590058e0
-0.460551241112289732997e0 0.369971426621523991497e0
-0.470324943580629951272e0 -0.979399773014183807495e-1
-0.579722461536858521504e0 -0.108633373671637715801e0
0.100000000000000000000e1 0.000000000000000000000e0
-0.598805668731569063715e0 0.129763869995870039824e0
0.162325382697240731914e0 0.157188021491423912410e0
0.728513917302916328057e-1 0.710522071380801412068e0
-0.129621367370557197195e0 0.291470525866238603632e0
0.118327157113758044978e0 0.195926395813695518086e0
