
0.339448691721573681868e0 -0.161568044529148570625e0
0.122321781191544871313e0 -0.255573547557314583078e-1
-0.172636706355177855932e0 -0.157091802779734662473e0
-0.177065781178554035433e0 -0.869910662204486656856e-1
0.146415258418882665144e0 -0.102790691359121085088e0
-0.162382910543019646409e0 0.248559110749597236297e0
-0.158491840931550917069e-1 -0.447352935831044905854e0
-0.284430268831235266827e-1 0.470904038503107246014e0
-0.266027629186859637162e0 -0.108192140246931290597e1
0.268885148129699882514e1 0.472388389927355838030e1
-0.372311290966769454819e1 0.240344602575028822066e1
0.855522001947755681480e1 0.124119324547490547509e1
-0.170462476360266505142e0 -0.429173514870780128255e1
0.711074853761705413802e1 -0.295717886233461060277e1
0.667205823577311472015e1 -0.655071675928043266552e1
-0.122094174680090272044e0 0.159212979676940474472e0
0.234316357247964377288e0 0.201614182732079861053e0
-0.540300587406557391505e0 0.383959773147798316152e0
0.112491671549185853372e0 -0.462697055273279963514e0
0.201104130068995647985e0 0.109155129645547762568e0
0.890598230046998571170e-1 0.266332155972375246513e0
-0.192107176989114778856e0 -0.149760442249276971101e0
0.138377576824480586902e0 0.652655078956789329878e-1
0.496134779204477470928e-1 -0.224008799366756668013e0
0.271846066827707114494e0 0.237603030841995045848e0
0.224435902938120666262e0 0.473641704882157538398e0
0.100000000000000000000e1 0.000000000000000000000e0
0.448576455783522474872e0 0.106663522539523431673e0
-0.120630913062516980511e0 -0.364847779510272222049e-1
