
6.623794889343557e-01 -5.030882120650144e-02
5.540836294508589e-01 -1.106013542285127e-01
-1.455593831040705e-01 -9.363463111939332e-02
-6.263822318208251e-01 1.063389598587783e-01
2.536895604286367e-01 1.466066720307366e-01
1.090593888725624e+00 1.185626542639422e-01
-1.233565281410949e+00 -1.856896938754976e-01
8.159213467660797e-01 1.399925692521898e-01
-3.323490823134270e-01 -2.620244312802343e-02
-1.195989531383868e+01 -1.343858573736980e+00
1.342794237596721e+01 2.153198822292444e+00
-3.327153797243630e+00 -1.848150829988948e+00
1.280031780162074e+01 1.890167209537540e+00
1.793474691535239e+00 -5.835647647833421e-01
-8.404224877820642e-01 -5.463086358005587e-01
3.509162632952292e-01 4.386806871208184e-01
-1.097057253458742e-01 -2.701096035253883e-01
1.000000000000000e+00 0.000000000000000e+00
2.672574820123855e-02 2.888048223415196e-01
4.885584844312940e-01 7.045589323465354e-02
4.487186462982099e-01 7.592200960727685e-03
7.067230442834638e-01 4.511845355789085e-01
9.994943777920184e-02 3.557791680401264e-02
-3.308718072984571e-01 -2.062949743460153e-01
-4.736978569756065e-02 -1.884859063575647e-01
-1.890510800599247e-01 -4.132181690022975e-01
-5.814795868443274e-01 -7.066674657826775e-01
-2.675040083545314e-01 -2.961724310184876e-01
1.417907250751680e-01 -8.230508793771400e-02
