
1.029739437851012e-01 -8.650919006918137e-01
4.203811484622452e-01 -1.045023825126866e+00
2.593985060002681e-01 -5.266774235016923e-01
2.302560811281369e-01 1.600672457503616e-01
-1.336926851737838e-01 5.716157853930125e-01
-3.332300249132375e-01 7.050246549414519e-01
-8.790827980092561e-01 -1.636457134202490e-02
-1.557386474805735e+00 -2.115078093289344e-01
-5.631502122024382e-02 -8.772512944537258e-02
8.176193165014523e-01 2.590670646337191e+00
-4.606920466511270e+00 -2.788269177831609e+00
6.792603914203606e+00 1.448927214263541e+00
1.119067522754113e+01 1.104742014240576e+00
-1.038506549630069e+01 -1.858197345028997e+00
1.303295689087515e+01 8.974412909841798e-01
5.078525763062540e-01 4.562406950273253e-01
-6.908743191357826e-02 -3.128513087862392e-01
1.000000000000000e+00 0.000000000000000e+00
1.991077261791780e-02 1.682163094655285e-01
5.772912479116177e-01 1.061641205948637e-02
5.758621286003607e-01 -4.457655319738621e-02
7.085417848291398e-01 4.036105573967309e-01
1.491630946377452e-01 8.065375015401431e-02
-4.732576767668412e-01 -3.040817803267631e-01
5.902698294562236e-02 -1.385937004720632e-01
-1.118967264447356e-01 -4.157830059084133e-01
-5.168129245541581e-01 -8.539887193777232e-01
-1.992546002500201e-01 -3.308712368852311e-01
1.214066728266197e-01 -1.072733798030970e-01
