
-3.909501142654656e-01 4.274731925371331e-01
-4.690972313089490e-01 6.549630773962387e-01
-2.847841141727301e-01 1.505899879649245e-01
5.270849104215651e-01 -3.813966297089476e-01
-1.570303837137408e-01 -5.846986600904265e-02
-1.361347961560996e-01 -4.607656282818547e-02
-7.176620932356330e-01 -3.101856919220818e-01
-5.250671011358928e-01 1.283837466723536e-01
6.099096823794052e-01 3.206947172739160e-01
-1.045928789287331e+01 -4.067489223493976e-01
6.674381330736979e+00 3.636161753228258e+00
-1.040073151427062e+00 -6.330800203130648e+00
9.071771397670082e+00 1.856600819189799e+00
2.565508075860264e-01 1.078789146559280e+00
1.164657636287406e+01 6.796567653022398e+00
2.069993285389397e-01 9.650483441504780e-01
1.728021895620628e-01 -1.429601782611698e-01
1.000000000000000e+00 0.000000000000000e+00
2.776563011008909e-01 3.505759169188566e-01
3.564494239885388e-01 2.152137993565630e-01
5.174645840904736e-01 4.277032808533503e-01
5.217517484676810e-01 2.837974205077000e-01
-3.434204564262011e-01 7.893714370592761e-02
3.405757443981702e-01 -6.677941794017833e-01
-4.199014480849477e-01 1.531124436624235e-01
1.324976467242218e-01 -1.642095605797777e-01
-1.970519943317984e-01 -4.871646633161316e-01
-2.008006596292948e-01 -7.467242495472742e-02
2.424629701988673e-01 -6.917892085405886e-03
