
-0.140899879703202914229e0 0.150562859855165001903e-2
-0.283400185071646350105e-1 0.273606245530918759100e-3
0.595935883305945798057e0 0.189307875081215212479e-1
0.767868693736111658716e0 0.318938274505268899719e-1
0.132893206614629746248e1 0.779512027820401342648e-1
-0.626968814032908744460e0 -0.333994560490785399766e-1
0.370665077408083267841e1 0.130032205529567956425e0
-0.292177018692010217115e1 0.281435192891746021032e-1
-0.356213796505526968149e1 -0.957996309127859957530e-1
0.218777884775219575553e3 0.752943853207254967796e1
-0.139268292609542398822e3 -0.249665956477957164117e1
0.451133020349275574989e2 -0.260400991475992086080e0
-0.946677634625805195859e2 -0.728706449475210703975e1
0.517552492477008790374e2 0.342213984511242877776e1
0.152519643266933985548e3 0.667808370729976278485e1
0.151700243957289564360e0 0.435139253244819768020e0
-0.172142766857253566050e0 0.124950646026381374222e0
0.578756365850671669550e0 -0.253832057301474732779e0
0.411991388051716276626e0 0.109530776070047560994e0
0.680246234367451998591e0 0.405523788363478734790e-1
0.310794701453561763920e0 0.162560939273558483973e0
0.100000000000000000000e1 0.000000000000000000000e0
0.203001302620807273745e0 -0.829253382528699527286e-1
-0.108035219900333738696e0 0.525307950888315991989e-2
-0.157550511978366457447e0 -0.592468058857777459997e-1
-0.507854584474291182133e0 0.230740269917565036335e0
-0.183282744433432304563e0 -0.292052047126156780686e-1
-0.190505741046956199840e0 0.586578322549196453232e-1
0.204708836341478605123e-1 -0.187766182870077104339e0
