
-2.372274143461631e-01 2.459077058017620e-01
3.678141684473551e-02 -1.654719983696236e-01
-2.086532399022608e-01 6.533756678351418e-02
2.724897031120007e-02 7.955792513708623e-02
7.141112314579860e-02 -8.164710408483877e-02
-1.372202927777877e-01 -2.730602367717275e-02
-9.010752459317344e-01 -2.268218773038463e+00
-5.174587608722292e-01 8.507093741882998e-01
5.855259108974272e-01 -2.869798559047724e-01
-1.257139099669369e+00 1.703455395168073e+01
4.386618767020925e+00 7.152603354959130e+00
-4.533411626531085e+00 -2.448648847058685e+01
6.233186501187331e+00 1.644659054154174e+01
2.087651406286867e+00 -4.352566506712003e+00
2.244234117812249e+01 2.710167380476251e+01
-6.062846360259869e-01 1.493928346721707e-01
1.315295119965886e-01 2.071819227162875e-01
-2.133453785422094e-01 -3.321306428609222e-02
9.143033069963931e-02 3.769697076408423e-01
-6.304617311524366e-01 1.995546863570246e-01
-4.605512411122897e-01 3.699714266215240e-01
-4.703249435806300e-01 -9.793997730141872e-02
-5.797224615368584e-01 -1.086333736716377e-01
1.000000000000000e+00 0.000000000000000e+00
-5.988056687315689e-01 1.297638699958702e-01
1.623253826972408e-01 1.571880214914245e-01
7.285139173029259e-02 7.105220713808016e-01
-1.296213673705568e-01 2.914705258662388e-01
1.183271571137579e-01 1.959263958136955e-01
