
-4.746230981058036e-01 -1.150813602322770e+00
9.480803169148577e-02 -5.277506125993822e-01
4.643884724380756e-02 -2.965821645965069e-01
1.273668892600128e-01 1.816767399681782e-01
1.473813719102041e-01 5.134294011235163e-01
3.472562088457908e-01 9.691368623545922e-01
-8.551993195499282e-01 2.620409546799333e-01
-4.834172406952363e-01 3.899325206340087e-02
-5.075606954306453e-01 1.155468463694530e-01
-8.034447448864311e-01 -8.080106578342522e-01
-1.021566398495700e+00 1.423386614313389e-01
6.417682366725491e+00 9.179238235107907e-01
1.117532516698934e+01 -4.017388390529256e+00
-4.828004871211683e+00 2.765601386741447e+00
4.107117977731115e+00 -1.393066621084569e-01
2.724029912655332e-01 4.736480613996773e-01
-1.270300302452509e-01 -2.320744723867456e-01
1.000000000000000e+00 0.000000000000000e+00
7.395822912061259e-02 3.375505114076084e-01
4.886977788057640e-01 1.281398590517630e-01
4.074207865571368e-01 6.884647588062431e-02
7.485227170325093e-01 4.781959301157718e-01
8.547610210784121e-02 2.762421360292167e-02
-2.544581539269773e-01 -1.904023305576448e-01
-1.011246968747594e-01 -1.870025529659790e-01
-2.486827868439319e-01 -3.798364658596798e-01
-5.632305198253077e-01 -6.164761786130346e-01
-2.880993873652704e-01 -2.594288892588805e-01
1.542635557720743e-01 -8.519691181569269e-02
