
-0.209295557088344487640e0 0.115709776808119334279e1
0.112845205500292101064e0 -0.818454441723195941244e-1
0.415603092541404881726e-1 0.398091736216933152399e0
-0.163716670811983060392e-1 -0.225464654965232968815e-2
0.291052727607621490657e-1 -0.374760733995928318678e-1
0.514182425886364936122e-1 0.126167524853073809764e0
-0.150743852223267181794e1 0.296655428898669363625e1
-0.493334044287839215454e0 0.371854268998508403609e1
0.585525910897428175520e0 -0.286979855904772226819e0
0.145314719444648390986e1 -0.785056290400824990363e1
-0.352268974170836631204e0 -0.109120084830325969998e2
-0.730856552091627197044e1 0.189482337547555191766e2
0.273779577649821034106e2 0.171161753311556979074e1
-0.370657239104049485157e1 0.396278059290630094887e2
0.235609393410388859788e2 -0.416763796007286820462e2
-0.606284636025986761179e0 0.149392834672170712507e0
0.131529511996588473850e0 0.207181922716287205178e0
-0.213345378542209053875e0 -0.332130642860923421935e-1
0.914303306996390902184e-1 0.376969707640842615557e0
-0.630461731152436820433e0 0.199554686357024582035e0
-0.460551241112289727305e0 0.369971426621524008383e0
-0.470324943580629972902e0 -0.979399773014184084645e-1
-0.579722461536858499386e0 -0.108633373671637725911e0
0.100000000000000000000e1 0.000000000000000000000e0
-0.598805668731569029455e0 0.129763869995870047115e0
0.162325382697240761445e0 0.157188021491423969900e0
0.728513917302917329453e-1 0.710522071380801396780e0
-0.129621367370557149477e0 0.291470525866238605231e0
0.118327157113758024215e0 0.195926395813695518398e0
