
-2.005170637429003e-02 -1.149023462904220e-01
1.072612302551406e-01 4.424988723323328e-02
3.922620958394821e-02 2.587980519681975e-03
-2.540328393946292e-02 7.732179443341633e-02
8.747223447821799e-03 5.316938693647996e-02
-4.068241117147746e-02 -4.126737428400656e-02
-1.541656752141636e-01 6.636387274594051e-01
5.050769059424593e-02 -1.064412380750654e-01
-4.035992190416566e-01 9.685458254751421e-01
-4.082340566531919e-01 -4.027168270800418e+00
8.403972075933303e-01 -1.463517487916429e+00
7.592559398073694e+00 -7.014911242497224e-01
-3.869531322861099e+00 -1.070667524317980e+00
6.162352638350947e+00 7.332992860731492e+00
4.277765379514292e+00 5.097835795118398e+00
1.960008219523120e-01 6.346731644355660e-01
-7.861924549134167e-02 -1.097330595229568e-01
1.000000000000000e+00 0.000000000000000e+00
1.928990778847107e-01 3.085055881150546e-01
5.900398139144631e-01 1.232574799438465e-01
4.323360973220478e-01 2.059594168901691e-01
8.709219573365613e-01 3.525602970757912e-01
5.368977048699181e-02 -4.539678089432117e-02
-8.028633074321923e-02 -2.012187259174729e-01
-1.989974885169602e-01 -1.505011531662444e-01
-2.594191193661519e-01 -1.535500814736619e-01
-3.993555610058144e-01 -5.292376457253181e-01
-2.643385076368918e-01 -1.807377916904963e-01
1.352077362235484e-01 -9.278587654453893e-02
