
-1.028451739936875e+00 -2.385135985149536e-01
-4.393716971971033e-02 2.882823560211744e-01
6.404389238241712e-01 -1.986027517118080e-01
1.387854735123629e-01 7.910382477725027e-03
-3.309412732452625e-01 -1.671650120581772e-01
8.896662664245117e-01 2.306032160372286e-01
-2.851760635376383e-01 -5.160254273806499e-01
-3.788015493093820e-01 -3.189812721640769e-01
-5.374279143199916e-01 1.819397972454835e+00
-7.560302862577399e-01 -1.450494646372898e+01
-7.517308976493775e+00 1.003599875888836e+01
1.298835368098041e+01 -1.547435182201390e+01
1.456388719253570e+01 1.493867823262055e+01
-2.098722771941743e+00 -2.077421624923603e-01
-2.924016808878693e+00 1.432515168510264e+01
3.111138412398539e-01 5.850351512051094e-01
-9.079834398958714e-02 -5.354117750651217e-03
9.344187581849662e-01 -2.589163162799414e-01
2.954795705173283e-01 2.022777661227986e-01
6.594464837061891e-01 -9.376620586916937e-02
4.634137049112741e-01 1.153578210657697e-01
1.000000000000000e+00 0.000000000000000e+00
5.942250811693066e-02 -1.390714088365637e-01
-6.931586326424935e-02 -9.765569122824581e-02
-2.575402101660057e-01 -1.185017644122413e-01
-3.033821141766115e-01 7.088879997384798e-02
-4.488612832531860e-01 -3.693118982408971e-01
-2.861409709908702e-01 -7.772741455576905e-02
6.768616530848884e-02 -1.256830940699889e-01
