
-1.279102663271422e+00 1.070394251121961e-01
-1.999986307211463e-01 9.202716413756618e-01
-2.616348184864913e-01 -1.641102105086710e-01
9.413801459084177e-01 5.118619252299133e-01
-3.178022032107811e-01 -1.263316036457898e-01
-5.302168464513963e-01 -5.586381722946008e-01
2.242508045841008e-01 -1.441142507636311e+00
-2.132298319898758e+00 -2.598870309710990e+00
5.649918936112743e-01 3.738707201761483e-01
-1.070924081941861e+01 -9.025861353604817e+00
-7.751937226451920e+00 1.169929792790078e+01
1.653542705645735e+01 -6.836519969414361e+00
8.126204330371015e+00 -4.473576107143312e+00
-8.322964291487219e+00 -2.666475935245757e+01
2.583036489047589e+00 1.349943746074812e+01
2.304222434417091e-01 9.152832367237126e-01
1.440500320703939e-01 -1.465295392409965e-01
1.000000000000000e+00 0.000000000000000e+00
2.580543636392041e-01 3.261406859659818e-01
3.977151969715637e-01 1.867255093064372e-01
5.227733485212679e-01 3.829762815936074e-01
5.656222969760905e-01 2.829156454577846e-01
-2.811380974013147e-01 6.477644087929249e-02
2.587630842186775e-01 -6.116177322073295e-01
-3.721881265965984e-01 1.138016938196693e-01
9.347350399457434e-02 -1.654897319900286e-01
-2.219692874319564e-01 -5.195044399399987e-01
-2.006179599450315e-01 -9.797000628083080e-02
2.230346877297541e-01 -2.050150143568291e-02
