
0.147374030467493310028e1 0.113967023944995029974e1
0.829267465785592292125e0 0.424899568383226502256e0
0.692796459665142712878e0 0.432488361024034559962e0
0.446743169198370131383e0 0.132703761537757340485e0
0.380345582519982442529e0 0.148973942028042235090e0
0.321151597141382869733e0 0.158267974604424285730e0
-0.173707480484120210676e1 -0.775105725090281534161e-1
-0.213881791718269863257e1 0.786092972024106568813e-2
0.199059251329777442944e0 0.640937334369038351413e-2
0.277064760093602336483e0 0.119539785348849441542e0
0.473037162424592026754e0 0.478860957489779245704e0
-0.118547857695962624439e1 -0.833324802908383717155e0
0.152682770236727372989e2 0.532215619246889988514e0
-0.183730397553927562899e2 -0.328423493916620489949e0
0.234191042809376194049e2 0.764606326364665673731e0
0.642772617910062539915e0 0.664896977225481575007e0
0.154521728519332623872e-1 -0.341244235299013891317e0
0.100000000000000000000e1 0.000000000000000000000e0
0.164907779200349194343e0 0.764883103715074852587e-1
0.696628458938902054838e0 0.123997677912102263856e0
0.756774985819024346143e0 0.676479245280376908540e-1
0.724499282605297676872e0 0.436195969975854551859e0
0.121316125349214315747e0 0.244468192020398270614e0
-0.502649754463897333132e0 -0.633263042972422995653e0
0.105631979727497380498e0 0.731434404534293670214e-1
-0.361176235934464119043e-1 -0.403413456059007794548e0
-0.290679761715896563376e0 -0.903056008666515613544e0
-0.956962726079769907222e-1 -0.278835451956647206636e0
0.160908457049257781884e0 -0.158232840770900270712e0
