
3.729409439208742e-01 -2.537514612394142e-02
3.424572702114805e-01 2.759473172379431e-01
-1.916007013716063e-01 3.431782449299481e-01
-5.352981538316208e-01 -3.313092520955529e-01
2.229786813479537e-01 -6.414425218329246e-01
9.754873477769691e-01 -6.675993883028947e-01
-1.017960456184893e+00 8.921187060025085e-01
6.224790871969255e-01 -7.128542190058144e-01
-3.814752003606688e-01 9.129067672875860e-02
-9.611972520085688e+00 6.768133796160571e+00
1.036838977339005e+01 -1.070364713338540e+01
-5.278891562767756e-01 9.302924729758367e+00
1.013553623064744e+01 -9.209439353669444e+00
2.021004453156042e+00 2.372297076795360e+00
-5.235637105617562e-01 2.441305557508872e+00
3.171561235287018e-01 4.786360684408525e-01
-1.079655033009884e-01 -2.458955314123620e-01
1.000000000000000e+00 0.000000000000000e+00
6.422570452136045e-02 3.041372927833490e-01
5.003267512523943e-01 1.020745431257628e-01
4.417149578877717e-01 5.197572894439387e-02
7.326502161270895e-01 4.552201634297915e-01
8.706846864663045e-02 3.572030183745957e-02
-2.827084489189582e-01 -2.195836796868743e-01
-7.764972291597791e-02 -1.725473467312511e-01
-2.099370896779769e-01 -3.813268848258589e-01
-5.487780683504214e-01 -6.622798903729805e-01
-2.693630741477304e-01 -2.707533034392379e-01
1.486635483928911e-01 -8.608966549941140e-02
