
-2.254975787950620e+00 7.396205525641477e-01
-2.953712309536440e+00 3.953007179032674e-01
-1.930096224515756e+00 -1.537537808818457e-02
5.970453902046090e+00 7.494179607514004e-01
-1.173306180701456e+00 -4.794838925924149e-01
-5.730878184916111e+00 -8.362460002554539e-01
-2.993557496854352e-01 3.646272780046630e-01
3.869688095283307e+00 2.008799275686455e+00
3.199136512061094e-01 7.290586670984792e-02
-1.258434165821718e+01 6.830526263831760e-02
1.734755076094931e+01 2.397910813045669e+00
-1.240163680650254e+01 -4.920078017308542e+00
1.457903132023916e+01 4.365449713808920e+00
3.403932242199206e+01 1.742337874280801e+01
-1.994689662021976e+00 -4.433754976447238e+00
1.000000000000000e+00 0.000000000000000e+00
-2.045603965281175e-01 -2.549307300211252e-01
5.643876097967417e-01 -7.646649707513180e-01
2.355198085265083e-01 -1.543375287990049e-01
5.708039334772018e-01 -3.774948902112753e-01
6.170768115073362e-01 -4.932078851722906e-01
7.402450888946516e-01 -2.524283381027286e-01
2.571768281864578e-01 1.880822984301327e-01
-8.513846784281368e-01 -2.163243809051597e-01
1.865045237671404e-01 1.096830328134540e-01
-2.786657085645560e-01 -2.416184772082902e-01
-7.188279881616924e-01 -3.525469715249716e-01
-1.909702958661814e-01 -6.618906542591027e-02
6.664198709156743e-04 -2.549034195592303e-01
