
-1.851917245160822e-01 6.002680413923897e-01
9.969099242869386e-01 -2.921855593563746e-01
3.089108765834759e-01 -2.561402011943517e-01
-8.598906069619905e-01 -3.602409461199703e-01
3.523689919178287e-01 2.384084302632972e-01
1.045082331478073e+00 -2.400270952724194e-01
-3.105619385012703e-01 -2.618958557803586e+00
-3.873686451735890e+00 1.620533575431906e+00
3.198214579689207e-01 1.712646120979337e-01
-1.272388693431839e+01 1.750227982832318e+00
-5.152954732043495e+00 2.176303108861080e+01
1.939136708880910e+01 -3.325432129219936e+01
-3.228589232318733e-01 1.955768278903557e+01
-2.519675031037642e+01 -1.399448411561249e+00
5.525709727142108e+00 2.207107467397396e+01
5.009022120081696e-01 8.500039458662560e-01
9.137171356101942e-02 -2.785423752047343e-01
1.000000000000000e+00 0.000000000000000e+00
2.668763245490261e-01 1.766289964902936e-01
5.933193885379124e-01 2.330144613240040e-01
7.090251759498402e-01 2.561757238425439e-01
6.515016924674428e-01 4.262519363620748e-01
-7.033930237522056e-02 2.530477090958096e-01
-1.814530115025642e-01 -7.638391836577585e-01
-8.863707348056404e-02 1.800074137238885e-01
3.005418107438244e-02 -3.302374230601936e-01
-1.874552849897104e-01 -7.317311822033090e-01
-1.109017835102339e-01 -1.755719578073315e-01
2.173705300842622e-01 -1.196393588091423e-01
