
-0.448069001078409781130680651699e-1 -0.222540982273499444500097682725e-1
0.111112544394286444670524087988e-3 -0.945031320664598426436330081297e-1
0.960474640845870801581147245969e-1 -0.168440931556797451102586067920e-1
0.160066178672489314137970340705e0 -0.790308521146763590562686105263e-1
0.109026853594505927111822638260e0 0.148467388901283702096513789688e0
-0.131299225288539875671363544345e0 0.137425501579917253586208565491e0
-0.436275867953937602254813331103e0 -0.272856136759391330444668391711e0
-0.118596535036385099248148432592e1 -0.223739798858326911089125739560e0
-0.266027629186859818634263800806e0 -0.108192140246931302095248334515e1
0.143758051426525754674230703087e1 0.199882603742115170868615732391e2
-0.485611916602427027538323668567e1 -0.154520401432421628054173425543e2
0.100796787542865839593575982338e2 0.666530389457097020407432472980e1
0.322188375763288571450234536999e1 0.751771318759441755766674556256e1
-0.502416447212163682515069186745e1 -0.605337452700255365900780867317e1
0.876113265438103233826486178800e1 0.204495173876216408938163476075e1
-0.122094174680090247008058689060e0 0.159212979676940388887168867539e0
0.234316357247964345644636905437e0 0.201614182732079890550095021341e0
-0.540300587406557442870724260617e0 0.383959773147798293064819877622e0
0.112491671549185838788472870834e0 -0.462697055273280030727071012875e0
0.201104130068995704290901081625e0 0.109155129645547685898550344123e0
0.890598230046998515490151167250e-1 0.266332155972375180020236212034e0
-0.192107176989114723161767486977e0 -0.149760442249277047195762855045e0
0.138377576824480673270728734750e0 0.652655078956788879759175307554e-1
0.496134779204476573693509027652e-1 -0.224008799366756560717323825973e0
0.271846066827707174083946166028e0 0.237603030841994998226776475732e0
0.224435902938120617806382840219e0 0.473641704882157603020459007241e0
0.100000000000000000000000000000e1 0.000000000000000000000000000000e0
0.448576455783522488795677875165e0 0.106663522539523424665233950290e0
-0.120630913062517027353572241180e0 -0.364847779510272407555872162116e-1
