
0.168266391467170390203876496737e-1 0.170861391604420597511264998757e0
0.985084864421081410331230012057e-1 0.600471912363458646263164866925e-1
0.134865247893714775579313901719e0 0.291788359699351260566832918233e-1
0.554945222949605563187597473547e-1 -0.334553869550276990948903979831e-1
0.241694309238559307066846510608e-1 -0.747900398294671235367746735990e-1
-0.723211614416775953379672746010e-1 -0.137406004649392898416695206841e0
-0.225155984190930133397637545938e1 -0.310091113179908154590622615414e1
-0.201830038730436220370252154298e1 -0.152308720911811358349517668315e1
-0.183481151421695071266752072575e1 0.375980374154143639292466076049e0
0.292659582078192206847806903201e2 0.243591707604321852822410771199e0
-0.438725958783681129847173417424e2 -0.128465272895323335758602267896e2
0.202624053237287805965923261357e2 -0.125743027911039389611732661875e2
0.815613832965469317980933267728e2 0.870924082037053934151913825363e2
-0.369534053722788668373732474518e2 -0.400635206767774972640862067113e2
0.156768406781491594614678315628e1 0.657375916757551872710072151122e1
-0.253383762557404019198488304432e-1 -0.364612124617784540315802605485e-2
-0.270255717336002094431000187738e-1 -0.447273304308188158483893595357e-2
0.401290858655597275487474866731e0 0.224858080760747655974529247425e-1
-0.514768029667011854461313219056e0 0.476780784108760698900830651529e-2
-0.278961204727959901273104441164e-2 -0.217861941559724960060909699714e-1
0.100000000000000000000000000000e1 0.000000000000000000000000000000e0
-0.416006660152949621941418864919e0 -0.472800653479933893492010681186e-1
0.281189391931579018471696201805e0 0.569131793602310386684231577934e-1
0.299975199734599532195523903773e-2 -0.142502784344536927351547864068e-2
0.977837364095011471798866811906e-3 -0.851636964890049357197555267316e-3
0.909020425429597218484244707145e-3 -0.388921919566851533455627491658e-3
0.399504660322750645443781664705e-3 -0.418719754144360925011812733190e-3
-0.382667472855039280882016248574e-4 -0.188031333873692303956489954112e-3
-0.220728958073052310317403759344e-2 0.142261413730444730889000304911e-3
