
-0.606932299557928007556e-1 -0.637137826629055067338e-1
0.614555040820312248785e-1 -0.385387898080833677435e-1
0.170629609188447407510e0 0.845352976385421406530e-1
0.104111084889254054513e0 0.123406877186931876804e0
0.915187666882634204285e-1 0.186440453510135525214e0
-0.434178549334612537639e-1 -0.596930945240263700467e-1
-0.102453028389175237101e1 0.138696547847964654014e1
-0.166953629579712004331e1 -0.184091142634195971520e0
-0.240126466036824335660e1 -0.353539033312725934765e0
0.410066344025168479440e2 0.307679233005569659418e2
-0.459545527226913293681e2 -0.179228477425521816758e2
0.279101699907403945008e2 0.850451870747494038678e1
0.435657020885668854505e2 -0.329020737626720644713e2
-0.221062573826130582214e2 0.164019779546508164391e2
0.476908173260089120584e1 0.208537277409036353078e2
0.133127135195902803560e-1 -0.121085477413042544291e-1
-0.266648281900163913518e-1 -0.106837969967848619246e-2
0.100000000000000000000e1 0.000000000000000000000e0
-0.803936098042224305514e0 -0.604377510031891735135e-1
0.145466677634850643356e0 -0.461168006572726565539e-1
0.378022816593100464684e-1 0.399832913348320685958e0
0.890529745998722477486e-1 -0.137378639902578663159e0
0.787974326986952055218e0 -0.193305954673801351951e-1
0.491299737042082669346e-3 0.154600673130011123897e-2
-0.721844448913199486138e-3 0.963011927065646585314e-3
0.183836994470544049086e-2 -0.110400148822118232127e-2
0.307211263781154892684e-2 -0.126572607680242302962e-2
0.469202661339345229944e-2 -0.149228941570738862060e-2
-0.414531945866608837148e-2 0.888643906655176094166e-3
