
3.316129211938335e-01 6.733130251170760e-01
5.702886768851079e-01 7.920460328779180e-01
9.915153298987436e-02 2.012534478436407e-01
-4.461146735829006e-01 -5.961125845377538e-01
-6.266920358865324e-01 -7.676409404985625e-01
6.431513188764386e-01 8.829257337051497e-01
-1.321335132870833e+00 4.890872363199644e-02
-7.953072466069709e-02 2.717418091999322e-02
-1.421470012402936e+00 1.134535847009091e-01
-5.969126258157429e+00 -9.833629645302555e-02
2.247189077973643e+00 6.661215366509057e-01
9.848301253753030e+00 -9.083399863805190e-01
1.876453404424313e+01 -1.604738474507487e+00
-1.196754407865479e+01 1.398865790361257e+00
-1.279540778608570e+01 1.703074770960511e+00
9.791811866248544e-03 -2.388776526493390e-03
-4.796135932921281e-02 -4.297350526683088e-03
1.000000000000000e+00 0.000000000000000e+00
-9.569351655786950e-01 -2.103731603419971e-02
2.528385900487333e-01 6.407763128214863e-03
2.876187484675812e-01 6.429354151933052e-02
-1.425404316160314e-01 -5.710672117991453e-02
7.439626829141834e-01 2.440696505320463e-03
-2.056072650480155e-01 6.052289817305583e-01
-2.698199661585037e-01 6.592258699352116e-01
-2.850599848982365e-02 2.345587436869862e-01
2.269071117471630e-01 -4.706522528034695e-01
2.392740808263427e-01 -7.005759428708120e-01
-3.586766674491745e-01 6.399625889566443e-01
