
-2.662231009230862e-01 -4.594546812557528e-02
-3.853680806654734e-01 -8.523578360671166e-02
-2.938068023887487e-01 6.685893211242397e-03
4.119855036979075e-01 -2.653383502477022e-02
-2.712529235300669e-02 2.001199256905789e-02
-1.457624027748213e-01 7.247930315034543e-02
-8.728429038237635e-01 1.177969723903758e+00
-5.332699782343850e-01 2.800838489463711e-01
8.329303331157939e-01 -5.385983331474006e-02
-1.030931035123940e+01 -6.926831528742582e+00
8.412357213097730e+00 -5.284535926233564e+00
-4.588171432989959e+00 1.227517611504376e+01
9.454992680790440e+00 -2.228088036620805e+00
7.824899007928672e-01 6.130794830714478e+00
1.653186809319880e+01 -1.776609303187094e+01
-6.795429496408360e-02 -2.348573346193428e-03
-1.387743165068040e-02 -4.361227636599457e-03
4.313708240216118e-01 -1.995075879638261e-02
2.800434467006385e-01 1.001886721464077e-02
-6.912446507397436e-01 1.234417239699692e-04
1.465162089786298e-01 1.621818408933003e-02
-3.497049239583924e-01 -5.367990907899967e-02
1.000000000000000e+00 0.000000000000000e+00
-4.090672317462364e-03 -1.757671040267062e-03
-2.511843719206913e-03 -3.353803646828499e-03
3.355664141620276e-04 -2.454412784287112e-03
4.354048785074350e-03 6.867595214559802e-03
-1.204315194163477e-03 -3.105624295448456e-03
2.567173256151171e-03 -4.166161206987108e-03
