
0.141218317807028550007e1 0.152928173705145048239e0
0.764318964692454979909e0 -0.693290311887923123670e0
0.371446701333170842914e0 -0.830649401273281425332e0
-0.301659971666676517653e0 0.507868773701408818960e0
-0.659762087942710919038e0 0.994747550891747762378e-1
0.243259164519818848614e0 -0.833866875542136299737e0
-0.572069892315111041680e0 -0.476953656343355145999e0
-0.315428210309416224270e-1 -0.227724666160023820068e0
-0.284092808289353314962e0 -0.113223874819368908792e1
-0.496931678835741905218e1 0.584485222495465795269e1
0.544460739014708195328e1 -0.340886015419814810941e1
0.386018415021441946029e1 0.563353023663518553228e1
0.543380091499466990842e0 0.209200986927803385070e1
0.235224928180870479651e1 -0.985396186629263214421e1
0.442593669685795206101e1 -0.793686209423269180318e1
0.271944874700108893355e-2 0.173519504714024318294e-1
0.496227427205851541258e-1 -0.316864804036653484841e-1
-0.864208132676333192651e0 -0.364276847933735199459e0
0.747912916352031773622e0 0.168465380755318243084e0
-0.133104354352638853774e0 0.260402763892212915864e0
-0.237139966052529487875e0 -0.575843577173750774260e0
0.238849660077861214615e0 -0.157608408998163212358e0
-0.756161561670841064742e0 -0.295434943514277617549e0
0.100000000000000000000e1 0.000000000000000000000e0
0.598030215961561391845e0 -0.426337448834431646192e0
0.208473415373582013116e0 -0.474172718705946544314e0
-0.183648727090591221061e0 0.383239938969693542053e0
-0.497049897662183355395e0 -0.652041377354792809783e-1
0.235795419814623524380e0 -0.654576891945882497880e0
