
-0.261755903530727812324589379330e0 -0.379188004387344074703192814037e-14
-0.163095456704852141161941259181e0 -0.305361765416612327591680140681e-14
-0.894839279685546074868304000502e-1 -0.106206125179996159521310948398e-14
-0.139676262634526674877633412662e0 -0.231890328108915744766600534520e-14
-0.428556184182768990157367242052e-1 -0.902803743333409570421086596982e-15
-0.349641020251193338212350406764e-1 -0.281360479437278116046491475255e-15
-0.842652628493246874589735966397e0 0.346188256544026927769978247522e-20
0.365975687189165744843286185925e0 -0.279815901902415211399380523670e-21
-0.375631240905011588207151113653e1 -0.168451062115660667783266769700e-21
-0.166335078555723720436884126621e2 -0.264267555065793661181035890679e-20
0.101950018632793568487901330730e2 -0.485461194345826430535809564238e-20
0.300742318058292639111755247077e2 -0.152232292372406178029951314247e-20
-0.624871577870144744256700483728e1 -0.323230539839786521102036508409e-19
-0.184330841070549433083837122090e2 -0.213104896847256804782432876698e-19
-0.543757472304767400260909296987e2 -0.182887609912589218392266164083e-19
-0.120245366915964061473380909386e-1 0.498528197300009330568682332198e-15
-0.193700139889751074442815469606e-1 -0.732953719441814377942164969062e-15
0.592914801531533380843416487807e0 0.436985362029102129846566432671e-13
-0.718831205721359318047497020793e0 -0.320282254419515797778835180899e-13
0.816543930571970707466679985447e-1 0.319333651157191083977428223477e-14
0.100000000000000000000000000000e1 0.000000000000000000000000000000e0
-0.245216576231187707387675963638e0 0.725057144402055773004178044055e-14
0.327788169702506147738143874969e0 0.356465911755191373952835310539e-13
-0.122936627511894804556593802363e0 0.186266420592058724339931746443e0
-0.965487461793194012980842884244e-1 0.150001114071953925143247396590e0
-0.337593032197414074188134272357e-1 0.521709862057288072125312407823e-1
-0.731560479500774703457684473403e-1 0.113910171248628708716466543767e0
-0.292470073783760782852252317387e-1 0.443479424427292103603517766829e-1
-0.484465440869185443633384230209e-2 0.138211062458179989657203271362e-1
