
-0.170423180390445266341e0 0.436666938521984789654e-1
0.701955139424662166110e-1 0.220785721554106172465e0
-0.876264055490975556244e-1 0.111418657564283819540e0
0.285008994443950030071e0 -0.108852175175256895311e0
0.153060028420398715462e0 0.106846935998803755333e0
-0.147254642559624665986e-2 0.114198852928286755530e0
0.295816447310359230179e2 0.906653844158511965003e1
0.551762246143698761348e1 0.135832817903237025614e1
0.813249381124288298539e0 0.553708315581922203041e-1
-0.199816516423101533717e3 -0.670623125312245808721e2
-0.114447424923760503315e3 -0.382656379634515698696e2
0.303114807028746896134e3 0.972521622365527084395e2
-0.690854369752461048154e2 -0.885310948643529251403e1
0.159303140495825812331e3 0.387854148730070130945e2
-0.424010627375965458929e3 -0.144776853194459802929e3
0.544565186588430196252e-1 -0.255245339114805398596e-1
0.100193413130576445335e0 0.113606946652069857826e-1
0.654163052176611662826e-1 0.279623996360970059874e0
-0.341027236479351271708e0 0.303994657434855691569e-1
0.203599358927236200379e0 -0.316047265088514168455e0
0.397550094383715351532e0 0.221290622654665472104e0
0.100000000000000000000e1 0.000000000000000000000e0
-0.626454040979445711253e0 0.422115250968303117388e0
0.205674385769410541423e-1 -0.353431881554376153443e-2
0.683005579960877157195e-3 -0.237120217028542731409e-1
0.141907614993412187732e-1 -0.109762457635894809469e-1
0.257727802119014813567e-4 0.119431338910853590391e-1
0.920487026016051231484e-3 -0.122502505255157979092e-1
0.996259142472955420055e-2 -0.115674792971302915720e-1
