
-0.957240634005794465971e-2 0.283079309419362327116e-1
0.605616609451980481073e-1 0.630103161006631080823e-1
-0.350589039586749143437e-1 -0.241330404479956192308e-1
0.177090839854841441137e-1 0.494121255224850736142e-2
0.256675077112402408271e-2 0.341832987108928061479e-1
-0.813667764542619945486e-2 -0.332491434941847400713e-1
-0.513670045257117481412e0 0.694150750163293944696e0
0.372811542863190214234e0 -0.219132540882283778893e0
-0.844375613818220541412e0 0.198766088837610534375e1
0.489640391873835399738e1 0.587431951199374562198e1
0.249402812598950339700e1 -0.727429432322796212795e1
0.499052418376473996484e1 -0.916898821319215966488e1
-0.662169311649920790293e1 0.384505332390141830166e1
0.618145810040805555484e1 0.143052603459119244871e2
0.670502470975548686433e1 0.277880608113472279217e2
-0.219092753813508514922e-1 -0.383872743149465452337e-1
-0.183495683559671192740e-1 0.557123086751206049613e-2
-0.448432205334486985000e0 -0.316925790167434833145e0
-0.359350346689540307355e-1 0.559315549548525887654e0
0.100945563052650424433e0 -0.397228848519523523430e0
0.100000000000000000000e1 0.000000000000000000000e0
-0.539968087897941717524e0 -0.213648895825243733310e0
-0.535406897934832380181e0 0.732501933971571108110e-1
0.997611295200564309994e-3 -0.702342376847844709313e-2
-0.318928588247491038481e-3 -0.736863882929930781485e-3
0.329686035273697478892e-3 -0.474647864771723577438e-3
0.174700459760837542233e-2 -0.906982411568389769378e-3
-0.109784894980804609691e-2 -0.243373494169136620950e-2
-0.154138233901882289436e-2 0.793658948068847488594e-2
