
0.977220200529266978573e-1 0.140298256026407511918e-2
0.176224885335625604664e0 0.192904641180258329408e-2
0.141077704715620964716e0 0.131236043093104962805e-2
0.317787629421439369259e0 0.239497160805038999769e-2
0.254405034403529006055e0 0.149904985525255767057e-2
0.203663518079971189227e0 0.865242354145972605611e-3
-0.169096255068445928081e1 0.209667478133822617330e-1
-0.215933583580166003901e1 0.484809748984947041779e-2
0.279245154130432383764e0 -0.113619110228302404008e-1
-0.138530681797105391048e1 0.135241840043638180627e0
0.197546146912365227295e1 -0.316432247331328200704e0
-0.150820661627280122499e1 0.302381201311233605575e0
0.132124436936026732857e2 0.782268211330776341850e-1
-0.178737368080832058834e2 0.874320695213750332699e-1
0.233730198197796718747e2 -0.276695593047135150050e0
0.609481343009694437725e-1 -0.344473919861740815030e-1
0.927082130308161851559e-1 0.239859304960307044404e-1
-0.318560508052169775051e0 0.100444754614300898648e0
0.786035728973046368210e-1 0.227313448206999752009e0
0.219030361112753897563e0 -0.429953552995496549581e0
-0.290099423419891036850e0 0.303546914406163152543e0
0.100000000000000000000e1 0.000000000000000000000e0
-0.806350485814969769041e0 0.310670728605928190294e0
0.399798632943366674611e-1 -0.250573540510748061805e-3
0.557731511352659255738e-1 0.131346713399769518286e-1
0.458533305086998823331e-1 0.113559390589247736827e-1
-0.102965270018946143467e-1 -0.665390169905782585110e-2
0.858415072531941489841e-2 0.323418761052485229445e-2
0.445042123307661444420e-1 0.200418564118206727425e-1
