
1.196803069945568e-01 -4.841669807828886e-02
1.747037809331545e-01 -6.401276639943858e-02
1.328957324690322e-01 -4.331189304662966e-02
2.547056594153855e-01 -8.384451775892933e-02
1.934949813452591e-01 -5.602748714112576e-02
1.467861531800497e-01 -3.680664557213154e-02
-1.338722405030276e+00 6.931905516178638e-02
-2.067549254159779e+00 2.550197014595079e-02
6.637585391480004e-01 7.137868545540000e-01
-1.062892773798928e+01 -1.508923419694144e+01
9.273516250516430e+00 1.497449232143778e+01
-2.297268994559599e+00 -6.250836309079403e+00
3.603315684410322e+00 -1.231891250510040e+01
-1.370404941864686e+01 3.356854761917917e+00
2.058558022990125e+01 4.875020742430944e-01
-6.671493872941525e-02 2.190482033019768e-02
-2.160549752984575e-02 5.528421157476655e-03
4.105157621270898e-01 2.150883138562304e-02
2.870251146680984e-01 4.335553504814747e-02
-6.572188466998782e-01 9.584068417677000e-02
6.225493477154541e-02 -5.649096158408524e-01
-3.955568906470051e-01 2.539905896813136e-01
1.000000000000000e+00 0.000000000000000e+00
3.350697255652564e-03 4.248145811267205e-03
2.971954274564929e-03 5.411392022950877e-03
1.438538422193139e-03 1.342054458818300e-03
1.503995323123092e-03 5.821550823809386e-03
-1.330381142035883e-03 2.972257782354334e-04
-4.656627789556737e-03 -2.293657466534909e-03
