
0.152284026324891697218e-1 -0.286082040638117712246e0
0.174726744548476401405e0 -0.110288259822903949374e0
0.440726417071795436355e-1 -0.114191091941664430810e0
0.189344833108904070956e0 0.114423907235642490635e0
0.768813764359613738831e-1 0.135023578426638235132e0
-0.204573235741393240664e0 0.171658133402475221598e0
-0.129766652979791059029e0 0.512555515965681651725e0
0.973869490600745820120e-1 0.281172593177280476751e-1
-0.365906632443416210214e0 0.481273096151145833398e0
-0.479679113402876842846e1 -0.251213940242244400088e1
0.244298435307064349341e1 -0.901693516055494219169e0
0.827921808795130402883e1 0.870732778129075290943e0
-0.172839675676370931935e1 -0.276265845451579709446e1
0.541261638687979671283e1 0.542415687660440186575e1
-0.154920810123341675600e0 0.104713894701145558935e1
-0.597227866339413921309e-1 -0.225813330741401430532e-1
-0.318121480042827108289e-1 -0.175116958319094762811e-1
0.251147994567581901671e0 0.151818251230822656462e0
-0.125721198019137786031e0 0.606414988808740650813e-1
-0.331293201495857618386e0 -0.182333739898427221553e0
0.100000000000000000000e1 0.000000000000000000000e0
-0.652503814089434003515e0 -0.208359962026454644072e0
0.472890598522178066574e0 0.360727665633859035835e0
-0.155626294043212231799e-2 -0.536330493784685610379e-1
0.143332046594963732319e-1 -0.240424976947169765641e-1
0.118329153828382852674e-1 -0.222894085517914126464e-1
0.629045958922931979092e-2 0.514925502777715545267e-2
-0.971709310719817801728e-2 0.214096490629644306266e-1
-0.108929820743628731550e-1 0.383586375305054211071e-1
