
-0.419834862765916291090e1 -0.323756869228914330168e1
-0.217926796521109426407e1 0.191385453369168252497e1
0.149563308161183625416e1 -0.644980097225691815491e0
0.321071357726371831324e1 0.130178112554184389539e1
-0.204395006426711846499e1 -0.178633222152128032700e1
0.987635050395444597762e0 0.193578756674729940618e1
0.950311763176195464786e1 0.526910639160419298505e1
0.482491868252800220349e1 -0.114997895802018075097e2
0.524346952600569134293e0 0.934693325547981076465e0
0.926326497616604543281e2 -0.628166138487317686490e2
-0.126626509737773772842e3 -0.702293808773923681418e2
0.720527408525590793500e2 0.114966155740387678860e3
0.728245503063027846673e1 0.363271295105411332130e2
0.116121367790321441099e3 -0.834713397402093642552e2
0.643553255639990342066e1 -0.102378236974965124276e3
-0.765659238823017351773e-1 0.830966596697728607256e-3
0.889608553357930929578e-2 0.814789002050335005312e-1
-0.387651540375505077192e0 0.682197967530826924576e0
0.100000000000000000000e1 0.000000000000000000000e0
-0.826931390343232390529e0 -0.482960928742391961739e0
-0.714552211864938222416e-1 -0.203661314120310732624e0
-0.370730312656132845133e0 0.859296544291140816456e0
0.395711310881500772225e0 0.661697558075669311768e0
0.226708257809872801086e-1 -0.193685299651080985975e-1
-0.697153798640528798121e-2 -0.142233269256240070248e-1
0.164149695256297009180e-2 0.864740255208803098558e-2
-0.106501229844584909235e-1 0.166823369840397137446e-1
0.122566669429417916865e-1 -0.925757445847856059761e-2
-0.131262931368212176329e-1 0.288064858845865077117e-2
