
-0.261984797140990232343e1 0.424266749504347938371e1
-0.729200491301200060727e-1 0.157397120714225848001e0
0.304660260290210095901e0 -0.309603027257368677578e0
-0.137211624503617820984e1 0.312185203757707505383e1
-0.109612516275884506068e1 0.229859864113689051296e1
0.231976278150084261787e1 -0.352729551544726874267e1
-0.163885831038379231692e0 -0.610783397562087470251e-1
-0.332194305638865779645e0 0.310497095699372813865e-1
-0.788844982101132112572e0 -0.848566768937689223928e-1
0.125372855597231659219e1 0.233078936326554177758e0
-0.398491253831436007264e1 0.170433283720009944875e0
0.131515815303001293328e2 0.948336594076065438411e-2
-0.158839937427082844324e0 0.409376442405667516941e0
0.466980535891979083030e0 -0.569120943914342026907e0
-0.109488861854523374779e1 -0.642455378732221694645e0
-0.254020835669613929993e-2 -0.259705660538005202211e-1
0.385456215121838052092e-3 0.483104400356769327645e-1
0.457057012289296435117e-1 -0.685984365981513682085e0
-0.221931065434466570139e-1 0.747421417950352019993e0
-0.245911074901475511294e-1 -0.380846328453538527509e0
0.510942494751757353305e-1 0.149228001822501126248e0
-0.678498178983281087109e-2 0.680759075353901014436e-1
0.488496601063556887243e-1 -0.448781975912998673810e0
-0.836120275207591948498e0 0.202987087977967908567e0
-0.165212211777384043528e0 -0.548133653958097907271e-1
-0.161413894513789949817e0 -0.157625543705462113557e0
-0.261758227084338996075e0 0.384802610198265386326e0
0.347391620146235606070e-1 0.409528702864128279170e0
0.100000000000000000000e1 0.000000000000000000000e0
