
-0.146923245994110404066117293601e2 0.279049792482835730603137537104e1
0.885006675413289449062426312935e1 -0.178211184710503909013940183354e1
-0.403154800630453283331787422149e1 0.755134117550937288449711785289e0
-0.533025190894785704119802349168e1 0.113457612625561625921551793497e1
0.242851305209187676752903215036e1 -0.482625886230442599754761032484e0
-0.110624233141020395694504547629e1 0.204307490060007101230966953338e0
-0.202628962187453271693528944595e3 0.428530773925523811593390046065e2
-0.104262516588455504034947731737e3 0.210270283265412641178529909918e2
0.643347207446307734726626567085e0 -0.128331101963483205338965968601e-2
0.930631909930809311483355769629e3 -0.202705771140275741946979115617e3
0.763334799403755372249430834393e3 -0.161955291228582576817788438097e3
-0.171616627662845697058551774054e4 0.368480435834885582518298235203e3
0.522223784152207335864154094405e3 -0.110458233096170142570139854819e3
-0.163566468227481042488458222793e4 0.338880684389787168697443796157e3
0.266420936245704248588685294696e4 -0.564771430044006041708927652849e3
0.550322517659169092076147327620e-1 -0.517128085807625915115014500708e-1
0.986055833570915037704705176417e-1 0.266508752989260683155358658900e-1
-0.495409139165277569332141147203e-1 0.395778105223041131502075554104e0
-0.197290105632771344744053766909e0 0.202122104934461657938337048194e0
0.189296732848527392828583212066e0 -0.649654190369067113643084224645e0
0.185016864802293948033459477943e0 0.375958278774252418691592000566e0
0.100000000000000000000000000000e1 0.000000000000000000000000000000e0
-0.665216688354355656743577719565e0 0.721568489152827316849335318030e0
-0.426421442081335965266139918104e0 -0.195071757165698874942692567876e0
0.266093757382829938909747942380e0 0.120561386679827093700648417115e0
-0.114542288014052660184731617742e0 -0.521078864870617165271597949731e-1
-0.171300377857851870646718536880e0 -0.781832596279599917749324970818e-1
0.695302984524676323192101139208e-1 0.308449461793215267151875364406e-1
-0.301173999176411736502555482766e-1 -0.134081959738101764134266616373e-1
