
-0.745395746480956455698e0 -0.173370740263634014807e0
-0.625518545166991576372e-1 -0.226194616239658745381e-1
0.567517804516704524494e0 0.138500732882074627142e0
-0.353478786074748534171e-2 -0.223466815780790362182e-2
0.366062079795368749060e-2 0.762448849305104743312e-2
0.748930534341703940931e0 0.175605408421441918390e0
0.562121034819953317805e0 0.323588132095478308529e-1
0.409311517655732501456e0 0.291199134647561826313e-1
-0.759675807539355038393e1 -0.318112678020817355286e0
0.368520652481247395042e2 0.101906388684535228854e1
0.742324493127535648242e1 0.221480174432434541226e1
0.491026601840336827838e2 0.115304057801274246857e1
-0.123894383550850536564e3 -0.889833950586741980956e1
-0.394227973034878129447e0 0.311141396780327925982e0
-0.372744146983968077727e2 -0.121195465389906281012e1
-0.102514605788404245213e-1 0.578519062779442666945e-3
-0.514295020893720590966e-2 -0.547481755407934487754e-4
-0.433314848500139484087e-1 0.284940002231363766110e-1
-0.323873331632367857330e0 -0.216750853740755547206e-1
0.116026714965108197398e0 0.289657418363867946772e-2
0.100000000000000000000e1 0.000000000000000000000e0
-0.280028944627600297619e0 0.929591670416494383786e-2
-0.278569423582712681343e0 0.206879623734477391568e-1
-0.771377553405794613500e-1 -0.235511861688835641840e-1
-0.788205385361243993094e-2 -0.278807570374273136344e-2
0.564096628921343467869e-1 0.184707074362317909363e-1
-0.311161011758306124421e-3 -0.258591221772743451343e-3
-0.271323563812821113736e-2 0.392669588459092049790e-3
0.814230828213078114381e-1 0.241903973628734056384e-1
