
-0.550388067630009587396436963198e0 0.222364932173134083253233715707e0
-0.385588097508783814332743712178e0 0.186738877079707784118658921461e0
-0.118697241554126700517370904236e0 0.658342980270834874344071005040e-1
-0.327476402767095735041184467599e0 0.132024366617138157930945521154e0
-0.139191061259919948344067406140e0 0.319275978562918727439551327056e-1
0.117976669596728308090219545304e-2 0.293650559078537721623125229794e-1
-0.144607688450051832707726118371e1 -0.379299928221238851527466375428e-2
-0.465858023503996806421191475487e0 -0.331337220737701131260010334941e-3
-0.454349077410595634011959274051e1 0.120179229016225084604832477173e-2
0.901134595097597522564314804210e1 -0.895988811870557596650243409204e-1
-0.255199084508979776181931557105e2 0.124038253468291873581354964083e-1
0.412670385754209674386708609795e2 -0.365477903344773617990554106471e-2
0.451139777813253572760115081747e2 0.177352887653058259383874996803e0
-0.356141855831832225987980092586e2 -0.671864516253894921907071616907e-1
-0.541253237323013325016546562152e2 -0.877540064660024997188506546713e-1
-0.182281647588138323760486759530e-1 0.186531627839730147373353768689e-3
-0.500037160594197117387825458341e-2 -0.268897227864400622053384923385e-3
-0.234616334695101632087161534409e0 0.194190785653730661483845890173e-1
-0.140825726781402888732290920935e0 -0.136917200172879525703334640834e-1
0.536968061727469560637513831907e-1 0.788001426432803994825587836273e-3
0.100000000000000000000000000000e1 0.000000000000000000000000000000e0
-0.363429398574381339831212812017e0 0.351156664468826256751701785131e-2
-0.378314596465477975046250925035e0 0.161566495224762029162381502602e-1
0.623716963482755889901747811879e0 -0.692417230935175340211739576582e0
0.523341235864080401100232973270e0 -0.581765717444318759640948301535e0
0.184540056427615272609465292801e0 -0.205405921505450704946261450375e0
0.369770177805646501298586327828e0 -0.411596604664988768094748143912e0
0.892773920465644211874797497255e-1 -0.998805749194584048313106071355e-1
0.819058280148230267660270942200e-1 -0.917938926929029001573469908549e-1
