
-0.157205724121540194103e1 -0.129362745521643257736e0
-0.121903226842922875086e1 -0.107729314468372913867e0
-0.470192944219799340851e0 -0.587439241129923664424e-1
-0.945248682313713349144e0 -0.892913138023335492121e-1
-0.364511314964829677827e0 -0.477782336226738589839e-1
-0.140377849345286304724e0 -0.235883861563625204098e-1
-0.720795266020528035392e0 0.160391466279561443255e0
0.534921616868654907983e0 0.225914247599095775550e0
-0.363030280996501108787e1 0.143668578008689807571e0
-0.211998073967696947836e2 -0.580328290528601868203e1
0.163901914918572019012e2 0.771099111909397616667e1
0.283008226478250649073e2 -0.204723247234948492771e1
-0.152261487665530749957e2 -0.111478380080535520351e2
-0.152559677556745733025e2 0.400616951442577672732e1
-0.548368686599253914137e2 -0.981528121951062827808e0
-0.115729158993583631300e-1 0.427002409210133163611e-3
-0.211116872800209920709e-1 -0.197245584426329349502e-2
0.664640647392213347079e0 0.722695203446378568702e-1
-0.769981903069088481541e0 -0.520908636441303466347e-1
0.853867985289060407766e-1 0.443884009457994469083e-2
0.100000000000000000000e1 0.000000000000000000000e0
-0.239336579795020744257e0 0.405556285953541190376e-2
0.389971149765601388359e0 0.629922731133730451721e-1
-0.373574801047030662364e0 0.369373884841830192236e0
-0.288117118090195667494e0 0.296505502512622458094e0
-0.110212611697740473452e0 0.101028697786780084288e0
-0.219433063823391433800e0 0.225262468421312548301e0
-0.940155663492470937946e-1 0.881563908492673485313e-1
-0.797896851240319915665e-2 0.256803362622968436568e-1
