
-1.083162676165539e-01 5.899219873658221e-01
3.800826217013953e-02 -1.533447566681507e-02
6.747096167060199e-02 1.959598056898016e-01
-2.275705181459781e-03 -1.632395432600437e-03
8.840222627836557e-03 -1.106406428613234e-02
5.355445949839892e-02 4.754373664792382e-02
-5.588130076631752e-01 1.075697962525999e+00
2.936964675990222e-01 1.614336856547967e+00
5.063811406696422e-01 -6.409548438336130e-01
-1.504343929484541e+00 -3.164023624671891e+00
-3.222862518314238e+00 -1.942501850987277e+00
-3.521814823077825e-01 9.458201612687668e+00
2.359240893700436e+01 -4.528597927628119e+00
6.501875795037342e+00 1.408943830921424e+01
1.161055583183175e+01 -2.191724765814310e+01
-6.760902416388979e-02 -2.095872579271409e-02
-2.429744554358931e-02 8.974924381636034e-03
4.702232017226826e-01 1.100819246470386e-02
1.708992699328850e-01 -3.651185837001464e-02
-6.246211532674301e-01 -1.455600415781820e-01
2.523151369690363e-01 6.127232527552844e-01
-4.407869423948890e-01 -1.343433172567954e-01
1.000000000000000e+00 0.000000000000000e+00
3.243356412086813e-02 2.180797068348885e-02
-1.031777874314666e-03 6.817227216217058e-03
1.516840205528958e-03 -3.052136721700409e-03
2.837871767276159e-03 2.560818285238298e-03
-4.085316514486776e-03 4.935139945841193e-03
-1.644714745808917e-02 -1.552032963670474e-02
