
-0.258751121776912138678e0 -0.881587003804096880274e-2
0.208079099767567336841e0 -0.129971365478775683537e-1
-0.108495786342924071682e-1 -0.123125495910378680177e-2
0.146779543513616133379e0 0.814014106511613385535e-2
0.196344791382167957247e0 -0.473631104574324858519e-2
0.111971578263296005326e0 0.675728972924834886404e-3
-0.746556729213537879127e1 0.149877941598325471046e1
-0.392321928449634238544e1 0.413024957272632109315e0
0.462605808957498475139e0 -0.218261536375359449546e-1
0.220508204611109665649e2 -0.705550351646925349427e1
0.251529927306991264238e2 -0.586055601907196098335e1
-0.546535488078948601919e2 0.140225384419041905638e2
0.405637176343824873634e2 -0.641771982456381494698e1
-0.570901033965433310040e2 0.961459279700902182293e1
0.941370798440135207533e2 -0.190846347726710323968e2
0.598921743676444781558e-1 -0.349925517253547317307e-1
0.945595197797561076502e-1 0.209700742210865447852e-1
-0.196293165038339938256e0 0.181522395044680167581e0
-0.676570375482749146421e-1 0.191197190894579348647e0
0.227895607850992318539e0 -0.439649550502236557319e0
-0.683974552211991101706e-1 0.266550875359746030160e0
0.100000000000000000000e1 0.000000000000000000000e0
-0.759471489835264982433e0 0.403888575623885267771e0
-0.693892332011289983666e-2 -0.451097150839044678164e-2
0.861773617715087506600e-2 0.486991263269605119391e-2
0.159245592720475188098e-2 0.799942098152030265884e-3
-0.763278581932156102345e-2 -0.465758819158478819006e-2
0.131560865617204047190e-2 0.336096930037512078876e-3
0.500819751376552882219e-2 0.290420334821099580230e-2
