
4.586039955365888e+00 2.287989802774240e+00
5.261199528501949e+00 2.551107189464921e+00
2.868082870215299e+00 1.285870654134071e+00
-2.286920874241565e-01 -9.398493452730415e-01
-2.962365743116018e+00 -1.463725820466190e+00
-4.357347867941732e+00 -1.348140457501197e+00
-3.677534099146493e-01 2.670264442302460e-01
-9.246107772469786e-02 8.544190969889482e-01
-7.431742103932112e-02 -8.684257298841109e-03
-6.409718392771396e+00 -4.458105239668704e+00
2.580574520522139e+00 4.600434936188108e+00
5.600875477005373e+00 -1.003705540381732e+00
5.385174708500738e+00 -3.325891480883718e+00
2.868048446575175e+00 7.523866341274394e+00
2.725736086861549e+00 -5.929722758609497e+00
-8.931672831999218e-03 -3.085182638820029e-02
-1.316974583036475e-02 -8.337512769446032e-02
7.072443874677645e-02 4.478309489129667e-01
-4.550225079080564e-02 -4.337185802943308e-01
-2.674988223556022e-02 6.192023849356347e-02
9.427499887417212e-02 3.725952804522568e-01
-1.466268722287919e-01 -7.673189792962571e-01
1.226226683538287e-01 6.070161173424172e-01
8.742068824309102e-01 -1.042275035384460e-02
1.000000000000000e+00 0.000000000000000e+00
5.518026574079730e-01 -3.158612633428318e-02
-1.686227918085075e-01 -1.423759730775241e-01
-5.756820627620437e-01 7.284515090221808e-03
-6.840389038655901e-01 1.369886011724288e-01
