
-0.175594915185942198727e-1 -0.309115126158323752827e-2
0.205903574262679538559e-1 0.550129009938282934423e-1
-0.871245841696300341608e-2 -0.246000296592626136512e-1
0.186328695286525953495e-1 0.184169109117896054384e-1
0.579719207426327074709e-3 0.138837824097591918965e-1
-0.107337801005837548274e-2 -0.153257596502063679110e-1
-0.907184678812052933019e0 0.949788839002206329923e0
0.481387663257295162270e0 -0.136270547136487270090e0
-0.405356994493168633527e0 0.347589963649825541502e1
0.167173303247503139603e2 0.156960140801083029138e2
0.398098226467591957472e1 -0.113834371857671359501e2
-0.645217166119612089677e1 -0.211134282670939133625e2
-0.135420678697368245987e2 0.439705156659429628003e1
0.120220911563585034620e2 0.275045722953893136652e2
0.303120426581003361184e2 0.568070388710085072068e2
0.990876053216983058231e-2 0.323573538869352664020e-1
0.151562852105209638309e-1 -0.700172823243350006334e-2
0.869030628965211980250e0 0.423249423794217524101e0
-0.147575441405850456316e0 -0.671687615250959397812e0
-0.245807930139701654842e0 0.373883675537485362733e0
-0.888878700365554003191e0 0.243892051901680437026e0
0.541767234624064447125e0 0.156184691626797332061e0
0.100000000000000000000e1 0.000000000000000000000e0
-0.543156695334805608722e-4 0.215611675053067958264e-2
0.755728578848836616203e-4 -0.125926835564513915076e-3
0.136548226488431096715e-3 0.258770120535668008216e-3
-0.860649014374369743002e-3 -0.363880087945941182707e-3
0.496718145556781574489e-3 0.105794498884452164520e-2
0.350377014438272784904e-3 -0.317629714984148586085e-2
