
0.257686217722925880341e1 0.210206374301768171759e1
-0.479426937903991363637e-1 0.254424767947054246734e0
0.870974260385585466134e0 0.241678912751702423231e0
-0.104157538478323831964e0 0.105912511520959383838e1
-0.416702696839988161257e-1 -0.368569017255013370196e0
0.281837134623334361591e0 -0.114199317503323663589e1
0.418633651163103962011e1 0.146288662445017816254e1
0.863057284415807187197e1 0.594433358572580112502e1
0.719027408279573650293e0 -0.123530439024135980331e0
-0.185617767883624523121e1 0.525476380566039680741e1
-0.232756876011652408601e2 0.356897575365137114333e0
0.146872820813690299051e2 -0.832353256385295086836e1
0.413079395246677965291e2 0.116019218158277860036e2
0.933427840943253525965e2 0.527850757257668197001e2
-0.394517618458315512953e2 -0.168566856214881828132e2
0.562834857827859543297e-1 -0.302329731997020164944e-1
0.966350080377387504743e-1 0.139199124717898894167e-1
0.300635882941443145737e-1 0.169615502807079084131e0
-0.284221291877706108621e0 0.213916972786767032672e0
0.212327307528811679894e0 -0.395834908009792687188e0
0.239089020985287606846e0 0.617455365158783574557e-1
0.100000000000000000000e1 0.000000000000000000000e0
-0.621638639501365120217e0 0.419070569380546866455e0
-0.356435666618496126564e-1 -0.303782876158466680373e-1
0.122672289609920161976e-3 0.337706257977277313891e-3
-0.988135385067941346423e-2 -0.461459505458625973105e-2
-0.159356888027140313084e-1 -0.163508570642292299902e-1
0.101531248219020306410e-1 0.574797208495690855911e-2
0.109549095024273819375e-1 0.160193576691058502419e-1
