
0.147374030467493320653e1 0.113967023944995020368e1
0.829267465785592286108e0 0.424899568383226446962e0
0.692796459665142842061e0 0.432488361024034602788e0
0.446743169198370193237e0 0.132703761537757322067e0
0.380345582519982465704e0 0.148973942028042256598e0
0.321151597141382914375e0 0.158267974604424286502e0
-0.173707480484120200973e1 -0.775105725090280883098e-1
-0.213881791718269868158e1 0.786092972024088440953e-2
0.199059251329777480308e0 0.640937334369036994297e-2
0.277064760093602324367e0 0.119539785348849463497e0
0.473037162424591918497e0 0.478860957489779248062e0
-0.118547857695962635107e1 -0.833324802908384033851e0
0.152682770236727378315e2 0.532215619246892824353e0
-0.183730397553927563472e2 -0.328423493916625163728e0
0.234191042809376189643e2 0.764606326364668522147e0
0.312389216235563911071e-1 -0.661261556689754176564e-2
-0.888525951152916428508e-2 -0.283648821152738679296e-2
-0.862886703869055205754e-1 0.250970056777193242458e-1
-0.160532292289024871096e0 0.147837762280894494463e-1
0.331379073116817645902e0 -0.508562257864643491772e-1
-0.275492938665689311191e0 0.528401074166383929044e-1
0.103966814654619338438e0 -0.570074393460391381483e-1
-0.281406375135937294915e0 0.692241049174214369697e-1
0.100000000000000000000e1 0.000000000000000000000e0
0.455533514104451050727e0 -0.351176116215546522492e-1
0.386715199724814925940e0 -0.878487552463604393148e-2
0.927104834946495609947e-1 0.931877102194198544526e-2
0.776487373473196517272e-1 0.159227644292710572608e-1
0.518174722346094616460e-1 0.179860905718123710105e-1
