
0.131248633040581621904e0 0.240446534466999247649e0
0.692117410630467394574e-1 0.204618503394356910857e0
-0.166872107510312106337e0 0.782245605251269729679e-1
-0.259800121835997745879e-1 -0.197954363038236419420e0
0.394158252113092695335e-1 0.883051480428453169230e-1
-0.105268620856981847306e0 -0.424921714287628282284e-1
-0.664224964861361009776e0 -0.106807511129346779711e0
-0.943375651367425451736e-1 0.855726085945486431852e-1
0.663758539148000000006e0 0.713786854554000000023e0
-0.993699650057208565355e1 -0.173802296996918923195e1
0.702466998350822476689e1 0.293538781543041913617e1
-0.266690189857167528971e1 -0.710427882152248484386e1
0.104928327639124717753e2 0.273016329224155274201e1
0.414565691469283471035e1 0.358759694188533385093e1
0.118161197118581552017e2 0.933124324675242346715e1
-0.389215116183102087398e-1 0.258684097609239788877e-1
0.309991739125437375613e-1 -0.519851400751762214473e-1
0.861606847557165135879e0 0.915361926846342057956e-1
-0.196859959379883666365e0 -0.305506394069771648444e0
-0.574803693057095780401e0 0.414706398022779978025e0
0.453631124126862469661e0 -0.431486906589456596872e0
0.195482454344856132047e0 -0.193477303141563031845e0
0.100000000000000000000e1 0.000000000000000000000e0
0.289842068625911887042e-1 -0.168125052330862758275e-1
0.123056059564653589336e-1 -0.514327565673562310703e-1
-0.146182386360279863264e-1 -0.228887008700860823653e-1
-0.246866400903394019395e-1 0.398665814235823321987e-1
0.337272975003303737658e-1 -0.394638101738799496307e-2
-0.436927252218264759261e-1 -0.292298723348820746816e-1
