
-0.131659776154038568884e0 -0.506949878371309176146e-2
0.140368333785887801381e0 0.437318302372931972771e-2
-0.628942610934998572555e-1 0.708293396081615055942e-2
0.114565291273382126528e0 -0.101236956823066230820e-1
0.178221712989721062240e0 -0.747333663951988788512e-3
0.170944848806564423949e-1 0.151931944660197148519e-1
0.247883516102312918329e1 0.284155657301376213340e0
-0.636227137473304175084e0 0.825626389725331391600e-1
0.445596499276120099227e0 -0.381175792741360869304e-1
-0.237820298379541458372e2 -0.180893052231449249882e0
-0.757889981339274077139e1 -0.129841157156146156022e1
0.326581225955340295614e2 0.254864033813163395892e1
-0.122151624678356439790e2 -0.247182168627440590611e1
0.139208693680685431267e2 0.216205812774858906851e1
-0.263711437558652720143e2 -0.264885011223772506069e1
0.622195672875187556877e-1 -0.341304640030008250653e-1
0.927463406059361056028e-1 0.205826392535871048680e-1
-0.212840897262451648770e0 0.160352143887068170766e0
-0.689387167347611409904e-1 0.203644641739529549409e0
0.254709300521366865293e0 -0.430693156363287453866e0
-0.110785740423085482767e0 0.242881123396707391420e0
0.100000000000000000000e1 0.000000000000000000000e0
-0.781971327126865905545e0 0.384332429931910993898e0
0.415189354679890446784e-2 0.147580899492281617275e-2
-0.664330768815720033011e-2 -0.219150585311068988865e-2
0.132698419860981286988e-2 -0.915889690207415128278e-3
0.157233202204039028657e-1 0.304798025289199669820e-2
-0.149184708544204512241e-2 -0.172146173687587677465e-3
-0.477182613750396366864e-2 -0.301620845452689473329e-2
