
-0.140899879703202914229e0 0.150562859855165018420e-2
-0.283400185071646350088e-1 0.273606245530918880966e-3
0.595935883305945798220e0 0.189307875081215210413e-1
0.767868693736111658879e0 0.318938274505268896399e-1
0.132893206614629746281e1 0.779512027820401339124e-1
-0.626968814032908744569e0 -0.333994560490785397902e-1
0.370665077408083267667e1 0.130032205529567953769e0
-0.292177018692010216985e1 0.281435192891746042173e-1
-0.356213796505526968279e1 -0.957996309127859979214e-1
0.218777884775219575539e3 0.752943853207254969184e1
-0.139268292609542398808e3 -0.249665956477957163423e1
0.451133020349275574851e2 -0.260400991475992099958e0
-0.946677634625805195720e2 -0.728706449475210703282e1
0.517552492477008790304e2 0.342213984511242877082e1
0.152519643266933985520e3 0.667808370729976276403e1
0.223100215721973576913e-1 -0.464639122712874798614e-3
-0.125073037785643465163e-1 0.400176782946274087179e-3
0.100000000000000000000e1 0.000000000000000000000e0
-0.593414878624019234742e0 0.619578353108420632465e-2
0.659598011182732688160e-1 -0.694093170992157189377e-2
-0.531047691945959338784e0 -0.797193507908046481315e-3
0.346816419370525476481e0 0.115973801005747280044e-2
0.889936773686335679456e0 0.457482892634581919276e-2
0.871067620181855713354e-2 0.729078219042476501382e-3
0.269584895394130227743e-2 0.276714672913134707054e-3
-0.319138100940490171048e-1 -0.413214889117628539328e-2
-0.414636166771517806360e-1 -0.576313803260062748389e-2
-0.698739437663054186334e-1 -0.110913110680168219354e-1
0.283260165880333913219e-1 0.483207770491285885247e-2
