
-0.592492303221334341476e0 -0.715494339021375643905e0
0.406233729463191251989e0 -0.447439909645231009274e0
-0.222739149631444231206e-1 0.342408046323359046279e0
0.189383419009035719086e0 0.430339185250736732259e0
-0.243512145928525905008e0 -0.330200320150365499828e0
0.403108884212298622472e0 0.285155153770638911646e0
0.545350348404486087056e0 0.172366414766741633271e1
-0.180807235198759191724e1 0.965762393644573708231e0
0.296598111784588618929e0 -0.949822415804423151708e0
-0.114785209076534967815e2 0.209946251496970923318e2
-0.131422356414006577911e2 -0.221062304568180670039e2
0.225533194050798012353e2 0.177860623463026664721e2
0.160118586968468378726e2 -0.109350534111554650394e2
-0.746462075445256015727e1 0.171839349365682587650e2
-0.804443671759881273782e1 -0.821783797610633033864e1
-0.130360726511422393823e-1 0.631651507855820247919e-1
-0.337364289908341423267e-1 0.729648248528056795069e-1
0.436516648022387152624e0 -0.413317459275390525755e-1
-0.675118286505341230243e0 -0.295614140390183008096e0
0.154948164182270360769e0 0.354325320555912836955e0
0.100000000000000000000e1 0.000000000000000000000e0
-0.403211227606782405695e0 0.868759722895843327869e0
0.198324493296134629568e0 -0.664423797989728151438e0
0.281630349026879933162e0 -0.412013580920389404095e0
0.268884529952856509186e0 0.130587584483119988649e0
-0.170984250770878334696e0 0.532202626575299386915e-2
-0.153495397903007903655e0 0.111908562112249624532e-1
0.198080170522876292463e0 -0.249826503038855025294e0
-0.758677621703628937748e-1 0.197016017299452954784e0
