
0.519691390377134362986e0 0.822240176570515599220e-1
0.209714399166938662725e0 -0.444296349019393352312e-1
-0.883841355816341786895e-1 0.737052949001425805991e-1
-0.317260913133429137394e0 -0.122462551797848085398e-1
0.262077165035220452344e0 0.590878307851892261914e-1
-0.202430477243705225538e0 -0.699777624772667513687e-1
-0.997584721118070850141e0 0.318486362446654532732e0
0.799297399292160265700e0 0.646718431785856851608e0
0.775417181103972630806e0 0.476855927047507124341e0
-0.531712983872961656405e1 0.440645558231617597879e1
0.991471473846580467204e1 -0.413554640430247318333e1
-0.112417614835598258854e2 -0.320834591416794502085e1
0.134670381786011135496e2 0.538793777274143833884e1
0.109967645173089635831e2 0.966249260138957057845e1
0.196483972352333148038e2 0.623489262316681212579e1
0.295464715543560144401e-1 0.416688505541617727998e-1
0.101545824921601891365e0 -0.218252964334721877613e-1
0.475111561948838000092e0 0.430289891651467289239e-1
-0.320986351102478010774e0 -0.571732046799673527149e0
-0.126352597117865342926e0 0.574524966343115259183e0
0.369145562356469187471e0 0.176320168017646804149e0
0.100000000000000000000e1 0.000000000000000000000e0
-0.295009322985132765448e-2 -0.410720769109246466562e0
-0.902936699689740122131e-2 -0.202245998834904842882e-1
-0.141028883482343918357e-1 -0.483827160029097136986e-2
0.734486540225419878408e-2 -0.442688551894118171595e-2
0.708793111010540146195e-2 0.139428722040191448908e-1
-0.146306196111971400617e-2 -0.104724722602035330733e-1
0.103442929695521152164e-1 -0.129923302726563011768e-2
