
-0.188643009138570623271684575891e0 0.541331456368057214242112810494e-1
0.216878917398988439045263301613e0 0.485598649198159381387283376445e-1
-0.195366988979814867529965282387e-1 -0.107281733977496782291088139783e-1
0.929547864905357631478793908154e-1 -0.278001406411549014371730659205e-1
0.189254646862946369066984352054e0 0.399755358653212414995505639638e-1
0.956882226480348601232062775397e-1 -0.263330049956508199849445727893e-1
0.164185340157058373007156699724e1 -0.479146665690415595230204993930e1
-0.133437446671090344560938658703e1 -0.145490403592821713615391108658e1
0.464669873288958172986840639060e0 0.205670890817745768838094155893e0
-0.239801146281013691477320843784e2 0.159377346418945737293130351274e2
-0.781689241504413731914485739826e1 0.191608535091706575431692563015e2
0.292926474502206442969442611432e2 -0.431454637773672905577874198583e2
0.102758118095582374463721909197e1 0.279008442052440635161219700330e2
0.210030607442934454219776868405e1 -0.339484869074571120099229118865e2
-0.225284478604785008567712058681e2 0.545421665530488420255738756335e2
-0.824100566103307153036779229693e-1 0.963435880286887646331976247367e-2
-0.164176753857437795567523892951e-1 0.983486235530533282816960189559e-2
0.387083891834188116794608376232e0 0.349263041629720214362159671681e-1
0.307746510312133366238144903326e0 0.605952732965760221367330870034e-2
-0.772079748526566893025105874833e0 0.179364770206559059824406913807e-1
0.436482200317372993721901013312e0 -0.186331090739615794163507948260e0
-0.500959117449784203710233270007e0 0.165907906607000149281873540297e0
0.100000000000000000000000000000e1 0.000000000000000000000000000000e0
-0.618706628725291517650180023000e-3 0.152491886590857990367284311983e-2
0.139085176294228562229751404783e-2 -0.380612037496347623507566046096e-3
0.412228049214311246636682192261e-3 -0.135433055030983036837388300237e-3
-0.579322087874173383616263269761e-3 0.198641692399645390333134272233e-3
0.364406124748367257437348742870e-3 0.251853140958946854514082434607e-3
0.728291064840846035851476673034e-3 -0.638400965019850568996196990998e-3
