
-0.186513578386633602200e0 -0.192237012974591086977e0
0.489235534912750357297e-1 0.284150342518903435724e-1
0.305357500099568584100e-1 -0.941242561612181844011e-1
0.843820818062312949466e-2 -0.512206323808356755416e-2
-0.125315666632077873594e-1 0.249355128460497199341e-1
0.424754780056174226956e-1 -0.103430265754150676668e-1
-0.436186874340983088129e0 0.399504807962310404598e0
0.171375988164703622392e0 -0.277656897890433449145e0
-0.173131697457769171019e0 0.106251369668601994311e1
-0.148021400334418686180e1 -0.123900083571891878736e1
0.175663541516494781808e1 -0.245768651098619433969e1
0.367667381278624024171e1 -0.325042968509669773225e1
0.404475786948109026098e1 0.244765955489535699807e1
0.551101166918795583967e1 0.534908023613904242853e1
0.677467302747651270185e1 0.104766701498528916467e2
-0.507899677065889326563e-1 -0.415680335873745215363e-1
-0.741222903262744269219e-2 -0.843138675031742960769e-2
-0.101065445572173443976e0 0.350305070610999894857e0
0.802824878578611890738e-1 0.160952115855789682294e0
-0.301330385629549701615e0 -0.451572994467435467468e0
0.100000000000000000000e1 0.000000000000000000000e0
-0.502526780531394520789e0 -0.176014271569632361331e0
0.559951773036431823573e-1 0.721451192935495106339e0
-0.336270821933453616516e0 -0.402269976860151119437e0
-0.891142451208229677644e-1 -0.763472138849643913735e-1
0.192676611108141860500e0 -0.122264092971007807096e0
0.880613632231610149264e-1 0.643059725916234887057e-1
-0.384968056608234537538e-1 -0.633881744969128968953e-1
0.991414884035225157545e-1 0.951127276923258699855e-1
