
-0.238687057723923053948e0 0.774037276138545104044e-3
0.205403141452652924576e-1 0.147213027233411307835e0
-0.600088093573336631527e-2 -0.130712571149558789006e0
0.891089745686274145093e-1 -0.250479855940080089802e-1
-0.801497319994759986736e-1 0.146897208250772000516e-1
0.714520254586418027086e-1 -0.634083236776889018088e-2
-0.161716839261340426855e0 0.926540640889246029546e0
0.510177790413102577463e0 -0.401137889161659942682e0
0.400884077050833615981e-1 0.146981247150818132520e1
0.542199294212691316466e1 -0.138893408875947805127e1
-0.127087456484227818228e0 -0.863383568297365966773e1
0.105760531079564348476e1 0.237378452778216569543e0
-0.247272579966584729692e1 0.686946089552898201715e1
0.136707951221711068853e2 0.846960977803991018047e1
0.158388463034487398081e2 0.100503105967316645900e2
-0.106802899757121336407e-1 0.321777485020473164276e-1
0.174559515380184275547e-1 0.650915396618242124820e-1
-0.762533007967469074993e0 0.728907061663838254668e-1
0.100000000000000000000e1 0.000000000000000000000e0
-0.286063663530575696911e0 -0.274201736336103144739e-2
-0.952757979720100245022e0 -0.232523948724869300214e0
0.731323420352246747559e-1 0.730574871410693205609e0
-0.282366436961544965966e0 -0.182492419174170724199e0
0.125439485544226026088e-1 -0.693695717100929498767e-1
-0.230558195661263960721e-1 -0.236183818598173287095e-1
0.279526255895172036912e-1 0.172215811096106934972e-1
-0.165319153639261740895e-1 0.364097716017812676477e-1
0.232799015450167758018e-1 -0.211043576832943149287e-1
-0.255407526388114252437e-1 0.464605812487958455426e-2
