
-0.372824872408424554069e-1 -0.450207410594731675966e-1
0.113097059302581271568e-1 0.160677014436749795905e-1
-0.184143606836465829092e-1 -0.299165715040570060402e-1
-0.336741360274680291826e-2 -0.568198412805512425089e-2
0.538401801550317679016e-2 0.105098029653089110678e-1
-0.845151208674789823423e-2 -0.193467708929827947810e-1
-0.873889556941744824665e0 0.801629555181809718312e-1
0.388833961156337035690e0 -0.157562687119415189966e0
-0.116932762339602649255e1 0.283201610111391279966e1
-0.481414807050565974472e1 0.110058877072626209500e2
0.476757360951816383261e1 -0.556976076332548065409e1
0.784851751468137194675e1 -0.225247839899080024677e2
0.705687553129796747622e1 0.121196664753664839036e2
-0.220646503304491144312e1 0.168065753059534827608e2
-0.835908766425958717552e1 0.483934120283287956404e2
-0.816142577561101818978e-2 -0.151732472889771218393e-1
-0.133146900769612091031e-1 -0.192398839027102992952e-1
0.484336224894045483565e0 -0.217484038541910940174e-1
-0.671224454488181192138e0 0.824300412646680049508e-1
0.109386690040127061794e0 -0.734582457558246999289e-1
0.100000000000000000000e1 0.000000000000000000000e0
-0.205489852842795974188e0 -0.230168894904009298141e0
0.189156132777707623852e0 0.131040994205027745768e0
0.432055933767520239157e-3 -0.493637528994658347571e-2
-0.132711425540511172715e-2 -0.222655345016224217603e-3
-0.902167252533354650215e-4 -0.524301841829908508247e-3
0.258317041009092896741e-3 0.102842596688797299219e-2
-0.944957178225775848216e-4 -0.172376440844113074432e-2
-0.315370248606319410802e-2 0.557476931496321469778e-2
