
-4.970219833508996e-01 2.708890705164224e-01
-7.122581803335282e-01 4.632252286766667e-01
-3.491805446679135e-01 1.230130095203685e-01
6.049773599289714e-01 -1.954128399691778e-01
-4.568502411013941e-02 -1.191842470617975e-01
-1.079553765780717e-01 -7.547623054724459e-02
-7.580903867310472e-01 -2.431549812608490e-01
-5.830101106587440e-01 6.204624199587458e-02
5.732580587514843e-01 2.135464166805673e-01
-9.451217639923458e+00 -2.729634190006999e-01
6.243236411094611e+00 2.684754535126047e+00
-1.044682168033956e+00 -4.505651958447365e+00
8.914874849657396e+00 1.220128840553562e+00
-3.412764426764324e-01 3.618324156103642e-01
1.247316823101131e+01 4.886215548903761e+00
2.625692323071867e-03 5.709227136367307e-02
-1.699855851232027e-02 9.225623232499454e-02
-1.852339367489010e-01 -1.680949583623697e-01
1.529938279555556e-01 -1.145786412094840e-01
6.411173341957306e-02 2.273131177418370e-01
-3.222902220261101e-01 4.607889253359390e-02
-1.109793622913521e-01 9.547918493166798e-01
-8.082063336713113e-02 -7.448056197637463e-01
5.936226692537112e-01 2.615833092275107e-01
1.000000000000000e+00 0.000000000000000e+00
7.062975853332476e-02 -1.468716172430446e-01
-7.061721541088073e-01 -2.221021028404668e-01
5.014239288995453e-02 2.174425759978432e-01
-3.500318567066146e-01 -2.088995595206496e-01
