
-3.240146368045549e-01 1.290434888747818e-01
5.700794638175819e-01 -2.900390935633081e-03
-1.644698340513578e-01 -3.647710153123466e-01
-4.366911503278573e-01 -4.681983149630755e-01
-2.466448998789282e-02 4.995558075663690e-01
2.358390797309221e-01 -1.373957237274299e-01
1.602575301617943e-01 -1.240991176805406e-01
-4.038532840900166e-01 -5.097828275994247e-01
3.365114461074731e-01 6.093698067712982e-01
-8.028613071319695e+00 -6.858859196650050e+00
-1.653145697572951e+00 3.014582659854506e+00
9.251393452647029e+00 -2.827042541572264e+00
5.526547264527603e+00 3.842078314425822e+00
4.923453247370391e+00 -3.342279425476729e+00
2.502065806792091e+00 3.016780882224223e+00
-8.475448152107300e-02 1.122766414145397e-02
-6.519392096843597e-02 1.752382191384568e-02
3.077793653653690e-01 -1.472226100281682e-01
2.352781187983193e-01 3.551798229686927e-01
-5.881766431184385e-01 -8.490188098436732e-02
3.337248556073077e-01 -7.336405701765472e-01
-9.024732827793500e-01 2.885337351227862e-01
1.000000000000000e+00 0.000000000000000e+00
-1.188110379217220e-01 5.035638131101031e-02
3.668762708786469e-01 -4.465066455248987e-02
-2.999130723791073e-02 -2.370374806531819e-01
-1.987660439557210e-01 -4.155629940382990e-01
-1.236518790150415e-01 3.167005311318495e-01
1.605491043077920e-01 7.931764787892565e-02
