
0.285803552419444117925987595669e0 -0.126565979295201657779445519596e-1
0.367474126597054434013109054898e0 -0.161994173672569151860271874903e-1
0.375796619015869111709753643032e0 -0.191887714282542863313291052592e-1
0.348920667202971561911397530234e0 -0.120710784547359239200686886731e-1
0.131244851421103021839002277353e0 0.441696073525225984125350136490e-3
0.257485222379799671251725228543e0 -0.119061674095073835804015869486e-1
-0.439772200584049067373981562062e1 0.104434537366507706387136515068e0
-0.330342474205265623766978660419e1 0.595228063729448820440203050641e-1
0.240521010701542832148067679092e1 -0.161993734027750047046089612802e-1
-0.200544748109704798035591079368e2 -0.300653476354505191161442554361e0
0.761397089311610184288931729498e2 -0.180943086949261630095075548901e1
-0.591941891504060076095777821643e2 0.158218718116784257482690766093e1
-0.743132872321381074512124932557e2 0.277965018685236808892094180923e1
-0.156504723803508375082422367008e2 0.292063156689126767920798858383e0
0.943677620431085872525813570301e2 -0.247899671049786289756668575085e1
0.268500014542740341693493447954e-1 -0.370289267655797958143049684817e-2
0.438792909406822886568305079473e-1 0.242412821047866135593837478093e-2
0.490413126519041863351131736525e0 0.113271801835042829918822189321e0
-0.788625306908284065403553482464e0 -0.199741803525779053943257094062e-1
0.226807112075723971608333956938e0 -0.647480039628395357280224863631e-1
0.100000000000000000000000000000e1 0.000000000000000000000000000000e0
0.416951762600758884417392553662e0 0.298927301684598031045196810499e-1
-0.157892889464391947562105334684e0 0.138676335272443627505269802579e0
0.743161243436929132177837163929e-2 0.473714448643422857472413770635e-3
0.258512247837283497761146384267e-1 0.272398784065509430924206022629e-2
0.296395843778819948276270474962e-1 0.335685212849670645998097742477e-2
0.278889620878991971093816962440e-1 0.318177857776699934694729571459e-2
0.344382817717817782060381309954e-3 -0.464533915109278252127877246378e-4
0.285194953387083907736551986522e-1 0.347133746491373701306369878839e-2
