
0.240532771286989584562e1 -0.486944895043950877163e0
0.254961387686212775732e1 -0.505524570261510670672e0
0.114092959676089614326e1 -0.272723949008513846082e0
-0.138098808947243082183e1 0.217847672960841394203e0
-0.141891243370120037279e1 0.304943456124251031800e0
-0.723382342250497982234e0 0.215536205520792235505e0
-0.545613683273652228401e0 -0.142438129984982131578e-1
0.169801069687787501504e0 0.912798697166055246862e-2
-0.228650665607425002232e0 -0.870354243440778737505e-2
-0.720291317591729806941e1 -0.369749712202393325533e-1
0.493224428478933752968e1 0.121486221303251533290e0
0.414702705174019262179e1 -0.910341591520534202222e-1
0.622629000090399879579e1 0.106379378981701462658e0
0.284582693921924588976e1 -0.749428078652565102767e-1
0.976623175013299274169e0 -0.694044077614621312969e-1
-0.107052933853678976367e-1 -0.545840436790474537233e-2
0.593820087583742310764e-1 0.188703360786039625555e-1
-0.376098080919692867818e0 -0.125273123861707629114e0
0.522109753128334109183e0 0.179493966601807979162e0
-0.329204442307994240338e0 -0.121796111907923668206e0
0.296366475111676475307e-1 0.304654220151087887180e-1
0.325981745065191200070e0 0.887326429567728787776e-1
-0.272754362542238542352e0 -0.794594785065359618555e-1
0.959696205060532883603e0 0.202780509963411731855e-2
0.100000000000000000000e1 0.000000000000000000000e0
0.466368261687104619987e0 -0.133295984407751381739e-1
-0.686641433574511121597e0 -0.412906089298855856257e-1
-0.543644666996354174117e0 0.127612386857174322152e-1
0.138427589334917037803e-1 0.798268180246741977456e-1
