
0.108974965146258093816972209035e0 0.357753563901470958262581080525e0
0.166481875363805271623484041791e0 0.494170710531733046881067289159e0
0.127509509428459074741347764655e0 0.359660177628677754552022685840e0
0.252198522168577129343419979868e0 0.681954915628007995154466409940e0
0.192392120299501458397099027891e0 0.496071725857899951188324185920e0
0.146489665704666919670936983536e0 0.360752449770712587596193740750e0
-0.149171952198111745940429881660e1 -0.745920858243282413706192907162e-1
-0.210807943482654433122016103414e1 -0.705651814113717712610074270038e-1
-0.146177755763381822017668823235e1 -0.956152544114730144354870957119e0
0.325142857722957570118801841759e2 0.200438794489941462250835514028e2
-0.357739504413487955500935204022e2 -0.217616180265635790121288038152e2
0.174623781395035408924536829193e2 0.944595264280732206898720889287e1
0.428640675864757572740036808581e2 0.200064616534892356766579013484e2
-0.240721845916112835300175137932e2 -0.537484597580626140306074843744e1
0.160955409989990716728101367684e2 -0.215625099693588970102272719250e1
-0.257415520985384872170576480821e-1 0.146867730826665881200520095552e-1
-0.276091971800068998131946397458e-1 0.644221331591764043075431710376e-2
0.328633785131656773451623694639e0 0.107397835889287675558934433819e0
-0.472261588619552265018446217839e0 -0.174057706336688805432241702743e0
0.457509829550292548272407606169e-2 0.115133314387619677606786386190e0
0.100000000000000000000000000000e1 0.000000000000000000000000000000e0
-0.440457244129240467110044042294e0 0.146792140122869346015584438544e0
0.218439612468021041738412189298e0 -0.435329379856598349608165636519e-1
0.297880660944537696794455847599e-1 -0.487148923207971629815830876449e-1
0.396077149820108995808927380116e-1 -0.644193807175802679243822210974e-1
0.321856344677711952586969850413e-1 -0.368228529047739249075241102691e-1
0.418570680746484203760911927424e-1 -0.898681420285209129726892828998e-1
0.227732932712518272311681827335e-1 -0.608650441490927294906212852033e-1
-0.563974397846657567316140400516e-2 -0.549435621046230397389694814631e-1
