
-0.440185122856145427710e0 -0.231773635287519641924e0
0.120089786677033837191e0 -0.709896350058796898322e0
-0.355346794356909274979e0 0.184772410965741206861e0
0.122926052026322724174e1 -0.234047342279362037329e0
-0.300859159426149367044e0 -0.177366679506304983489e-1
-0.789075397407081813945e0 0.465820977566881679348e0
0.345290744045424159042e0 0.665068244690085568209e0
-0.147833912262787443674e1 0.144151570883354889700e1
0.817360732971941429670e0 -0.244109414356170866418e0
-0.206265574716753610027e2 0.822502681532752138744e1
0.203534079079535816905e1 -0.861837203409593551745e1
0.128445366769509006933e2 0.296503116999465320732e1
0.282794749014807505734e1 0.597118897925663664767e1
-0.249214775406061589446e1 0.141016687833501062829e2
-0.226753221375827838848e1 -0.498681902485174442753e1
0.581171835194340935606e-1 -0.415713082631357005244e-1
0.935248296442875995261e-1 0.166570928661331265113e-1
0.135054534388299016606e0 0.228847896968814566702e0
-0.394911108835061864391e0 0.336629844865688445527e0
0.243440069221329198466e0 -0.555475005811353005590e0
0.292527921056340731447e0 -0.311267625450181590610e-1
0.100000000000000000000e1 0.000000000000000000000e0
-0.559701917591430189237e0 0.612258794437230128367e0
-0.811820358824635511736e-1 0.617928823357316249773e-1
-0.123165050566088873720e0 -0.102645668887409683844e0
-0.592562105881565721481e-2 0.526452379245540629549e-1
0.174345041891672839022e0 -0.212592283653803536757e0
-0.917982857513969594118e-1 0.779281556079227737970e-1
-0.495178785724684555109e-1 0.139457098541635500502e0
