
0.643430459951401255414e0 0.102526816795726725588e0
0.285127992845422752909e0 0.101661019940764304298e0
0.704270375979219861247e0 0.147989263974702527175e0
0.214013755493586640638e0 0.675562267822687356037e-1
-0.123732669732443163331e0 -0.280726300644557643929e-1
0.395448667417148609453e0 0.831334633641343178379e-1
0.520596754754547183693e1 0.772755142265181599456e0
0.394787070104632209586e1 0.482630937302317957138e0
0.202406790224288164835e1 0.813835726018324050838e-1
-0.305680190263310375583e2 -0.292694767905794219192e1
-0.588597981443764705772e2 -0.112364896885139575345e2
0.516659513144943048912e2 0.931305356353461256773e1
0.106988857220350137178e3 0.179979329320294240448e2
0.497318725017351393435e2 0.400766747374283161497e1
-0.764208381940190996234e2 -0.150709852529714818468e2
-0.585548404842817160250e-1 0.721774865247261059793e-3
-0.440984373399324991524e-1 0.368513581784871224109e-3
0.989966216535140666584e-1 -0.121583425798391908172e-1
0.750281396329004125864e0 0.243137875207150668371e-1
-0.638004743764128234135e0 -0.301409639774104715960e-2
-0.993081257667790843471e0 -0.537594469446882732304e-1
-0.423466539493414048954e0 0.130205871771697422737e-1
0.100000000000000000000e1 0.000000000000000000000e0
0.873902688459813508422e-2 0.290701387850559902276e-2
0.385716583137602873201e-2 0.251608447043026703747e-2
0.128783137577956925250e-1 0.381195051245896882363e-2
0.449890884108909126496e-2 0.142343755459996436531e-2
-0.632985718750608087801e-2 -0.630328228906446455181e-3
0.885770322136019315351e-2 0.208351724234229487879e-2
