
-0.314956651893750890763e-1 -0.649068384523992383757e-1
-0.858743973541706146681e-1 -0.973068336749301056069e-1
-0.466675935084249659789e-2 -0.434626009861891039277e-1
0.615214862473973839546e-1 0.306569616934304713866e0
0.283024962628158056270e0 -0.187283467621890521804e0
-0.300258210580222948647e-1 -0.241662778481905475504e0
0.152361683634013121577e0 -0.143976231996474188436e0
-0.983071011654736166461e0 0.112883464747217427050e0
0.663758539147999999952e0 0.713786854554000000078e0
-0.182558678807451242303e2 -0.120202743366504398162e2
0.414392890702138138627e1 0.902537744898821738416e1
0.953719136895897079496e1 -0.627317324586424066631e1
0.244092085919377040884e1 0.308487397792449892335e1
0.280748553056445179668e0 0.103440631275729602449e1
-0.613364758445512056649e0 0.105739793543585019851e0
0.286882462496685347937e-1 0.361581968213294646636e-1
0.994086402347632040464e-1 -0.226671240396987118558e-1
0.473599060224613072696e0 0.332754566285205390634e0
-0.269456101221590948639e0 -0.777897205023743986655e0
-0.149270011337767083209e0 0.525584365909628558320e0
0.250029995760645461114e0 0.391649343074145648403e0
0.100000000000000000000e1 0.000000000000000000000e0
0.448311030513836280610e-1 -0.164372650897827536889e0
-0.265980070439255401441e-2 0.660335511688656111554e-2
-0.892535300849325604027e-2 -0.220815515009999104187e-2
-0.123747639536237242100e-1 0.469932975814057905391e-2
-0.386995766938877786055e-2 0.354531049736498603051e-1
0.102274308103369613759e-1 -0.697581082511949031411e-2
-0.244384273161158501307e-1 -0.717037489961282230703e-2
