
0.975713560098572578705e-2 -0.300294134074271529560e-1
-0.101538401131537941318e0 -0.786781820444769700436e-1
-0.120002496250903782919e-1 -0.457993344499139872468e-1
-0.487423759426315919293e-1 -0.275390608022357018719e-3
0.487606230088209023095e-1 -0.640701867581104266836e-2
0.389852403416458624331e-1 0.303048040154495111385e-1
0.822625558138382214973e0 -0.708663941173490424851e0
0.337295164381705435533e0 -0.249510432446486628472e0
0.176150870541994756992e1 -0.809382898506954872328e0
-0.248262355185765761049e2 0.128183466958712051278e2
0.247083408877377473873e1 0.496536940612198502039e1
0.502670408901450457232e1 -0.485060492121687023394e1
0.184274805484376344358e2 -0.200135555935691445556e2
0.161211739689307306644e2 -0.345706059024751537743e1
-0.218117751096977986747e1 0.130810654300095509312e2
0.362511545557025864164e-1 0.122746088553209339484e-1
0.453337912185465446356e-1 0.353468785245389857890e-1
0.436904875814004762570e0 0.159383803439598236218e0
-0.841203609261492292004e0 -0.723869908555111475206e-1
0.327763462122111266485e0 -0.472617958318117104932e-1
0.100000000000000000000e1 0.000000000000000000000e0
0.459482884270008513249e0 0.379099121800538019640e0
-0.297272490116560161660e0 0.179321809393564971934e-1
-0.140917583475379621840e-2 -0.731745365051732549786e-3
-0.988544074071269685557e-2 0.328878687029830738608e-2
-0.822502499297489066464e-2 -0.926373885020674773881e-2
0.139734412907172887728e-1 -0.100961787498833527435e-1
-0.949429167153554471006e-2 0.238842174746090402541e-1
-0.737533024330729622701e-2 -0.182311182367625015811e-1
