
-0.166167852817604441877e0 -0.226027662860569518121e0
0.125848246458099428924e0 -0.496084814175085903840e-2
-0.305626234575435470559e-1 0.854195933480141601194e-1
-0.119605183203234072187e-2 0.131250292102582188927e-1
0.841211151047450035595e-1 -0.261694504912013676662e-1
0.167363904649636782612e0 0.212902633650311299234e0
-0.478762815460294984904e0 0.103396384747170465073e1
-0.372141756482816955722e0 -0.517349859412071045391e-3
-0.483623210144920465212e0 -0.270960681002946945689e0
-0.352507854334811095826e1 0.332452861565985140387e1
-0.120381264956891219798e1 -0.594487711050998580411e1
0.946011518081617549213e1 0.101507727907882294429e2
0.802798912296162137537e1 -0.148343014746143478672e2
-0.213193981195921656593e1 0.669604235234008347355e1
-0.594507774127193486225e0 -0.591730289290986742005e1
-0.565926881337963148287e-1 0.171947560814927822184e-1
-0.539281910777709077891e-1 -0.330498369233281649711e-2
0.392937900098164352491e0 0.108006443061963236467e0
-0.317797475731229098623e0 -0.234447837711041730480e0
-0.215910972076808330782e0 0.185807170684001294556e0
0.100000000000000000000e1 0.000000000000000000000e0
-0.779497062562315351834e0 0.808710826845810279375e-1
0.580498032329143067744e0 -0.637594133071358111671e-1
-0.133863636935460218145e-1 -0.144750065345116245557e-1
0.929733067977654719983e-2 -0.507126880881095776527e-2
0.124560633705271983811e-1 0.792991360613077627451e-2
-0.137125721599248145717e-2 0.898050414247505270344e-2
-0.862517891584627992169e-2 -0.978198909699328517752e-3
0.141286427873950012590e-1 -0.197135032644260548987e-2
