
-0.180199788594666287877e0 -0.316427181659763576068e-1
0.455674459900042364002e-2 0.157908097872519361115e0
0.168832970344232822730e-1 -0.110522484784184342265e0
0.125655363283717382101e0 0.135224190123111484113e-1
-0.820938867167935362843e-1 -0.180547860820194467955e-1
0.545444253109489057759e-1 0.181202991536652091870e-1
-0.207431119856584797521e-1 0.109511671364929311415e1
0.668683506394641113556e0 -0.511142593986612453635e0
0.339823963279742177307e0 0.165181529817773948404e1
0.102632192532304407796e2 -0.392732027254272951836e1
-0.321298044552224373654e1 -0.110892829709843812646e2
-0.122631233110856341796e1 0.233398999926337248449e1
-0.156555842815705746835e1 0.123958367220934748817e2
0.184432824179185769296e2 0.786364339221897028654e1
0.231459755275512365294e2 0.704369022474403263297e1
0.355716613348199018614e-2 -0.283507570873070480247e-1
-0.960742259433027856327e-2 -0.572411453500570718272e-1
0.703652151764614157154e0 -0.704088540550284782538e-1
-0.890718083813817496455e0 0.909885816354203494382e-1
0.191030900809646083993e0 -0.377492251237006881251e-1
0.100000000000000000000e1 0.000000000000000000000e0
-0.668893823739772111324e-1 -0.607423064569726358232e0
0.277710530166932533614e0 0.224360840150138624320e0
-0.174858290446234281365e-1 0.263414858673028884059e-1
0.943368141130257091833e-2 0.191653406222156459688e-1
-0.786746152972547991855e-2 -0.139423224571722807835e-1
0.274594738536462025822e-1 -0.134206736722641535512e-1
-0.210276833329170100734e-1 0.248285527846365942142e-2
0.131500392746780055909e-1 0.953740240152830233272e-2
