
0.552523825895036182002e0 -0.721547786634017832398e0
0.775643692740378934696e0 0.113160640509315717559e0
-0.152981213151466277378e0 0.528747924448018282172e-1
-0.642723949629575688530e0 0.345110595493134038520e0
0.342353200748302821763e0 -0.478318011437079865483e0
0.902001237345395065422e-1 0.376437191140883793851e0
-0.119248385977513718045e1 0.124057689881847471125e1
-0.118345380749732762807e1 -0.112488849521639965490e1
0.454174117850750118592e0 -0.625878409091001482851e0
-0.189660156489270937952e2 0.423402681981492017027e0
0.123634512285032895570e2 -0.152365364220058098618e2
-0.405710751850525762883e0 0.227368277713734104322e2
0.107056931181404111899e2 -0.570432400382232486459e1
-0.105619457284844723418e2 -0.582397167385575327807e1
0.564945488680497647860e1 -0.186808956126352416517e2
0.226344734930523045598e-1 -0.641522884894234416277e-1
0.966945771857486634397e-1 0.441703028926981942199e-1
0.531852190156805938737e0 -0.203961059894017480149e0
-0.171391121767209889484e0 0.878309504036990400927e0
-0.248385458319203027123e0 -0.859598992893817410012e0
0.518118679501548692655e-1 0.861510626420805199757e-2
0.100000000000000000000e1 0.000000000000000000000e0
0.224077427960153852262e0 0.407599677201138891513e0
-0.452447116039653834737e-1 0.190181987632748239772e-1
-0.173620305771488101360e-1 -0.357078766431870858230e-1
0.120736047235873074647e-1 0.370572598283750454414e-2
0.277118755817666545309e-1 0.680970541667164736024e-2
-0.280226201458891479136e-1 0.918191057733205946676e-2
0.108293334922020983345e-1 -0.828368853654560056833e-2
