
-0.144274818814674503562457119820e0 0.186291008127591346776482800660e0
0.358379766440313278575176215059e0 -0.213917190617454039262897328814e-2
0.240619970544989844909159108699e-1 -0.536366605656446030115964983617e-1
-0.567337975361576219928548579637e-1 -0.118024783893444148915952932094e0
0.209019960205301362615583161461e0 0.884702151103989717557502894122e-1
0.201008616350832125555311977786e0 -0.682662242341471978605298685714e-1
0.947284002574731758756430876208e-1 -0.215087935039570571639479622033e1
-0.187875826729647685019963222553e1 -0.277158654934658634379545984037e0
0.402651388900285609318861801841e0 0.239718611009441104002237566336e0
-0.145204588059386258933145976969e2 0.312744644610442820905178202451e1
-0.204418761440807057318037894867e1 0.125159013709419723563228249670e2
0.150823255384852762695966242971e2 -0.218024473774820120194186470693e2
0.388006131169049133832711337835e1 0.128363277587714535427772439393e2
-0.806338267875736829999702390446e1 -0.123923689306661941112589427657e2
-0.799871521140540145782266947659e0 0.227979951080879687175029686422e2
-0.682634989282711335113429173254e-1 0.828027670896646990995109783120e-2
-0.670244231559669447743004042930e-1 -0.744754146888763739986519732895e-1
0.496900446368989171426419305526e0 -0.130344891535968493240763094419e0
-0.541386849348015810188826329292e-1 -0.636913619246040562649577938556e-1
-0.416721980949158777746482654098e0 0.338112652894308094602113535181e0
0.384107108774009264123389086949e0 -0.516699889160424738088701501405e0
-0.802225493502097059471546482042e0 -0.494876330127147616379443461828e0
0.100000000000000000000000000000e1 0.000000000000000000000000000000e0
-0.868287622541000694390135697506e-2 0.958443480903810588706544239505e-2
0.741934496440282373480569662083e-2 0.175380650310094923596495117913e-1
0.454130528619797038618544055582e-2 0.591272000296311462745180644090e-2
0.157864817589174510136983097262e-1 -0.222019455250571181312887895479e-1
-0.647604399054921607717767490381e-2 0.503708911305147493656293795810e-2
-0.550126613562203225351584571051e-3 0.171636479706488487385810436047e-1
