
0.308727362433016763540e-1 0.151128651242307922868e-1
-0.167316123220855008742e-1 0.714630320323270804404e-1
0.416364186391827853480e-1 -0.137783999539979202299e-1
-0.850889001245219345117e-1 0.631415319879196847665e-1
0.111668216997283499116e0 0.413771887133361926465e-1
-0.116989694002587808762e-1 -0.136280591953234985096e0
0.340845070147293303952e0 0.995507033367466099758e0
0.275068605459123628699e0 0.356381837889274131256e0
0.153484108863260621121e1 0.167205650863215127472e1
-0.150666036025294736234e2 -0.179063326694697482443e2
0.796225966666466615420e1 -0.562306695224932064255e1
-0.244496942906913867794e1 0.201119778952269983902e1
0.132134089182802845659e1 0.280179017510721465496e2
0.174776027267250197647e2 0.818779702943642119679e1
0.137452627107014451564e2 -0.101115690816023983088e2
0.124032534075442381890e-1 -0.198147077221918142160e-1
0.240155246883495092002e-1 -0.371976786577762504106e-1
0.608429956270473225332e0 0.685950659392484009941e-1
-0.794047247334793534026e0 0.778445636392550397191e-2
0.146513408124953577492e0 -0.537150332229784668419e-1
0.100000000000000000000e1 0.000000000000000000000e0
0.219639606228077005219e0 -0.373084705099367988320e0
0.948881195431805028390e-1 0.264186830888945399542e0
0.549947946065876233898e-3 -0.330786821731539207873e-2
0.498302511869496849732e-2 0.225524696848798882910e-2
0.903505063237045428912e-2 -0.702918720964941599104e-3
-0.466256372313489371082e-2 -0.793009848276027067785e-2
-0.717105212582201863756e-2 0.135143894356612430469e-1
0.141208234258988181846e-1 -0.455683659521224974284e-2
