
0.145485139763873654232e0 -0.142783060684700868650e0
0.158820971013920339036e0 0.374346946896180978901e-1
0.564415004081586936463e-1 0.542678945873350705861e-1
0.323642525266805978874e-1 0.130277206237374301826e0
0.298515198255576835542e-1 0.499688241454857226983e-1
-0.177849392290554252167e0 0.125058544473265668856e-1
-0.205340485872052194686e0 0.485615818781849780425e0
-0.564178887409074458973e-1 -0.106115504626165934446e0
-0.514914692214090725735e0 0.759799248137544416977e0
-0.857257502526123610939e0 -0.313832440018064420697e1
-0.727198240710718381318e-1 -0.616230724728272515316e0
0.901611429308965640472e1 -0.965871197426244178967e0
-0.159921020330250489565e1 -0.154613642435207058220e1
0.387418911096959075416e1 0.554022442431689711223e1
0.192636604667296284870e1 0.459846366047611019353e1
-0.450392740816560851379e-1 -0.298943110778383898174e-1
-0.347414584297331261093e-1 -0.106798624447349222317e-1
0.212129162374074577144e0 -0.746563894594438174387e-3
-0.252422683886707840094e0 0.240730706473106239354e0
-0.155769353157225301279e0 -0.272469713001672220973e0
0.100000000000000000000e1 0.000000000000000000000e0
-0.616631719632074621121e0 -0.225692146055719320330e0
0.297831596344449661679e0 0.288077317450509273424e0
0.366368183517002158706e-1 -0.523057578502109342942e-1
0.101266994062794031416e-1 0.997795202044378696379e-3
0.216147309917377537663e-1 0.136171662621007392268e-1
0.127836539195325284293e-1 -0.399854161383847584360e-2
-0.805314382429927881273e-2 -0.147673167696367134905e-1
-0.244830902699215283415e-1 0.402124868687361228208e-1
