
0.219786351697275400788e0 0.654678181777055383104e-1
0.247627823099737581612e0 -0.311658883469569433761e-1
-0.391924452303348983451e0 0.213674962058245800336e0
-0.535123591709774900271e0 0.447009362938617182124e0
-0.489363748416048206671e0 0.915521922982465126439e0
0.315337240012499499470e0 -0.512477181116322720394e0
-0.469160427557251886749e1 0.542103773645579011062e1
0.275683538331072158886e1 -0.791950763538203956679e0
-0.210333986783736154682e1 0.116152003204325132224e1
-0.704901000270502130496e2 0.145588979074182673507e3
0.767575887770801137192e2 -0.722548952073667595034e2
-0.238762109038341895605e2 0.509625818274024274240e1
0.242700755313983677006e2 -0.142563199886566276522e3
-0.261456809129193754847e2 0.876983589250746704558e2
-0.530909990253752334284e2 0.148236576344754503703e3
0.315289845417576253745e-1 0.695585956910865464138e-2
-0.156356007402957739892e-1 -0.131981576204127629516e-1
0.100000000000000000000e1 0.000000000000000000000e0
-0.680674997847131734656e0 -0.188322138678345584465e0
0.173836885123477402474e0 0.168172255075815538672e0
-0.556720899358218890935e0 0.173197281957384099414e0
0.369705454360042088600e0 -0.103974617747816000116e0
0.811645659268619464890e0 -0.120703657320748915580e0
-0.134530208173979773191e-2 0.276709385825934803429e-2
0.326936654087882233658e-3 0.347203338787590566514e-2
-0.246655575374572053183e-2 -0.625393697976143487984e-2
-0.670234033256202885891e-2 -0.855160551330204380778e-2
-0.141868259368328564946e-1 -0.883230973633996025722e-2
0.674700595469762402755e-2 0.724646813387760977234e-2
