
-1.864008904337117e-01 -1.171809486884376e-02
1.130026267600839e-01 -6.976885121599656e-02
-6.699911563045009e-02 1.277609638424432e-01
-3.692811817795598e-02 8.691403813213390e-02
-1.359492909801908e-02 -1.016758510574526e-01
6.898784022982077e-02 8.750675538358660e-02
-1.394119956445506e-01 -2.692271020700093e-01
6.534360988239743e-02 3.817657504073522e-01
3.582273677984496e-02 -9.075989369807922e-01
-2.864930820270359e+00 4.148789857609577e+00
-1.988136910310467e-01 1.206373076390397e+00
5.693644957170395e+00 2.057539162799564e+00
4.233638863428459e+00 -4.397871707355627e+00
6.947446519177774e+00 -1.899637155803255e+00
5.819131652458832e+00 -6.062278320601179e+00
7.743206268755345e-02 2.828587653874319e-02
-5.857947601403480e-02 2.367246896497888e-02
1.042201567453296e-01 8.784964391693384e-01
-8.299394424979035e-01 -4.832713609473119e-01
1.000000000000000e+00 0.000000000000000e+00
-4.102258986363734e-01 -4.420780462654645e-01
-4.972416851500620e-03 6.177926246406952e-01
-4.855253019721791e-01 6.794304978254927e-01
-1.347947889470825e-01 -7.154312572171599e-02
2.755590039737304e-02 1.441070159853382e-02
-5.082869571473711e-02 8.121218646714029e-02
-1.705096502942718e-02 9.023626260461373e-02
-2.196681857428594e-02 -7.271632488940119e-02
1.045064357521215e-01 2.274156635758993e-03
