
-0.281960277418828670208e-1 -0.194655362044270902432e0
0.195228252937882381854e0 0.858570936251809667785e-1
0.331489218108540925850e0 0.257883805990848076354e0
-0.253905920114728225030e0 0.328721251355287109934e0
-0.956026448543378976926e-1 0.529277899142806501729e0
0.282101947856611092071e0 -0.134065889311016207488e0
-0.340177325928968157434e0 0.112124601502919029705e1
-0.420634733775604680169e0 0.381688742440578347910e0
-0.125657689885725352996e1 0.230211743146900605457e1
0.133646914216877925044e2 -0.213780155331038888532e2
-0.193870151222516610420e0 0.170097227105290987846e2
0.943578582621143094680e1 -0.112786050009707748678e2
-0.247752594536894657808e2 -0.194440767891311291383e2
0.351883258822715532573e1 0.204950978122447489624e2
0.129581655722454494760e2 0.111292844468203157892e2
-0.107608226088350446993e-1 0.180777337067639852589e-1
-0.224377390313047875875e-1 -0.162691114223864501638e-1
0.100000000000000000000e1 0.000000000000000000000e0
-0.698178252192449940263e0 0.101243986717025992244e0
-0.686547151848241701708e-1 0.113016880673678258911e0
0.357311220949777996075e0 -0.780318231615894752906e0
-0.476891568446721802657e-1 0.954948362895924566322e-1
0.908295164424540186132e0 0.966600352508509110862e-1
-0.432215349340620527418e-2 -0.430045323549830948979e-1
0.469790344289881198011e-1 0.197357795903762563180e-1
0.726089709785809385179e-1 0.764187826164346603011e-1
-0.889960640974144914973e-1 0.993648941177094280683e-1
-0.451067268011597962693e-1 0.176053379755670651253e0
0.894295552164759236522e-1 -0.363936163184561578649e-1
