
0.256926044375438986534e1 0.218363127763790064743e0
0.274338251061143567318e1 0.180221441720164880979e0
0.141738558534349733337e1 0.147403905380377044099e0
-0.666375273133430859958e0 0.136724526836225024345e0
-0.160332572691039198728e1 -0.131739729734326997776e0
-0.190288517062095900506e1 -0.355087654600015089170e0
-0.486511933486529011156e0 -0.218031059953553423335e-1
-0.158034179022598857093e0 -0.134804139238701442798e0
-0.165239476361373768706e0 0.377637371444706528690e-2
-0.546625224442246672365e1 0.778293678374203420423e0
0.230261132046966415093e1 -0.907933963346517619087e0
0.549003820106748544961e1 0.324940462879845278236e0
0.629302685733368562856e1 0.419733013673323973527e0
0.130521843649392229583e1 -0.103975624055630636814e1
0.305710500936611873296e1 0.882553284940070710302e0
0.217409826209075587833e-1 -0.118389842086959443170e-1
0.672502710799730273140e-1 -0.813533288424803548353e-1
-0.405897039057947042675e0 0.483409367829121676614e0
0.414065505991054325671e0 -0.565087135683299631676e0
-0.825438323247858085307e-1 0.224719038718588998632e0
-0.323087063644419391999e0 0.232916990469225825369e0
0.597228402621763466247e0 -0.628055920573695835468e0
-0.493050586961534875779e0 0.504852435832566701285e0
0.972437161868737443959e0 0.511295572973236262069e-1
0.100000000000000000000e1 0.000000000000000000000e0
0.569939288659939461866e0 0.475938051434656171260e-1
-0.281796552591833467360e0 0.184772315100414154560e0
-0.618089638844320604563e0 -0.249116895392640041686e-1
-0.615465438844131882930e0 -0.247368743366146444254e0
