
0.530004505811735378946e0 0.160293096365085886189e0
0.306977500698039126246e0 -0.186130944557578175208e0
-0.340460844993213399923e0 -0.334929701862195793299e0
-0.405638864012454297795e0 0.299277917938923030138e0
0.559965780726616660281e0 0.665821978314251773558e0
0.135429907567188980279e1 0.712095890786838515757e0
-0.156996554967093197971e1 -0.104659953115158096775e1
0.107330514498377930512e1 0.837715578886543722162e0
-0.402436848782558709926e0 -0.573764248782152840034e-1
-0.141548403693287266963e2 -0.845517050072644468523e1
0.172246120725573841764e2 0.128282072704283355048e2
-0.655575013842282999050e1 -0.112275716265297848826e2
0.160515486740970151625e2 0.111553572901200147545e2
0.719524194331003666609e0 -0.266059172446652620193e1
-0.189670830476828846452e1 -0.270018678939357007038e1
-0.775672702274386733078e-1 0.503616018662692316608e-2
0.703091679139697858775e-1 -0.179198016106204036155e-2
-0.635726775557292166975e0 -0.542614557966867815233e-1
0.100000000000000000000e1 0.000000000000000000000e0
-0.906907351359918853864e0 0.579810810158930696446e-1
0.820579516055657015149e0 -0.550133356233875860314e-1
-0.106876654148476349207e0 0.585962896641313368430e-2
-0.144334436399752389201e0 -0.787553177930061505557e-1
0.612748918089253760205e-2 0.140704317686759772199e-1
-0.732063902991882310807e-2 0.259877395794795222934e-1
-0.191952038099690321495e-4 0.107047153704244194765e-1
0.138678126129834921822e-1 -0.324357018509771462833e-1
-0.432396068615845703207e-2 -0.182979357349430633892e-1
-0.447190093640216756107e-1 0.227450206482968942591e-1
