
-0.178189544124258595633e0 0.280173856142419176819e-1
0.571910544864576722006e-1 -0.623303583922920057987e-1
-0.424380182584093968874e-1 0.100393732636664611790e0
-0.277519751852271844262e-2 0.395742864800104574843e-1
-0.137562250154256956554e-1 -0.492296774470891006930e-1
0.379973819538811312736e-1 0.537944550392832779020e-1
-0.435948586091472060547e0 -0.400122772095060558005e0
0.171555326207585916431e0 0.277769597184298922319e0
-0.172829689801970027137e0 -0.106285738656259663053e1
-0.147473570999555420914e1 0.124096822652890972547e1
0.175520134003035459887e1 0.246150114702406384425e1
0.367392167116050134693e1 0.324629734505874909369e1
0.403898634256319541197e1 -0.244664691373450900896e1
0.551778118893424844669e1 -0.535285947823086208971e1
0.678392382618791679695e1 -0.104745721961902331972e2
-0.345393774642341308961e-2 0.314542361265985162441e-2
-0.883292629507316059668e-3 -0.160745432630267623841e-3
-0.152426767947138735146e-1 -0.154691782826745234727e-1
0.979709876097070996160e-2 -0.214753075776442216651e-1
-0.182272648690069581491e-1 0.364273673283144960767e-1
0.655444892692167399944e-1 0.205248279807971938728e-3
-0.388209086361024967222e-1 0.962284604525638080510e-2
-0.293100060657443337646e-2 -0.442567011914229135601e-1
0.100000000000000000000e1 0.000000000000000000000e0
0.207608306206444385403e0 0.404655240135986215468e-1
-0.608071482893140623921e-1 -0.441690988221539718032e0
-0.213173385902459777870e0 -0.580275470937434784477e-1
0.147877771227650911678e0 -0.145357439264688771783e-1
-0.265633672425388954924e0 -0.130066092718037079081e-1
