
-0.186513578386705238227268742318e0 0.192237012974996068129173883271e0
0.489235534912440206939650899496e-1 -0.284150342518089554496236220987e-1
0.305357500101400060519055775874e-1 0.941242561612253005353534808250e-1
0.843820818066176790410320139491e-2 0.512206323800162938297636802361e-2
-0.125315666632124507034876726929e-1 -0.249355128459890586664918421801e-1
0.424754780056421268100875380775e-1 0.103430265753085082570881504864e-1
-0.436186874340983088272624908353e0 -0.399504807962310404493295725501e0
0.171375988164703622239490150522e0 0.277656897890433449020914802898e0
-0.173131697457769171491883538119e0 -0.106251369668601994296782722954e1
-0.148021400334418686442466077786e1 0.123900083571891878815303000198e1
0.175663541516494781846154563366e1 0.245768651098619434131299288575e1
0.367667381278624024364430427465e1 0.325042968509669773421177502026e1
0.404475786948109025911183953847e1 -0.244765955489535699788368328412e1
0.551101166918795583605189476244e1 -0.534908023613904242824169183411e1
0.677467302747651269436638013777e1 -0.104766701498528916474574648984e2
-0.283222241021797324484594245219e-2 0.374689325673537215805334938135e-2
-0.373484958726002658004901700389e-3 0.711308941623631729780010832813e-3
-0.129314316115225295987912925134e-1 -0.226618497791513071431200286493e-1
0.287207893579608338174784839091e-2 -0.125472698053321242828044138644e-1
-0.133500557666248998684447488780e-1 0.364850080029492203070706666211e-1
0.695526228503683987565214719595e-1 -0.168483567255794626295400809811e-1
-0.319865044023116001339253928430e-1 0.207090047093127196592465586769e-1
-0.826065561023386112738414089487e-2 -0.511222494493167761085064075479e-1
0.100000000000000000000000000000e1 0.000000000000000000000000000000e0
0.207887976895537173201281012642e0 0.402647222574889824351450874885e-1
-0.609291542001760641311147553078e-1 -0.441570780894694521679297601835e0
-0.212986009322531489544563617251e0 -0.575755869147645994012067506486e-1
0.147565665579337517515507346617e0 -0.146629993104119790522067267676e-1
-0.265192301115183556684071884433e0 -0.136015505810850663973929459197e-1
