
-4.257778149263411e-03 -3.571140656820266e-01
1.552139661691159e-01 -2.536180064195722e-02
1.572715418246118e-01 1.038728468363858e-02
-3.465047946220972e-02 3.271781648993642e-02
-4.292217629084477e-02 5.406370796273557e-02
7.472126924313910e-02 8.508540674438536e-02
-4.739721748998235e-01 5.884721689647473e-01
-3.105118227079499e-02 7.745207285889183e-02
-6.264765025048861e-01 1.104611125016046e+00
-9.483257705985462e-01 -4.377927933802119e+00
2.410629821900280e+00 1.790459393131405e+00
6.975884449243946e+00 -4.110900156041135e+00
-1.830844915934307e+00 -4.176135574832275e+00
2.159945138983757e+00 9.746590738292095e+00
2.779170686532856e+00 8.554063508634393e+00
-2.781744149870364e-02 -3.250805257504676e-02
-3.942085669617032e-02 -1.548282792519491e-02
3.184391214001865e-01 -1.705098453706316e-01
-4.913199314018761e-01 3.428343364778648e-01
3.672323924109580e-02 -2.577176268759440e-01
1.000000000000000e+00 0.000000000000000e+00
-5.470267939989574e-01 -3.181268463674353e-01
2.326985726872437e-01 1.585289651590485e-01
3.299483963421519e-02 -4.072822464156614e-03
1.067286379331997e-02 1.741050054117213e-02
8.248672946323077e-03 2.879726487425650e-02
-1.248156241800152e-02 -1.707951155172546e-02
-1.969238823316221e-02 -1.620978092118014e-02
6.675445889090112e-03 1.979913292508182e-02
