
-0.157129887482813281782042059390e1 0.347769520144142551550211611088e1
-0.677100156692154406795292320344e0 0.276702107396510641994510404753e1
0.701832647721093712451739022243e0 0.642927432444535009739824956552e0
-0.118184249833771264660809134291e0 0.212314287269923203867209479333e1
0.603002423470636492341770483113e0 0.375739576110142954627458362966e0
0.206957636103061911053311500457e0 -0.116285545264488125882272292910e0
-0.367802019346600238468565842729e1 0.102972138701909286333213305300e1
-0.333506750221422609620731300247e1 0.190487177827653630612343474682e1
-0.536470319881205390856038951774e1 0.304943633918496288573445638348e1
0.732328657662634315934382225150e2 -0.142418962485059726679389102750e3
-0.124214529903317111450484071816e3 0.197270316808011114089438539047e3
0.623162998040375166653264654912e2 -0.587792770540760171375056274652e2
0.211283073589670872071566874877e3 -0.263266823760203709550802529458e3
-0.880944159721325580391834922780e2 0.508760790859073522251032624417e2
-0.415642902994282269669438506514e2 -0.590850205351963054536823308468e1
0.334621709319074727197091944928e-2 0.220968465056925061134994400341e-2
-0.107317572368785032218853208420e-1 -0.560393923746569332330848530101e-2
0.100000000000000000000000000000e1 0.000000000000000000000000000000e0
-0.765599421984159668375944419259e0 -0.186516964044255921886023310618e-1
0.202246354853291432241771500404e-1 0.381962165730630299459370015816e-1
0.307918948160560872716580528187e0 -0.542679828138913660512403373880e-1
0.120860087396574737887232581832e0 -0.246056258399992716513583231062e-1
0.786580452790248146879198955373e0 -0.922373086688613776392561003468e-3
0.121442912942657592864811495852e0 -0.118260290617021077849216867749e0
0.699902004832368023596281923579e-1 -0.987616538146054182372518248517e-1
-0.327118372578502265475530308254e-2 -0.276378804743690383001508771253e-1
0.345585308003178727148950915466e-1 -0.789918911582326307692532772847e-1
-0.112607014920672806382355002895e-1 -0.193099590768705349580708961660e-1
-0.193911344409049604976719274282e-1 0.166460736044977858690433169846e-2
