
0.108530968504331356940433485458e-1 -0.363336114805311538680744549228e-1
0.149084702169198052234160456908e-1 -0.296629103263278962840034214658e-1
0.721410396904752455249446528839e-1 0.563505064130903823809081281919e-1
0.865416270070534759711105831183e-2 -0.291589935321139208498144806860e-1
0.604960894901856889371281492610e-1 0.170101286088378392668666053170e-1
-0.195072595511384832897747067454e-1 0.654926050126450747163877458265e-1
0.546543347896217895557882533299e0 -0.189566566114962100285699182911e1
0.458550128547107549723530825400e0 -0.184149236739219510643703061305e1
0.457225136032788826928684500250e0 -0.732547538906658889972197656532e1
-0.689471150232381313629169148152e2 0.489553279252988202803833195898e2
0.121121413924546127324411287618e3 0.123960499396099371798826799251e2
-0.250833542113431882589528498662e2 0.247439268028417108171101367181e2
-0.202781432092787192539757341890e3 -0.111753618914479796213883912669e3
0.368833300801418761173732275953e2 -0.357899357507213441783174279953e2
0.148354860518833034349382555908e2 -0.997338687823546638644928430098e1
0.525732308373223907881987662660e-3 0.779533470503102426357796732510e-2
-0.865995500732883208385841447491e-3 0.105426666496014709172002570383e-1
0.458903808996740739947969467897e0 0.643256929902731320823819759689e-1
-0.691714580966938573886860781716e0 -0.698124766259204104491906279240e-1
0.149721199480865921046621337605e0 0.281488635654208040256971197321e-1
0.100000000000000000000000000000e1 0.000000000000000000000000000000e0
-0.715984900523759273520424683572e-1 0.136599437749501749088853751283e0
0.788448403406940946580592056166e-1 -0.186780970626221087559558777268e-1
-0.522377862043709246676120919816e-3 0.131363253958501322487463642915e-3
-0.214876953780938620887719074704e-3 0.225961417534151980960943980068e-3
0.185472924922633799369053176013e-4 0.179533452846630779903917787589e-3
-0.125513900547913625059390381792e-3 0.132145277911517019395050992297e-3
0.111929251683126566296510283609e-3 -0.143521022093646662747362829498e-3
0.264369616151490476497919505209e-3 0.288877150506917715222146025791e-3
