
-0.164032836133395762624e0 0.565846745247601797304e-1
0.877558507806228592173e-1 0.509756540306224644954e-1
-0.264633096963419757391e-1 -0.807160956945975144313e-2
0.700012847502552842464e-1 0.113962412762003112218e-1
0.117773180547797258499e0 0.216395644160172737790e-1
0.940315513831404783707e-1 -0.679809158009604909404e-1
0.406240214074439246134e1 -0.112207074220704861966e1
0.479675599340984354282e0 -0.864768174884085988373e0
-0.201684498558952595541e0 0.630460402713379176203e0
-0.110712062851104492325e2 -0.116288377101113185701e2
-0.160727649702698805450e2 -0.244625741643998729884e1
0.436861032692675939071e2 -0.398890582375685009107e1
-0.379938162385947774263e2 0.420136564995680671201e2
0.341140257788062092638e2 -0.187839266627539173676e2
-0.312908636862348315984e2 -0.431869852899305745920e1
-0.687631887435189210914e-1 -0.373743843345357582802e-1
-0.192288808388626648900e-1 0.249331383204221893292e-2
-0.286106303253518295738e-2 0.160483470710673662213e0
0.149243916204953637963e0 0.269455372672175436533e0
-0.453177060616686648727e0 -0.432068820272709088658e0
0.100000000000000000000e1 0.000000000000000000000e0
-0.657001968089030735794e0 -0.115867268215445871707e0
0.321620463778781035793e0 0.503412170913960814922e0
0.125327830579219597747e-3 0.653415544491048627953e-3
0.326768086063880255560e-3 -0.105206713065256396344e-4
0.175755712882116135979e-4 -0.239609255512781110769e-3
-0.508536045323670651466e-3 0.157680052573186435231e-3
-0.206479229704109181969e-3 0.273232415160205553892e-3
0.213955687919750537721e-4 -0.778731505626518836034e-3
