
-0.461420993028052794382e-2 -0.441119274224177460817e-1
0.312938086094700166078e-1 0.223255958244577064200e-1
0.943865664143377732962e-2 0.508518489293729096824e-1
-0.355815559484521272387e-1 -0.887761248191863862040e-2
-0.815902841467410342346e-1 -0.843493956795955538482e-2
0.401957658787326551825e-1 0.529895399043363846962e-1
-0.870774183786502497476e0 0.117293929708728355101e1
-0.507708357302010118402e0 0.283951104126303455069e0
-0.433489307337965757956e1 0.271187766766018020629e1
0.378355595622855744239e2 -0.247596408897770581779e1
-0.229100874548458491448e2 0.264837939420981248427e2
0.310961005552511244327e2 -0.255350738594803177775e2
-0.110279177807714812952e2 -0.663429928955924747766e2
-0.147682258608198515503e2 0.355477988965561143009e2
-0.109438800841421419868e2 0.501400989186665447216e2
-0.179387220681836801970e-1 -0.540887829130945638804e-2
0.127078691797775895047e-4 -0.464891147566977389204e-2
-0.426916416918301432841e0 0.409832625389368378774e0
-0.164695914327738718248e-1 -0.197475344190969822030e0
0.582343102007713113251e-1 -0.882151502237521886461e-1
0.100000000000000000000e1 0.000000000000000000000e0
-0.369413051682505588731e0 0.384666399936220649507e-1
-0.559459372028090949191e0 0.429842798058073508109e0
-0.303659313126854066129e-3 0.781001878120988194369e-3
-0.206555329122787930400e-3 -0.778126380799593815104e-4
0.113750297306101274097e-3 -0.116514573543813147482e-2
0.384937344689274678919e-3 -0.436558684254980049532e-3
0.680771380951448901427e-3 -0.106031026012637211015e-2
-0.385559406198522894930e-3 -0.529138375773772406706e-3
