
0.380612632010089454180e1 -0.210165708468483535595e1
0.121319050048217687613e1 0.186784885256936247940e1
-0.166329223258167026788e1 -0.687404649138079030602e0
-0.928232738304700101561e0 -0.102304064141603251730e1
0.270075550553171187364e1 -0.125542732186489188644e1
-0.134801262345359198255e1 0.172218198281126016525e1
0.902416417065899016333e0 0.110844256446425653314e1
-0.122417947177364513445e1 0.968286767630147520412e0
0.555670248541943571105e-1 -0.957096257550078351694e0
-0.323834127957891769077e1 0.190291545610830793202e2
-0.163110842352737208400e2 -0.127786942554536771810e2
0.233619287377736004445e2 0.103436544105529230073e2
0.839654886982236257128e1 -0.167223585624680653704e2
0.814510870854408856271e0 0.148328716292857954572e2
-0.515820759024344488051e1 -0.230679599861501394851e1
0.121382646059676123813e-1 -0.260149035377407882131e-1
0.141209560763662321249e-1 0.607816999141679427390e-2
0.147042470024287709324e0 -0.296904860575894529407e-1
-0.308877857950044388803e-1 0.256995068439566603857e0
-0.408230373914627595402e-2 -0.290360287248810049258e0
-0.265371265646306684228e0 0.622331516376664262613e-1
0.253741705591079108275e0 -0.920201836173697678608e-1
0.104509162187182270374e0 0.197980876298308109117e0
0.100000000000000000000e1 0.000000000000000000000e0
0.229964526664107341762e-1 0.512977533946897124809e0
-0.266983122735935045561e0 -0.339197202702485144338e0
-0.105336003889492660143e0 -0.372017192287726868873e0
0.682466992865089681311e0 -0.488019275742741971431e-3
-0.470800794808154865717e0 0.178352038162731129771e0
