
-0.125694318630672243061e1 -0.799874277869950131093e0
-0.334019938262546504216e0 -0.395438506091079825514e0
-0.205757257470809530253e0 -0.223196813682260962821e0
0.237798179420742196064e0 0.123010179912401730568e0
0.525133522444010854551e0 0.367315851268786865667e0
0.101914500688598023460e1 0.676864097957548400497e0
-0.977045839929931532930e0 0.146824687215058324885e0
-0.507612380481980735405e0 0.248440217223952074620e-1
-0.514195368978362932373e0 0.470490145088330480479e-1
-0.805016448899191935668e0 -0.333042019663850299451e0
-0.845601858950068839039e0 -0.302234109409340627396e-2
0.567824496227418711166e1 0.634503612954042108050e0
0.131986433722690666391e2 -0.229308234400806740206e1
-0.599795084469729526851e1 0.150337512166785417422e1
0.449107885844024368009e1 -0.223972433261427847210e0
-0.621644420765491630910e-1 0.247590955867970901771e-2
-0.325787778839695367059e-1 -0.186603291546438233594e-1
0.238482818872086231658e0 0.183669633242125284725e0
-0.985658709001108484612e-1 -0.196573191756348932875e0
-0.352450667365844012158e0 0.875951666255566558346e-1
0.100000000000000000000e1 0.000000000000000000000e0
-0.673198776615951489607e0 -0.921496349634556620543e-1
0.484799755432507238054e0 0.151229939702512745223e0
0.155218272719075659559e0 0.247727690358266620742e0
0.769343512043537347151e-1 0.155024258909082116102e0
0.493990107036347892011e-1 0.106976096491550928173e0
-0.255557126673439155153e-1 -0.398585587112107763990e-1
-0.710351210187210941181e-1 -0.128979460391870376723e0
-0.119183644166918859908e0 -0.183362942653799953436e0
