
-0.125546480903809199394449815666e1 0.238487556833371272796414652881e1
0.564960281344623848949483683332e0 0.459226983583738613891812518306e0
-0.262234424331278859286044756989e0 -0.169071507066781053994216180764e1
0.189457556831020768085833085332e0 -0.369398891376552658765105601152e0
-0.568862350952316549434355372252e0 0.803479081436920631724638660482e0
0.106600725220707122585866507137e1 -0.201547667695716006919904092768e1
-0.200104047231546476726148430418e0 -0.434118441297109625597973287849e0
-0.332627787929468633286089461657e0 -0.359267463564921554346069316352e0
-0.312139389214207626133835645124e0 0.176120014901643207527602954216e1
-0.149102937079187238976850892646e1 -0.137826633213993797291381219880e2
-0.657572997206255900995211183052e1 0.890428498507489110793449573358e1
0.115148414757980373717895710503e2 -0.141467774940919636775040115550e2
0.131858572250584889609571340418e2 0.141379292030799104707885917589e2
0.101496622742860740876592793467e0 -0.175681149462279655918727608205e0
-0.532511608102955684596294170481e0 0.136057146008114616933320861037e2
0.183509161959284577091519541982e-1 0.939632793311742147272817474348e-2
0.115297840170749323373190449775e-1 -0.254398964973434994302794033415e-2
0.707788484164039431074273208243e-1 0.285203652545160890997509856632e-1
-0.185694038581345256477907171611e-1 -0.236944565635885353081161155670e0
0.663750247946782418256869625305e-1 0.165891998668164757133477858026e0
-0.353213655830716763482475479628e0 0.289878482094676472523506641127e0
0.259233627585157585270513876594e0 -0.214493282085198661210528998813e-1
0.566346671021555726189415418944e-2 -0.160689511548763752966621739619e0
0.100000000000000000000000000000e1 0.000000000000000000000000000000e0
0.347943973320478221442935234730e-1 -0.242575794634288201797862007630e0
-0.534350409275941100937624924480e0 0.389368632628217055812697449365e0
-0.149879809413350706555176059431e0 0.828317413453487608817531737332e-3
0.377399012431148987209688448952e0 0.585509558806526544313947596525e-1
-0.834852703879764788662275954782e0 -0.350601378663166500797428876513e-2
