
0.609076252545267943929e-1 0.108101453429951943437e0
-0.217402556186981248281e-1 -0.299066492034948490655e-1
0.321101521467672435751e-1 0.586704403328945831212e-1
0.746193722381517887591e-2 0.810588387586577697562e-2
-0.115190204275286421370e-1 -0.162638843950683112670e-1
0.169171233348316522848e-1 0.318362093869515260829e-1
-0.105597297456411502866e1 0.460297617429730483431e-1
0.710495368992438644583e0 0.400131201274179948099e0
0.172429611296790550560e1 -0.147741148363054404828e1
0.100381084885854029200e2 -0.577884078070075009759e1
-0.161250633967986536769e1 0.171212871014020419943e1
-0.192523962916515460914e2 0.120019790587508404433e2
0.263614866246837491696e2 -0.260098053137669611972e1
0.172229357490346807608e2 -0.649660228304764303820e1
0.444250407761977966561e2 -0.274802255182414781071e2
-0.354263417792224748102e-1 -0.250224032596656371478e-1
0.963585224977603206614e-3 -0.124248270947997590717e-1
0.521501408822119416717e0 -0.205778860765592907692e0
0.271974760139841945019e0 0.236489963315227413730e0
-0.556047585413161986909e0 -0.155462328051742057603e0
-0.540555096133500441393e0 0.158697858345999048106e0
0.673986417122129719405e-1 -0.295880244435602855231e0
0.100000000000000000000e1 0.000000000000000000000e0
-0.562741910300480496499e-2 -0.185753220315162933075e-2
-0.121406062130699837519e-2 -0.178524877405204098926e-2
-0.767833215179725183917e-3 -0.826232310121065780559e-4
0.161953075845770742555e-2 0.104105669369547537112e-2
-0.187781589667679109625e-2 -0.128145119398560493437e-2
0.435683043751503775499e-2 0.392641437055095800868e-3
