
0.388392223495601053923014311818e-1 -0.111613148932461258787784647532e-4
0.102517177258325607818333811009e0 -0.133801030838079589513594555467e-4
0.642578390243636139412484148724e-1 -0.121286593385724822287235518332e-4
0.270596853867025929746931570477e0 0.712774044447594289768626644258e-5
0.169610300440683376362781699901e0 -0.540944036317239382603366158598e-5
0.106311856575236597079500207731e0 -0.958162259913599008186385010852e-5
0.173145144875399889478074488542e2 0.483326189825885642296951757081e-2
0.268799559102202892434262937216e1 0.124167922939316541464686063071e-2
0.847811394817490580029644711226e0 -0.992038370851188416164709083862e-5
-0.129762349003402963673259737859e3 -0.289099822523009378342819258889e-1
-0.653180746635977908129163003839e2 -0.201567349334629387148057783478e-1
0.182640648251038469789700688417e3 0.479654784070299424043619441886e-1
-0.315883282224739271488714525348e2 -0.100199044599303025708212568035e-1
0.898761860916573694890437077182e2 0.272102394735412359304713371407e-1
-0.253781856782045918051371995801e3 -0.698658740717937062269574888809e-1
0.454620319175263708542977982591e-1 0.591450915465287510512769129265e-2
0.103482808100710122084214691251e0 -0.249718279563829314123138644175e-2
0.190643912230867169466587028845e0 -0.570858696918932522035833755476e-1
-0.350083434364952449675181074201e0 -0.179064781656707345218853457151e-1
0.930692417031097062236013323525e-1 0.749280222580766558289929482146e-1
0.480381812499291501934599822970e0 -0.347435831696901782670939172891e-1
0.100000000000000000000000000000e1 0.000000000000000000000000000000e0
-0.454581658425556995086259895687e0 -0.963626411989006255042779572941e-1
0.302851498339364626909923711248e0 -0.135770184173847106410073879857e-1
0.219556993102467151923228896402e0 -0.972987633835539895734519535563e-2
0.293813155251874986060552769239e0 -0.131350702449401082604451697190e-1
-0.135770914691784490642208376229e0 0.603138974715058581345362323712e-2
0.108911582909086551442055368193e0 -0.482529501542917298553315663365e-2
0.244844482552603495599871083223e0 -0.109387230482065782380957011165e-1
