
-0.438397640632849265875e-1 -0.936173349191028742730e-1
0.249932694090961888525e0 0.122269687279118053804e0
-0.268075181450459253234e-1 0.761266362739779184723e-1
-0.672357926497692927266e-1 -0.728230596372591729647e-1
0.262763819289915304009e0 -0.320860771899580124797e-1
0.111075556713054219294e0 0.166440394556362047211e0
0.577892209314028733097e0 0.147945320949819158422e1
-0.131527087267985601346e1 0.751943857147232131279e-1
0.476455444083984692993e0 -0.281365738216791418851e0
-0.182413681462079664969e2 -0.417078510498795321845e0
-0.111549221325221844907e1 -0.982375324304479585324e1
0.170432267250364901448e2 0.161062436262222631392e2
0.137026009698096722534e1 -0.997523990139829075038e1
-0.131447386900837993916e1 0.752989914911504434978e1
-0.704169358005343861036e1 -0.154346668683161910209e2
0.635875899167712990036e-1 -0.299000516617924327371e-1
0.887522405522848936498e-1 0.152134090442059980403e-1
-0.122254319847294646798e0 0.159714915758974722850e-1
-0.140285557672356418660e0 0.363402583518627319149e0
0.272586931722836481079e0 -0.407359973350489914102e0
-0.128330989090779081592e0 -0.823126799398495903164e-1
0.100000000000000000000e1 0.000000000000000000000e0
-0.704535209126366083012e0 0.322972106754763047648e0
-0.793417320237171293431e-2 0.487508004427828494508e-2
-0.118505158914896048136e-1 -0.244623857621790058492e-2
-0.707926772714958171444e-2 -0.208856139267336275922e-2
0.119562961576650124269e-1 -0.162791354993159686961e-1
-0.373246557032683238147e-2 0.451427324955579090170e-2
-0.149047731378909527114e-1 0.184416953564555950278e-2
