
-0.128128350557172108209982711349e1 -0.114294053449454821355139861299e1
-0.114601187109773843243751812930e1 -0.226163429959353002117606104453e1
-0.373349825065897784571290535666e0 -0.397117903422501496650031002830e0
0.173748514350943945776417285296e1 0.128571215676736414779015027561e1
-0.107400376795404249282575222603e1 0.391951135257718813697124339286e0
-0.456201637937718375664345739485e0 -0.142771622272815934238751662603e0
-0.619621726864735331589960634958e0 0.400698594718000768793842754231e0
-0.673958799848759506928775267144e0 -0.279754081266169613360483829485e0
0.497756205791724705106769121286e0 -0.427060881184942707561116515629e0
-0.115778186095888293632600439261e2 0.192000603282140646815667553515e1
0.597602252483965244926519192135e1 -0.573304314833912737495495795952e1
0.161504947080558972923303340279e1 0.853322767013796835774679313659e1
0.805744601513108774204085442016e1 -0.288873316655941478267989503413e1
-0.124492350826524026510267784285e1 -0.194875094756744284918297688902e1
0.836747107105473389230140076899e1 -0.748981278131093161384709525656e1
0.441503342246187768134979391811e-1 -0.511723699113146211004934429519e-1
0.935735611924693718867291938052e-1 0.296442193167135420332163516151e-1
0.174549845246022940907099245383e0 -0.942348869791432385212110365098e-3
-0.155302476913531157696610404345e0 0.599861012731877255264528405652e0
0.278102302895623868442397375770e-1 -0.685949288867861017043788231173e0
-0.148851316665824628753076240950e-1 -0.196772716058801224374940961205e-1
0.100000000000000000000000000000e1 0.000000000000000000000000000000e0
-0.286133924211915161011899571671e0 0.484598295218852980308292611837e0
0.212858586252554827482008579349e0 0.493874356979483613590114709710e0
-0.317800998791428191320366302775e0 0.714829436126596818301769730613e0
-0.520136767638115519078966499075e-1 -0.317099571946286153826652844040e-1
-0.822485916498825676970174611837e-1 -0.663196746667909161551427338580e0
0.379579177216961539228291203904e0 0.201164456113085719392868198012e0
0.334801092956451393553870961737e-1 -0.617194722513519140718974147370e-1
