
6.547225689668766e-05 -4.148217505634538e-04
2.276152593430362e-02 -3.007307631324541e-03
2.650375465124768e-02 -9.604433496803868e-03
5.109784913199732e-01 1.146488215649725e+00
9.148951113581636e-01 1.240248767665051e+00
1.423989859151748e+00 1.246251039730218e+00
-1.106018088201101e+00 1.574218749031135e+00
-2.626108786409258e+00 -3.487363897794721e-01
-4.413070001102947e-01 -1.934724944905055e-01
1.444754750908469e+01 9.846392876168995e+00
-2.033032862013559e+01 -1.511836688840284e+01
1.329702684458235e+01 1.569726457634649e+01
2.342959454474711e+01 -1.642276220210984e+01
-2.116442840649220e+01 8.812002498804668e+00
1.807533727701820e+01 -3.249767294447787e+00
-7.798351733899037e-02 2.257633440731791e-02
1.345127765385940e-03 -5.901422425969047e-02
-2.296449267806753e-01 4.354198978239500e-01
4.405121661809891e-01 -6.780556510737109e-01
-6.163364943198248e-01 4.533160493888411e-01
1.000000000000000e+00 0.000000000000000e+00
-5.918280266337446e-01 -2.580880004355925e-01
1.945102951871396e-01 2.038423085075718e-01
-4.552454433954655e-04 2.545065411853604e-03
5.836296858704632e-03 -2.115808420447462e-03
6.278775785205441e-03 -6.537281602119232e-03
-4.158325158260701e-03 -3.979678199899461e-03
-2.136601692853792e-03 3.335476359065381e-03
1.044080157458028e-02 7.748465801966867e-03
