
0.291779055056272274116e-1 0.362050270144246146615e-1
0.708047637719641722120e-1 -0.305641862732182799790e0
-0.204427074601131245166e0 0.106063276735824546496e0
-0.191774097078061864067e1 0.896228273464908331103e0
0.141413300345769211595e1 0.644067256038708335240e0
-0.313986380088641931288e0 -0.109660117282880946693e1
0.484536688990036607926e0 0.645500278004608919508e0
-0.188198982954063048653e0 -0.583961143471706511487e0
0.969190881647702608733e0 0.109371784440701546887e1
-0.859144760365112905749e1 -0.224363600969639816595e2
-0.250766746799348382458e1 0.442498172236921487495e1
0.646489502748349068257e1 0.391213495631074981542e1
0.677285014409416062479e1 0.639279120671882542144e1
0.116373049511309586490e2 -0.168673468451250437613e1
0.802501945279713996013e1 -0.121163351573341260842e2
-0.131148092104929262221e-1 -0.154821944497231443807e-1
-0.741548105122285162885e-2 0.584339177684659867614e-1
-0.737088320344378018583e0 0.509643454311974462520e0
0.657494312441002191818e0 -0.382557777370034900351e-1
-0.837318424612342742953e-1 -0.438891460327862623081e0
-0.346361157687918944049e0 0.271563547848012190573e0
-0.239899432679702083725e0 0.470609478529555065780e0
-0.432812643656767730762e0 0.505486107085098555856e0
-0.180143503412324353068e-1 -0.294021124732225450992e-1
-0.797921294774962093569e-1 0.162167286539241680695e0
0.125405164610258084082e0 -0.391348530320088932471e-1
0.100000000000000000000e1 0.000000000000000000000e0
-0.448432401999194337036e0 -0.504030505188309863724e0
-0.321861757583604409601e-1 0.469887936474020886273e0
