
-0.118099201659356869835e0 -0.112066609460753324091e0
0.131625663154657585965e0 -0.113872143096527830897e0
-0.948282925220364988770e-1 -0.181948610213341132940e0
0.107321107166376927364e0 0.151989851276974399354e0
0.203526508645963387847e0 -0.817763375188917184617e-1
-0.384607331497404769622e-1 -0.255696801340051097558e0
0.135085403760937987946e1 -0.740072915221988223442e0
-0.106646584756907921788e1 0.176555805053795882584e0
0.692273946295675688897e0 0.105207921796997213540e0
-0.260099136880122484908e2 0.253659850351389516395e1
-0.622664963899857344849e0 0.412601206769770119300e1
0.223904814243656039418e2 -0.890716372777017338647e1
-0.307933033385556444812e1 0.543816199226514195974e1
0.449392883133315311234e1 -0.177912369480452846554e1
-0.168513027977520796624e2 0.909921549943418160600e1
0.535809154177469218962e-1 -0.326215221190502523717e-1
0.101148838425087228583e0 0.163900490321979409871e-1
-0.383822095442724594086e-1 0.346098990039232822115e0
-0.218770074411101763360e0 0.235216398438521393036e-1
0.178701306870510858062e0 -0.397609543935536715952e0
0.275194947180951428138e0 0.350300490096351720506e0
0.100000000000000000000e1 0.000000000000000000000e0
-0.672431994109042451067e0 0.505690793823080032875e0
-0.101131973229813694440e-1 0.621449292176739307990e-2
-0.768683029511898043777e-2 -0.115242109775047689265e-1
-0.120744808872696226164e-1 0.480815930565445530391e-2
0.163091968395432989094e-1 0.224387382021041683196e-1
-0.492305011169294541626e-2 -0.655712582810143270240e-2
-0.188718412716260654055e-1 0.222012529747138375976e-2
