
-0.341029626506673439872e0 -0.809288971186166157729e0
0.862721941947294530801e-1 0.875775399387070158451e-2
-0.979454144801522844143e-2 -0.279031601930950426887e0
-0.484279870375876560323e-2 0.706132865568424704151e-2
0.246430683412312586845e-1 0.123598742759376599747e-1
0.286493844928116595023e-1 -0.840150000327943402540e-1
-0.154944784503301978898e1 -0.155996299506206124194e1
-0.725354342952268384614e0 -0.224084856810828539787e1
0.446167752632881541177e0 0.372430212552883587937e0
0.107763964904151936133e1 0.402226420256337658570e1
0.438491246995063309409e0 0.508607137283460525919e1
-0.608528656708319205890e1 -0.105384358710629582210e2
0.240722396807802035204e2 -0.431929906776238074426e0
-0.609769781441447129193e1 -0.218858177587784551894e2
0.226894375310542118392e2 0.251226049980178033523e2
-0.759906163690272290961e-1 0.156950225096926345166e-1
-0.237568964677836152096e-1 -0.120814137917420590318e-1
0.438451724889800427523e0 0.137893169393421814067e-2
0.205796375391595801280e0 -0.114601984728127637126e-1
-0.683437427908900565717e0 0.138093555317221885472e0
0.401956833330888161873e0 -0.427568161876385570636e0
-0.510578175403913595053e0 0.545330398914853464433e-1
0.100000000000000000000e1 0.000000000000000000000e0
0.543936309102784791363e-1 -0.527135049973206904957e-2
0.953655758814068812848e-3 -0.831968185492392841005e-2
0.502830105459042412178e-2 -0.628720356344608556230e-3
0.516997279506115684603e-2 -0.348807033556810084771e-2
-0.154761796098632886316e-2 -0.826046510095030155731e-2
-0.204266782204784766651e-1 -0.121959176274891493880e-2
