
-0.143495212719957229491e0 -0.664822681550593471333e-2
0.144547877077346338605e0 -0.335645337478138767876e0
0.498215082000239390346e-1 0.232057905859037631394e0
0.669382295058686170391e0 0.645202267643583545116e0
-0.597135969901026829711e0 -0.895585650996787237970e-1
0.349765355447319049918e0 -0.177345770999044306636e0
0.566779458129993002943e0 -0.705624605527355439603e0
-0.376766256853336737986e-1 0.952339525841826314660e0
0.900973512846093724899e0 -0.113445750258927931622e1
-0.217674021265020872914e1 0.235554117397248824698e2
-0.752643437420893206095e1 -0.330231019610757534142e1
0.695190840181036431768e1 -0.595121741100055856935e1
0.919087680948153134663e1 -0.618321549857683907397e1
0.139562022233832757068e2 0.433739205181833958544e1
0.112320045890625510180e2 0.129089746027095794868e2
-0.597935290256816747838e-1 -0.186243573919660506721e-2
-0.177952627594871105192e-1 -0.712647580464194171950e-1
-0.490397559584158715217e0 -0.613225141835122710147e0
0.100000000000000000000e1 0.000000000000000000000e0
-0.606777798429297798421e0 0.421574341365996495783e0
-0.540618565904403393732e0 0.225097105963666403234e0
-0.445965250673860252059e0 -0.769442323111675358918e0
0.308508469385901988981e0 -0.599005147908589962976e0
0.327047867060801228760e-2 -0.187306730760633681565e-1
0.731966441841828610994e-1 -0.111718906080827272746e-1
-0.228224035018201754342e-1 0.385789697134809677347e-1
0.317751525921311633521e-1 0.291576465376747407391e0
-0.134215927132692810995e0 -0.122469864157973429183e0
0.126625075137943504135e0 -0.266604048162616259388e-1
