
-0.641301795242800572964e1 -0.449201469555947997120e1
-0.658283181124659007473e1 -0.465385605228614509599e1
-0.374959000794681839171e1 -0.249942264604815850672e1
0.248822468365661762205e1 0.197630284860933397978e1
0.404351192057694223698e1 0.279202780867194090293e1
0.306623988105154986726e1 0.195857646225779196488e1
-0.460039959949417069846e0 -0.117246020961051489965e-1
0.110814648103357097806e0 0.854612392490057626854e-2
-0.172371809488623320346e0 -0.849264947539638482300e-2
-0.702779971243411192682e1 -0.153363765901414319040e-1
0.420523482702205934512e1 0.974428318360620275953e-1
0.469149787491043644000e1 -0.721975767945809058070e-1
0.562980046706210296827e1 0.748236531336264499171e-1
0.326786222636205724674e1 -0.554774295003023775212e-1
0.139799924537200895790e1 -0.594872765434850176878e-1
-0.345678642046459927306e-3 0.537685782342821997950e-3
-0.963983114663326456976e-2 -0.241237299136791501766e-1
0.545239526513351599367e-1 0.141663112035186506714e0
-0.697222570738337707488e-1 -0.185583996533968393860e0
0.357097918966377631669e-1 0.101441028312427276089e0
0.144314290145062896977e-1 0.243817205721474363477e-1
-0.677679722968309662304e-1 -0.159610457883850507746e0
0.516518530599315107014e-1 0.124634896017617279021e0
0.967681126604675540990e0 -0.354757365078099614090e-1
0.100000000000000000000e1 0.000000000000000000000e0
0.553695801191136161565e0 -0.458407888571651414805e-1
-0.351658124738561513641e0 -0.180252207047649583565e0
-0.610624251022770534749e0 0.333676258990798949391e-1
-0.527951555610853098138e0 0.261975734783320882013e0
