
0.539924584587277536383e0 0.202765904244614610259e0
0.216313372095876102201e0 0.143248066135141148545e0
-0.831025191915642253169e-1 -0.832842021830534260824e-1
-0.962099040366551859743e-1 0.486879898240762895058e-1
0.259439186085185422888e0 0.674937664926280917084e-1
-0.443714680550622350382e0 -0.251453894068690899738e0
0.601502362353743080022e0 0.411939767342092030790e0
0.224321981714784730280e1 0.684383364779583600859e0
0.188006120015157648755e1 0.115400688533370527654e0
0.615780871875648154164e1 0.681224218654497491905e1
-0.189709005610083631266e2 -0.110645240213117376539e2
-0.456200319892077357960e1 0.235473201644833744729e1
0.502038760008768505140e2 0.146322415221907990261e2
0.329286848706560604134e2 0.713812407869510922578e1
0.188494664455760587429e2 -0.108430722948232946285e1
0.340125053586036087076e-1 -0.113170312309044596274e-1
0.609099898442251747393e-1 -0.196602915604619471938e-2
0.501913320993977651852e0 0.178635390844969723793e0
-0.798442940339800752674e0 -0.183104396793341757952e-2
0.225568946206016000041e0 -0.134810383682734883244e0
0.100000000000000000000e1 0.000000000000000000000e0
0.589378802730064451959e0 -0.247778703308138917858e-1
-0.221185348512665910925e0 0.272846871113835503267e0
0.392337858261820926420e-2 0.120162969172371325457e-1
0.434541830554674928236e-2 0.747135969649335567899e-2
-0.316554430560420218460e-2 -0.453431042287634918110e-2
0.168486794437478036154e-2 0.149106116812420762695e-2
0.225528798903235328461e-2 0.324768174412943439522e-2
-0.673401828932625636990e-2 -0.137294748527126008573e-1
