
0.136353580028093444917e-1 -0.378838437313904523242e-1
0.712526375033992717586e-1 -0.305270544641853574305e-1
-0.191206854459642208572e-1 -0.242959341925261957230e-1
0.283997167934956997681e-1 -0.789313462391520653124e-1
0.147494562598138200682e0 -0.941875910226319952687e-1
-0.420350747963050442530e-1 0.116815189970542517630e0
0.118137791314183780982e1 -0.193778574094873093641e1
0.857679689445366166291e-1 0.629726009801280541954e0
-0.448095848348390846279e0 -0.218957317187779669683e1
0.377529383013956126823e2 0.228150351947525621438e2
-0.170734819241160449225e2 0.903142592626203735695e1
0.992518750434330863236e1 -0.102277146410076174125e2
-0.416891354284527310414e2 -0.161207818956204379963e2
0.286549136973830867389e2 -0.880393594076624455037e1
0.387127631351036293646e2 0.113997184831809132413e2
-0.827892737590574701292e-2 0.238504785193590946361e-1
-0.168959701285133951260e-1 0.267465735558856823896e-1
0.434546338083949839330e0 0.665232034533878761011e-1
-0.655507400592653708771e0 -0.160881183716208086903e0
0.130449116024609419181e0 0.127162696828100061576e0
0.100000000000000000000e1 0.000000000000000000000e0
-0.246904584676927076699e0 0.341845256352977656798e0
0.145668225264032895973e0 -0.175125855082126375949e0
0.181781303173075078517e-2 -0.273483008277483810526e-2
0.329263791294081208977e-2 -0.158121930952162725575e-2
-0.316137347266204801930e-2 -0.147955087932129294902e-2
-0.864520803572809803928e-2 -0.475277071598146203195e-2
-0.294265722669696473236e-2 -0.147771980732375852264e-1
0.150428050851942780258e-2 0.669273282566236202708e-2
