
0.717674191403998984874e0 -0.194587956809418025821e1
0.134970568475307486748e1 -0.179605210385246822496e1
0.639025780242108120072e0 -0.124055910304227922085e1
0.133289501839827325661e1 0.532975155355558349445e0
-0.417906616333193509853e0 0.111684884186544225904e1
-0.205056920980227260507e1 0.141290441273862204673e1
-0.459517911607276569765e-1 0.256243630210655541093e0
0.352579939797958548901e0 -0.233696043378520799423e-1
-0.163106863512201046362e-1 0.239449296997707954479e0
-0.881327657518284244501e1 -0.109200807279660779318e1
0.423663469710849806488e1 -0.125416268676122453834e1
0.613569497567095521913e1 0.857227730803498563740e0
0.184133501004665413943e1 -0.452727413441183733074e-1
0.832934571898381670603e1 0.220550457071642242888e1
-0.617460455925199919679e0 0.216823175856384017779e0
0.125596607177491172213e-1 0.278217578690717649644e-1
0.196598518903868078499e-1 0.308460665654054970726e-1
-0.142334587196598893308e0 -0.150268199570172909134e0
0.136054257376467313748e0 0.361722480154602813015e-1
0.175630865770328802949e-1 0.133372764054337912765e0
-0.235237490273167374440e0 -0.227826857989959144008e0
0.223231049170876648684e0 0.380857508121237230662e0
-0.177490497678931600340e0 -0.336566775263611519815e0
-0.797663613381193030015e0 0.461219692779063158614e0
-0.958065371155846085590e0 0.261023729681806815177e0
-0.593744114867735736478e0 0.221379844863116972991e0
-0.235137873930364978402e0 -0.465466276317195248700e0
0.493920007965865372863e0 -0.242024970079357013578e0
0.100000000000000000000e1 0.000000000000000000000e0
