
0.197669703608679866360951226929e1 -0.726438877519904795709657837364e1
0.251751707018608277085109693577e1 -0.509683498929277365633752384634e1
0.201675331013126503020618495793e1 -0.296765100581038828398770731025e0
0.260419113427520412331438857093e1 -0.341219782874944955452997617141e1
0.153752032142309042987441220184e1 0.723304176506819915373921925684e-1
0.292194962746730980944709919374e0 0.468262861122596866774512179029e0
-0.364785741687010379147220340492e1 -0.771790898798358043940743864663e0
-0.332027570604298982585338671151e1 -0.158016784607196957532830208612e1
-0.534427741265669051052026853675e1 -0.301421860892300497793251701373e1
0.789122809114997883301869324196e2 0.129983584716699652509851947110e3
-0.132218925160051582728896896406e3 -0.179054406951069141972910394575e3
0.638339623738675957543250952663e2 0.555990138800928061300647026767e2
0.222174488107102581247410840894e3 0.234271351478841412675330475521e3
-0.882745493262534492452176761342e2 -0.446983709067735179966718773352e2
-0.400095721913898339486623939803e2 0.225459859560499989923371136619e1
-0.686168530357279748212712517487e-2 0.228152313321760221189429077810e-2
-0.111084661874560182647897219121e-1 0.741812849586876671729904938531e-2
0.656589013392377074952031887306e0 -0.155504694913045925957624653720e0
-0.772139446299256055582039053186e0 0.939692655291636747518728737755e-1
0.919142542458171936597012185691e-1 0.104922802269115327839092823538e-1
0.100000000000000000000000000000e1 0.000000000000000000000000000000e0
-0.139341456158710675245415821928e0 0.316303362230851398107703130475e-1
0.334372960182919883412285408796e0 -0.167112251576002431447476796537e0
0.171483425709416162794694039931e0 0.501450538892781827505147450421e0
0.545193981014004185589976451263e-1 0.394383320752828602844579999701e0
-0.874507828360315941818287237000e-1 0.911678001794784294982034624359e-1
-0.178709272831368817859437328744e-1 0.299123346439612049025830052754e0
-0.822987137984807338958590084230e-1 0.548409898685665981493997090831e-1
-0.411375036299375326006601784932e-1 -0.126249072206332088693506516308e-1
