
0.156675000693007968697581302045e1 -0.205913291896794506029971192472e1
0.116645391815670858447918983125e1 -0.103455322675267017127575531508e1
0.110488616204143364847695699308e1 0.751072874081216110041174281597e0
0.810279101005841237962916965107e0 -0.475535315810600243028927596688e0
0.565572785970841836090567543677e0 0.572917115272715557423552963363e0
-0.356805260979277545934922901083e0 0.590388120554799262733112040311e0
-0.327135336737544051448562946192e2 -0.781673930222334178335315269809e1
-0.332355880310025423444058975925e2 -0.892669339708408752863318959001e1
-0.775666938237240508530258673586e1 -0.104445517980130689107175288271e1
0.133217406943122477171316520722e4 0.564956627940978164018072077122e3
-0.228518015679279277933998204797e4 -0.946421192473732217036865888539e3
0.495553966231693801221516163628e3 0.204180981495114880117915318168e3
0.398956710569201548792755015642e4 0.156543614407307567064189373687e4
-0.848259976161952322834874817666e3 -0.257192848995859565780417986704e3
0.880656740267408504175275688700e2 0.514086471911762881658842409477e2
-0.798938660876844871975741869895e-2 0.763827944378507215089864956906e-3
-0.744604569283853881109833584333e-2 0.120866607262534605284677550544e-2
0.275311198636115809861814020865e0 -0.392266885814893716211030313498e-1
-0.533143296821225025529806596759e0 0.194551761914863823777636951214e-1
0.110902135099497581743376322812e0 0.764719394985570363364331003057e-2
0.100000000000000000000000000000e1 0.000000000000000000000000000000e0
-0.209312346909912638220946942820e0 0.357114492886842063188922270801e-2
-0.651821849151363273630951791364e-2 -0.437377728417239990770028004569e-1
0.270736430729021724128600047171e-2 -0.117022608131176300701661185009e-2
0.174056274366797595753816187773e-2 -0.588590243960002640542328904994e-3
0.900997887671028606584845549678e-3 0.222100407179367901935463071768e-3
0.107249369016154050098931789397e-2 -0.272434985082896864363536892395e-3
0.367984600989761693029506168591e-3 0.207405150132798886491830184522e-3
-0.662917309892791481237347582434e-3 0.362126716975625270106566323541e-3
