
-0.420892974311114070928e0 0.500830527383307855561e-1
-0.889565909195477910899e-2 0.805768237247201023381e-3
-0.397434632868614732779e-1 0.206133353950237029519e-1
-0.187861917811394518870e-3 0.117060180492667381863e-4
-0.849391536519369378321e-3 0.410681845998926893514e-3
-0.316175082762381623093e-2 0.351666726193733360686e-2
-0.182107821483006659426e1 -0.857435048792742226414e-1
-0.716332221910227449186e0 0.460225374824709608474e-1
-0.460150644268951419292e0 -0.140648258886740466428e0
0.214093359104371326294e-1 -0.783065100827527333990e-1
0.831843838809685600874e0 -0.427367389953388918079e0
-0.636754185233955520595e0 0.638526769049797227062e0
0.252556847591406634541e2 0.257397137278679353101e1
-0.132653480459618011373e2 -0.137010709247225193888e1
0.101177685187440474677e2 -0.227916370449276724144e1
-0.682957395220748238643e-1 0.800792383630650714332e-2
-0.193553001738565619194e-1 -0.415237049418072488688e-2
0.930597288131339661448e-1 0.121867511390672562531e-1
0.903740822859175273017e-1 -0.975182354619370883673e-1
-0.459559834797777776736e0 0.103044662845828247398e0
0.100000000000000000000e1 0.000000000000000000000e0
-0.632188911379086995550e0 0.740666970248984494292e-2
0.405370297641019876919e0 -0.638836448584420152894e-1
-0.965740639030890591705e-1 -0.989151160846147173579e-3
0.368647104723336404757e-2 -0.406186322470935030356e-1
0.181829852611849869336e-3 -0.640800472655847469354e-1
0.100751561302390121112e0 -0.376016551097067241193e-1
0.190334058141820629313e0 -0.743123884496946055417e-1
0.383058101153950050430e0 -0.207984176228473921494e0
