
-0.124819963543211349412e1 -0.255647014317340279125e1
-0.172704673769627236192e1 -0.210366396355600613656e1
-0.918756555592799101050e-1 -0.132007545964677190555e1
-0.108462231571534278634e1 0.270471676253510353227e1
0.114540464651564329545e1 -0.121479055727210115368e1
0.137481212363702111107e1 -0.291097291935811033491e1
-0.108056084239880211331e1 -0.428073807608609560778e0
-0.238691805256564493361e1 0.172343552221460662101e1
0.427205695037127354319e0 0.324692351483248103488e0
-0.142173578693315977800e2 -0.528653211051942097456e1
0.753957997783543429435e1 0.131890576110921988349e2
0.424081098524988893937e1 -0.140641583692724247180e2
0.252569281858670592134e1 0.253423534795656637164e1
-0.171666523324504538307e2 0.119629154785754217658e2
0.116916650507448918583e2 0.275229676256285460357e1
0.987725049131186758109e-2 0.807546091708334276820e-2
0.124102560613997912816e0 -0.109616670254724906378e-1
0.827885924478359630160e-1 0.368151180498928241294e0
0.189639815556226017424e0 -0.420934433596519721251e0
-0.399472035443967361682e0 0.134965521250321519926e0
0.320387914905680412116e0 0.227746201369486873093e0
0.100000000000000000000e1 0.000000000000000000000e0
-0.166648243967597230820e0 0.187841581826289235108e0
0.236211402227735810325e0 -0.236211133349865436257e0
0.158252084093354553868e0 -0.279488773350558999904e0
0.145184743805476638837e0 -0.517403779051489618226e-1
-0.240500554544054381692e0 -0.166301885654015621364e-1
0.154377722345041817675e0 0.528974523098584222905e-1
0.306866539162876480714e0 0.722333245323254465660e-1
