
-3.955694041274850e-01 5.990484984748262e-01
1.838507209910196e+00 -1.242358883937509e+00
-8.042290411360148e-01 -1.012441013377854e+00
-2.366225121561791e+00 -9.168198828660001e-01
5.370323036795024e-01 1.854355459123049e+00
8.082902916968531e-01 -3.807920906530168e-01
5.340291704449437e-02 -1.908273694897888e-01
-5.476328181824325e-01 -4.097475269561497e-01
3.474357731704482e-01 5.654473204243092e-01
-8.732401356296219e+00 -6.591612885055406e+00
-8.421067940985625e-01 4.042805164767096e+00
8.778432574707493e+00 -3.770581831205677e+00
5.705161461801075e+00 3.163396703657751e+00
3.134730146971947e+00 -2.934488368531512e+00
3.027239894495137e+00 3.428216181397651e+00
1.394386936954827e-02 -2.108465595601263e-03
1.378250987590994e-02 -1.200171790507020e-02
2.583877538478295e-03 4.498073373368218e-02
-7.692254396396123e-02 -9.459426305779918e-02
8.552609794510080e-02 4.623268392077907e-02
-8.561302744307331e-03 1.036385797142828e-01
1.776445732735476e-01 -1.133232927908379e-01
-1.322641811478465e-01 3.029361144886180e-02
-1.010735158012162e-02 -2.291680706998456e-01
-4.565569408561613e-01 7.654532927830557e-01
4.006565722072822e-01 2.451035522813473e-01
1.000000000000000e+00 0.000000000000000e+00
-4.371214373377812e-01 -6.088525196486446e-01
-2.743994992774321e-01 1.861358253330570e-01
