
-0.357735770483935728583e0 -0.163216906575505471056e0
0.157863259488446961532e0 -0.335197326271491216480e0
0.205670052322799201868e-1 -0.613847599067173241167e-1
0.314022648952572875161e0 0.152561986081361097183e0
0.576021876746520266104e-1 0.200783739101829233876e-1
0.104050961857513238025e-1 0.231096192362928211129e-2
-0.794814632325344229175e0 0.113357551746277969104e1
-0.201893119537233774012e1 0.666063649598963612947e0
0.290648076594095017267e0 -0.236866760966425846151e0
-0.524223585069676150132e1 0.620658353547113910689e0
-0.217548531990001513432e1 -0.719880839587306129573e1
0.714245268807823214304e1 0.103106121413059539701e2
0.962293876175796715055e1 -0.442297632063915690907e1
-0.127832080943290879206e2 0.101505974296072447550e2
0.126171238281969851185e2 -0.125716232828049302023e2
0.658790764311444455934e-1 -0.379339049813036097303e-1
0.848977846464696523214e-1 0.236055317712244235208e-1
-0.211137171443049606449e0 0.110339036136176515455e-1
-0.272543948581253541854e-1 0.406644371786710385363e0
0.279655076756105867907e0 -0.499859721495183941740e0
-0.360999920949505933047e0 0.737012810894481642938e-1
0.100000000000000000000e1 0.000000000000000000000e0
-0.728162186255466564472e0 0.339625953954495046571e0
-0.188270524759878510162e-1 0.164434530704003381362e0
-0.142216599692846983445e0 -0.149514343585285993101e-1
-0.343548391740866484223e-1 0.133281863452688752422e-1
0.412525822124606206449e-1 -0.292669779636785431374e-2
-0.333737659329985728103e-2 0.683157830154062546831e-1
-0.230621517575531186642e-1 0.342253484235813791439e-1
