
-0.161876868154120321660e-2 0.228529910655689401784e0
0.141546953137348395312e0 -0.103519078223082943053e-1
0.107061546837701050259e0 -0.222895160280043845387e-1
-0.134405538607138340081e-1 -0.871072882413402608677e-1
-0.191169471912861529680e-1 -0.651667467929833582211e-1
-0.212231682657346905035e-1 -0.478317995882645784766e-1
-0.371184042002335372410e0 -0.687882750328307674076e0
-0.127805923854100939201e0 -0.508984324147436036680e-1
-0.689864154081485505773e0 -0.901928026749891169865e0
0.918842128606001678375e0 0.430849338209927586706e1
0.245293481441895457518e0 -0.129013589650279593868e1
0.867001762966934181199e1 0.163827356774915575328e1
-0.270579328282884918537e1 0.671709131743433429575e1
0.210299139735996711660e1 -0.924762092783352381009e1
0.287720343193719400822e1 -0.545324044328246578753e1
-0.317586562893770654381e-1 0.262704198693037516530e-1
-0.414590619271011730340e-1 0.179799015791714173786e-1
0.417007061236823686854e0 0.765984136801098143061e-1
-0.517502690487692861899e0 -0.222101669205576020730e0
-0.867081627730201426362e-2 0.191300161100052483517e0
0.100000000000000000000e1 0.000000000000000000000e0
-0.557507712216028536911e0 0.285673177679839032433e0
0.361575919484198332002e0 -0.186127273973594362623e0
0.112303108691523300483e-1 0.673602721095742902968e-2
0.163631586674335988318e-2 -0.136414169931891703351e-1
0.111421615821995853243e-1 -0.181245110486128179825e-1
-0.185563733356423095299e-1 0.135605422331997343157e-1
-0.228591964763166679827e-1 0.179359330305536498577e-1
0.275895645398546644881e-2 -0.449766060422123473659e-2
