
0.882371793057268393458749397523e-1 0.116979593726373995394710629224e-13
0.150311451601166631170069304191e0 -0.467004404354428826285306323929e-14
0.104162114453539353914485770467e0 0.280226127381854857798671299359e-13
0.254873131474152330419071010771e0 -0.493015161856373713845691839742e-13
0.178122154058109440692335468632e0 0.183786178259738062311818079663e-13
0.122566680662621134127882107463e0 0.500442044428140734691703601138e-13
0.406975245302095530706875835878e0 -0.494721740112843360265548104025e-20
-0.161509173113050017897689222009e1 -0.229563752999136198923954392361e-19
0.947661441220914909202798366066e0 0.603835979931841530858724414939e-20
-0.279982396248716363554546282746e2 0.431567148283212809619372543363e-19
0.747336253011303792384095718742e1 -0.851793050581600152176562182913e-19
0.129332409086447008072688357454e2 -0.109470606773676901927520703912e-18
-0.199480925425337731949486511158e1 -0.132251304302476063965802184247e-19
-0.345217411146553612841229786481e1 0.607432926282183708022720277820e-19
-0.597425847632403366759891949735e1 0.616134298346389800033867600816e-19
-0.650083595971282531188198863949e-1 0.896696393607170594770186085107e-14
-0.165876217963969052427439890017e-1 0.471050984368314787889452045184e-13
0.425600199644416998222000642399e0 0.219412688154430647531529202378e-12
0.286415375367541472068841154044e0 -0.157899526981374219528968331290e-12
-0.665733175427796963668630542334e0 -0.842410378834629781600672481423e-13
0.502995448818098102134889244026e-1 0.298244355235753468358926225335e-12
-0.341611754514341524465106518850e0 0.418522515944274506850029341469e-12
0.100000000000000000000000000000e1 0.000000000000000000000000000000e0
0.374977434575230387809787275765e-1 0.115494610607930913162561544807e0
-0.138928668664428871079033744434e-1 -0.461076072884218949311769609167e-1
0.883333225379747973080454946901e-1 0.276668831356336275880935974111e0
-0.154497448712174590858285770384e0 -0.486756641241518428339490011423e0
0.577576318918325229474343273586e-1 0.181453127110552217206050912545e0
0.156844584163765520656579668442e0 0.494089244997884178734911929826e0
