
0.879929994778255305051e-1 -0.343433006333327425915e0
0.259998757879184404386e0 -0.131392450379746647337e0
0.109861674861284164732e0 -0.148506796993227986275e0
0.220768037381741687771e0 0.191470176393425935192e0
0.402070531347268438885e-1 0.167733843056482415879e0
-0.308761036859567218290e0 0.151962829939901490723e0
-0.108341479960271474208e0 0.509242266529007341362e0
0.114344277626883295191e0 0.631037517344632551138e-1
-0.266408876194889673438e0 0.521430167431264137974e0
-0.551793884141136586896e1 -0.323504087258316968363e1
0.286407085496040226982e1 -0.603464123351781645010e0
0.768579324343266256448e1 0.584629461990858180671e0
-0.149822951823827424280e1 -0.188761179493712249740e1
0.603233292801058503755e1 0.559557165920964794895e1
0.408286652694606664221e0 0.717992347708605847985e0
-0.599175362972263561138e-1 -0.281970716125816241366e-1
-0.371272893486082945395e-1 -0.233329769564631022325e-1
0.307518167826327294494e0 0.161695186842177533710e0
-0.175555834331622358197e0 0.859255770631254678512e-1
-0.316500743825391055733e0 -0.217603882175684645075e0
0.100000000000000000000e1 0.000000000000000000000e0
-0.681974133275361805182e0 -0.278753773879155892720e0
0.528282582310418767852e0 0.425284693724563295393e0
0.248220226761279425042e-1 -0.764179899681159243972e-1
0.438197273675716857092e-1 -0.290246159201780301399e-1
0.361117145518299527338e-1 -0.299291051853004700361e-1
0.931089952674431041402e-2 0.237092560804252374366e-1
-0.264526804604794672469e-1 0.330565158685182488964e-1
-0.383263683549743494460e-1 0.406336836349301392166e-1
