
0.230890797737852604028e2 0.470831034747896642369e1
0.132975903450863627451e2 0.260432149992085009132e1
0.760497530681646735553e1 0.149269952233891952916e1
-0.335343000514140394605e1 -0.695074720767156772850e0
-0.112696757266999692702e2 -0.226965169871861993916e1
-0.197356497686438564568e2 -0.401323562671180964975e1
-0.758966414443888263898e0 -0.310958353906714112381e-2
-0.474427993099202928310e0 -0.523460125889714755721e-3
-0.392867188115614695626e0 -0.222701954522990555304e-2
-0.174210469697119121782e1 0.187364968639482487697e-1
-0.555864541307345785956e0 -0.779332223918926689178e-2
0.626904843695068427498e1 -0.483395710967946933695e-2
0.995819962366038030372e1 0.443169161342392831354e-1
-0.362171519838156678091e1 -0.356316223332370313409e-1
0.447974173845506210868e1 -0.180519917799913263892e-2
0.240337128724061008955e-1 0.417425281297685372112e-2
0.414089020476930432257e-1 0.656095072103274654281e-2
-0.327723188247923231958e0 -0.523894338112820850921e-1
0.297864457960813880291e0 0.465351722986871325363e-1
0.271157314457424423309e-1 0.711489428824726626464e-2
-0.431669665524824339295e0 -0.743088478158487946107e-1
0.440453936256881112732e0 0.724563124947768999646e-1
-0.397995948308897775085e0 -0.649816490130360576292e-1
0.749599888640971144982e0 -0.384053288493224253154e0
0.100000000000000000000e1 0.000000000000000000000e0
0.819737431864666853479e0 0.944595627887456839401e-1
-0.210082916052377150846e0 0.209318679813005422285e-1
-0.609987331363497931492e0 0.940470140087084517650e-1
-0.130757284716942490474e0 0.517527505238965515372e0
