
-0.104853230222759838419e1 0.929727753443424023705e-1
0.434453782204723633386e-1 -0.604190372578979166052e0
0.322946620668007997192e0 0.464262284427429718905e0
0.772680833477649154837e0 0.186127084281258301277e0
-0.546815361036470234924e0 0.114434835412727058308e0
0.275851468749949229296e0 -0.279099859625600703702e0
0.467798029451818523923e0 -0.279461394679662652915e0
-0.126997869919128673064e0 0.115954466806022221833e1
0.220484334452321958006e0 -0.102364163540849059479e1
0.368575177099323181241e1 0.107715676487145303863e2
-0.106193129902910046837e2 0.146124291627220660966e1
0.109794036614808306045e2 -0.193602241019102892902e1
0.607143009146693881251e1 -0.737381835981080680908e1
0.106613565837293165590e2 0.572780356330103213643e1
0.829554481501115557451e1 -0.887380991176351745589e0
-0.643824216323595010467e-1 -0.124135595851184454146e-1
0.229211189113510598236e-1 -0.705597344000709734453e-1
-0.512308863032574135033e0 -0.521776587538542074027e0
0.100000000000000000000e1 0.000000000000000000000e0
-0.739865172097283740123e0 0.317098694146922894410e0
-0.514533405173122665210e-1 0.342922101431408067937e0
-0.235899139394386634947e0 -0.812008431313237649283e0
0.153548451594284161579e0 -0.454326775687609093557e0
0.633353711140011811707e-1 0.507327916266799369665e-1
-0.959065108464242626818e-2 0.259786086261839878165e-1
0.418250389695951117433e-2 -0.205308014584448593760e-1
-0.195214082628485392125e-1 -0.323232633379351675746e-1
0.202636398141233182875e-1 0.148103579313390035788e-1
-0.429951436931554605700e-1 -0.363856486131849151381e-2
