
0.726354709227605837925614814373e0 0.309644853542206806469540405272e0
0.455471845599555218997433164238e0 0.157582142851151944459552219320e0
0.685250807817750944668324615557e0 0.279333035132697991640746386186e0
0.345580703289202225257517426554e-1 -0.105719898387562065049281255515e0
0.341936074204639063982407257952e0 0.771652475038346009602100096107e-1
0.615794177457170675177545591543e0 0.229269530919049819503732933153e0
0.152255252594722761235179149453e2 -0.225877799813645846053431024084e-18
0.215246573855573573261113663760e1 -0.589076427357471719374714189330e-19
0.852247563631415985983809252862e0 -0.187433163173844781320814658037e-20
-0.117240311323369405616922497521e3 0.719509048688800273865916071279e-18
-0.565915240250410884215637318376e2 0.955521848766467526887145213644e-19
0.161888022412256597141293221759e3 -0.788337858886414065744268372775e-20
-0.273165479972453060454992884006e2 0.151085212582645338042880808109e-18
0.781428316446602429540615418880e2 0.632145717212397297253604716528e-18
-0.223538572225945042680787498520e3 0.751797817717608964186016661923e-19
-0.338770500899602547317226388967e-14 0.379752168429729802874550427573e-14
-0.691604312931871399278692101454e-15 0.571979237472307545436093811946e-15
0.218708785119382367000999239991e-13 -0.255692895376348148354005190757e-13
0.139588715198207628892736306513e-13 -0.152873506773777302898975434145e-13
-0.346013898970562370807683198096e-13 0.395872904132462965998983688665e-13
0.682640488164951529810312064173e-14 -0.889713427410952387948408707773e-14
-0.172557157200488464686231148084e-13 0.176848386520928508122366864727e-13
0.503505620070716834986558558302e-13 -0.569223658026616787035121791931e-13
0.100000000000000000000000000000e1 0.000000000000000000000000000000e0
0.508912520419695322254499677658e0 0.657456552767796650316514740934e-16
0.902107791998625571862579993009e0 0.174168140891701316943717400290e-16
-0.341423076076256022833201292607e0 -0.580979217511578869528645672907e-16
0.249205651639601352196813403051e0 0.410831898397489088643973887276e-16
0.740427390593781426558732208035e0 0.235370426206055161017529659104e-16
