
3.720883770827310e-01 -9.742515761880270e-02
-2.247928031001877e-01 8.021845330950907e-02
3.481973995362267e-01 -8.957222191197402e-02
1.346583828920080e-01 -6.166800468632571e-02
-2.104451725625129e-01 7.408023273875680e-02
3.258339907826293e-01 -8.232775721583518e-02
-8.702604558918328e-01 5.990871682434702e-01
2.142214015041170e+00 -3.620344736218361e-01
1.353154431855010e+00 1.038952841767605e-01
1.529510387099738e+01 -8.018948009187165e+00
-4.901399264584532e+00 -1.628179916401951e+00
-1.966431954329050e+01 7.868203514858292e+00
3.346357076580792e+01 -1.340326846549874e+00
2.729311124337805e+01 -1.185189420583087e+00
3.897278904320864e+01 -1.093753263448624e+01
-5.097659495779292e-02 1.314800643451817e-03
-9.737878137805773e-04 -3.118144100197683e-03
5.422471694782530e-01 -1.393408208207300e-02
1.875623785960662e-01 1.443491697986048e-02
-6.185697764768687e-01 1.565519897032842e-02
-4.355064156210466e-02 -7.198668373568091e-02
-1.054628343490522e-01 -9.192948725904367e-03
1.000000000000000e+00 0.000000000000000e+00
-2.240252359913042e-03 1.082658558036210e-03
1.922259548258785e-03 -7.381504347099762e-04
-4.952196224233792e-03 5.437656524864119e-04
-1.404447660591395e-03 7.856458085965324e-04
3.237025337200671e-03 -8.698055638182392e-04
-5.071201826214610e-03 2.400531655732471e-04
