
1.728449824552054e-01 1.598391923809956e-01
1.194952706701782e-01 1.100125749399088e-01
-1.559572279253593e-01 5.336188869304154e-02
-9.290707995452462e-02 -9.825784217921953e-02
5.694806172015985e-02 6.148348389341975e-02
-7.993790250068070e-02 -6.158135020177601e-02
-6.025714742311395e-01 2.061327699391111e-01
1.398002133266413e-01 -1.331379656652203e-01
1.180561096959390e-01 8.339490423824680e-01
-5.238921082870071e+00 -1.566955166209985e+00
4.356849381099797e+00 -2.800321904524385e-01
7.060657777589321e-01 -4.005601800360486e+00
8.021281501534961e+00 1.946981720888125e+00
4.600426893583468e+00 4.220446167008609e+00
8.003376700195869e+00 8.665692906345297e+00
-3.878617521233836e-02 1.949820092470790e-02
4.302120065519763e-02 8.401870575513472e-02
-6.595830071419890e-01 3.124721972454099e-01
1.000000000000000e+00 0.000000000000000e+00
-5.753834466424701e-01 -2.282568502958809e-01
-2.437989676814901e-01 -1.033236686297647e-01
4.305213929541066e-02 8.579783531279258e-01
-1.675539610938283e-01 1.089262991241411e-01
7.041086860973461e-02 -1.695038492553985e-03
2.621627968172192e-02 1.488359381722115e-02
1.308367386796419e-02 4.654657734163328e-02
-2.856267730715943e-02 -2.656586480145666e-02
-9.328318149418953e-04 4.360822954613736e-03
3.507017332298603e-02 3.206304494235626e-02
