
-0.105341141366005542398e1 0.880326258293877630511e0
0.201486004772008236486e0 0.118070354560425135927e1
-0.307052581192990863983e0 0.113697083332529617572e0
0.141543276987453296744e1 0.666264033501851075329e-1
-0.445849515600956468136e0 0.720646399049265138330e-1
-0.959867153990830129285e0 -0.115888115792055287364e0
-0.155718213539743546207e0 -0.132113263721631569439e1
-0.269789081228975826873e1 -0.183150134763661282997e1
0.530258291525884155055e0 0.356058192919687763661e0
-0.115195845905919318697e2 -0.845002977337856831398e1
-0.483091589160041240056e1 0.127213660684586234145e2
0.148991893229661566955e2 -0.874880421967563248059e1
0.551870629558317227778e1 -0.362843115680352929875e1
-0.145619998014060607261e2 -0.200924663296193474656e2
0.600087829500875959143e1 0.120784609301820976121e2
0.163048755423616348208e-1 -0.812329447582779590033e-2
0.121324941237661032594e0 -0.700783192134749725492e-3
0.102964698841699515459e0 0.470576436424291600193e0
0.770655186704364634552e-1 -0.361826500512874339933e0
-0.306379986764944578102e0 -0.635347901936691177212e-1
0.392197555629498119433e0 0.400809530462649899526e0
0.100000000000000000000e1 0.000000000000000000000e0
-0.232839005235008716818e0 0.374738438239618883830e0
0.173418020605213593036e0 -0.832716904553125375802e-1
0.697538038767529346295e-1 -0.185744742239118228671e0
0.583245353335335242349e-1 -0.245633035080608291425e-1
-0.238317843420623667644e0 -0.111380213023534953710e0
0.108374208125190442286e0 0.371393927623485023737e-1
0.196675560321345651386e0 0.444234542994029539939e-1
