
-0.105974955332123173114955575476e1 -0.359886807204447609680011035019e0
-0.101592322659105459350068448703e1 -0.480821327548904637676215097411e0
0.306100219867400794704516060453e0 0.147272422860635036006463726262e0
-0.958302753013857847190037711210e0 -0.596437704452205082292206290183e0
0.288463275150987041964586192035e0 0.182102329182855393305834224832e0
-0.868267525572279087788897622447e-1 -0.555909073928917888856157713884e-1
0.640759556808599473644260945789e1 -0.646294743966552192358875971044e1
0.341234912675410766768639870260e2 -0.877122680976619047125978680601e1
0.901213553588049687552749977628e1 -0.889966928266085613521583665162e1
0.224898247997407142684735215697e4 -0.326549381873673925190153725291e4
-0.188538306091074324901653918001e4 0.340514902501985924398456284315e4
-0.109942978618932595839536697196e3 -0.268530759515728200766628227145e3
0.166488397599271355988087647510e4 -0.367182331208675457559255003377e4
0.619509971414741977654987823245e3 -0.297075675225500756136854730004e3
0.157710068886332490544644962660e4 -0.183057134495922941987966472734e4
0.335760693447646233442511950242e-2 0.305509676108257120097387029437e-2
0.415217682403906932205770858744e-2 0.485873845946547505417256074381e-2
0.473711497273312395131963529103e0 0.632517023053292395841257674137e-1
-0.707802473572918298242245147959e0 -0.460572571324559440739548830645e-1
0.155668982496940793856498139662e0 0.301634144149250114563720919021e-2
0.100000000000000000000000000000e1 0.000000000000000000000000000000e0
-0.145950876488679555283706950470e-1 0.687114171792969892043349348534e-1
0.638067094131348866795893825451e-1 0.274126631512459348214393336811e-1
0.965593234133033095008262641850e-3 0.341680665019630073618069701882e-2
0.565546701370976159215307674714e-3 0.360147140099377320084030850063e-2
-0.164409474994229808732915089082e-3 -0.105128210365691880538897272225e-2
0.134858901276231046443641652303e-3 0.373838982630361604686926143574e-2
-0.274815263279057850733643015315e-4 -0.109833802270380507624474012937e-2
-0.420386163604977797838855852402e-5 0.508362927073340918767474614109e-3
