
0.785592786988844039755e0 0.434609877069369210595e0
0.322684717302491529903e0 -0.154926313029640282738e-1
0.661278304454244052679e0 0.287427172819883191537e0
0.958587923151497942468e-1 -0.657588123315806432351e-1
0.256795988810921745781e0 -0.370454751674743961084e-1
0.550643741158493656986e0 0.179257626433512531688e0
0.350679746514803243052e2 0.302621536097500175907e1
0.796982144271046458531e1 0.214826321611256269416e1
0.899869529226870419288e0 0.324737315592091631169e-1
-0.243361524679400072491e3 -0.162506986985881482499e2
-0.143723900819883565610e3 -0.180172162531415714845e2
0.361045355563442516622e3 0.277443354801374554852e2
-0.414327154178517023039e2 0.162821395517567138883e2
0.189434328577086077749e3 0.246092288339086358341e2
-0.525226681055302064449e3 -0.495273972025375787825e2
-0.666812340703852946810e-1 0.647745212329026337606e-3
-0.188035156228918083613e-1 -0.143238087980397912364e-2
0.415149898536183155411e0 -0.578604070396548424501e-2
0.290788943563532827666e0 0.568897071488777798735e-2
-0.668271391342732305892e0 0.767028662168801515049e-2
0.712201497101686215174e-1 -0.326324999680688786017e-1
-0.373497782633185638671e0 -0.394476912514682988536e-2
0.100000000000000000000e1 0.000000000000000000000e0
0.150484597570625357193e-2 0.587020274303544825475e-3
0.662189476416975579517e-4 -0.220472980011202793056e-3
0.111044565330970501582e-2 0.331825194063198189819e-3
-0.197869435569387603304e-3 -0.324178301058319345600e-4
-0.935419566100104319539e-5 -0.162209102927584740266e-3
0.829537708461099065279e-3 0.193546710235841586549e-3
