
7.944943701252860e-01 8.958643873123592e-01
7.983154020318948e-01 9.412705717865524e-01
7.554669949473419e-02 3.819628087848085e-01
-7.327017679943638e-01 -8.986191658656379e-01
-1.695260592565266e-01 -2.316173917876509e-01
5.692889523816160e-01 6.377449157940247e-01
-7.920471999557985e-01 1.096284879494905e-01
5.088576449813124e-01 9.694341334255424e-02
-2.140981582278509e-01 1.282317563211348e-01
-9.258328922456334e+00 -2.210961766725477e-01
8.756423207530935e+00 7.079777212721639e-02
5.478405395226809e-01 -5.039307805379099e-01
8.464188381571780e+00 -6.787140815898415e-01
3.575950015473976e+00 2.133260936290421e+00
7.941405408845544e-01 8.998102582623889e-01
8.035526131565374e-02 7.861613239411962e-03
-7.971085352006177e-02 2.250697277199987e-02
4.286505167573292e-01 -3.234904531037411e-01
-9.341463960898942e-01 2.431861648028019e-01
1.000000000000000e+00 0.000000000000000e+00
-8.455794680135430e-01 -1.185631552772132e-01
-1.629710684027431e-03 1.582772551678669e-01
-6.112385863093615e-02 -3.395548858237181e-01
-3.696969524640540e-01 5.042449750099087e-01
-3.724760128888632e-01 5.282985530633866e-01
-1.154387494411291e-01 1.918440165488831e-01
4.137905267588250e-01 -4.218449867524563e-01
-4.000192301822414e-03 -2.446360648565820e-01
-4.602157593082434e-01 2.403428709584857e-01
