
-3.249343498585880e-02 1.835744441541917e-01
-2.661068745864961e-01 2.327332433858995e-01
-2.090747220656653e-01 1.857070154057184e-01
2.126862405107114e-01 -5.975468972408236e-02
-3.825209299863459e-02 -2.160252086501671e-01
-1.535990984612101e-01 1.261333578657034e-01
-2.048401300486871e-01 3.011974385687814e-01
-1.106157655378324e-01 2.068738759017587e-01
6.588589936106617e-01 9.434554230926332e-01
-1.195839884011825e+01 -7.756656726319447e+00
6.376349063281467e+00 2.460102353331744e+00
1.423800748345676e+00 -4.062987400169336e+00
4.389672530566510e+00 5.248119847348692e+00
6.742633403322987e+00 5.925396612460181e+00
7.568726309551733e+00 2.508536878970756e+00
-5.765241761863295e-02 2.816158602464976e-02
-1.198593405747301e-02 9.335872503895121e-04
4.863085344945125e-01 5.661646423439561e-02
2.204670109213294e-01 -1.967876881434327e-02
-6.243919034312575e-01 1.640841587540328e-01
3.322882792950482e-03 -6.416556746982334e-01
-2.469403922574682e-01 2.691259515556517e-01
1.000000000000000e+00 0.000000000000000e+00
2.593641296221938e-02 -1.795663932758963e-02
5.537305438388622e-02 -6.634338162584368e-03
2.681072467476060e-02 5.434258455646644e-03
-6.189555102656145e-02 -4.311548788333359e-02
8.535289601431784e-03 6.031399465060854e-02
6.203016457364077e-02 -4.022101725421213e-03
