
0.133646122137016284400690835343e0 -0.724372940593016674991130685155e0
0.346678663722924434452682868306e0 -0.448036662702250535452861473623e0
0.350573770695218116446891144363e0 -0.202715334961358259776650065435e0
0.394894407605470378256769394523e0 -0.184058313063949395321873531117e0
0.311086680283111653346562174806e0 -0.149963970950560719457886511995e-1
0.209907256797398452353446817114e0 0.742092474458932960655387016692e-1
-0.667717544409937667649670008893e0 0.126413854247703947747322643724e1
-0.314677797908902838319003969379e0 0.140253707871379717246797518359e1
-0.197134225919128084262967491269e1 0.104567449400228596249586100691e1
-0.615073419456678588162071061269e0 -0.281767171602435333594216158805e2
0.482852864630722639616798766078e1 0.336765326418070113906514716773e2
0.156276806183534848254493099429e2 -0.862426334956367343308343586581e1
-0.141419472408149920435247123230e2 -0.512284434956479096010019494278e2
-0.686278662588796691674967412983e1 0.257561279667734422795222120471e2
-0.112723073221319005445634822673e2 -0.518031134151094389237717017567e1
-0.210091591376803410966398365485e-1 -0.853839148746389484261571975599e-2
-0.229095369162609428462882779368e-1 -0.898995669995943699654152262258e-2
0.395589283206777458729837492136e0 0.191331258404587419372242169070e-1
-0.536729471738650987915626942219e0 0.356041968623433497512149094582e-1
0.258338170999711865230751306775e-1 -0.535139395462943447161254042264e-1
0.100000000000000000000000000000e1 0.000000000000000000000000000000e0
-0.364236007188600984514461132991e0 -0.107125982270465208161898049026e0
0.233300074030382050801023220120e0 0.101983284282865386770771283110e0
-0.324715724090651408410678398359e-1 -0.166778755678394505864239258468e-1
-0.158706031098060628584760409751e-1 -0.247612680617104546453982271033e-1
-0.406649058249315541055488402411e-2 -0.160655085948618212351957264787e-1
0.906719389642983620389965028418e-3 -0.217843454258012501543027891421e-1
0.102149678398736236775426419524e-1 -0.128825178306630335630677591254e-1
0.127073018911246622146321971935e-1 -0.194767951861499515701527279343e-1
