
-0.691660732978438674625e-1 -0.139620155362319113955e0
0.877523415818163469662e-1 0.126241929991014650701e0
-0.811590350998670217059e-1 0.110609274480242472587e0
-0.103952916967725658591e0 -0.110489538342423797671e0
0.631736939867552890464e-1 -0.119724457143483155739e0
0.119341780954400691196e0 0.186705117145989754859e-1
-0.496454101754994830400e0 0.871444141585261771148e0
-0.113503460539974836175e0 -0.414878341009246133817e0
-0.222086575431785573012e0 0.243354985466376370635e0
-0.297332244230439868239e1 0.932928631625536775550e0
0.148670057516628732080e1 -0.595244889639072481333e1
0.515762151011905196300e1 0.722571584174368951314e1
0.518585427077714770407e1 -0.867411572406287050777e1
0.208333636196181255177e1 0.404229498706529814973e1
0.493863871652965428886e1 -0.688744130875717824403e0
-0.735639192968842199407e-1 -0.121964215204475532461e-1
-0.324275775893582705887e-1 -0.343422860242118501644e-1
0.319512992182366172494e0 0.257198568474813192396e0
-0.367281653954171166888e-1 -0.159156971118913505902e0
-0.485495626842375712669e0 -0.838234092753403042233e-2
0.100000000000000000000e1 0.000000000000000000000e0
-0.705501323226223415715e0 -0.268086052164683409790e0
0.668030556767233064377e0 0.363919104874199922936e0
0.239336538070956962633e-1 -0.278781495741605092834e-1
0.141382452135993278050e-1 -0.328485745963242952446e-2
0.901634435663372020800e-2 0.102169259486705616563e-1
-0.481222593840502576637e-2 0.279941159388152092187e-1
-0.126973344745714557627e-1 0.720706266683325486236e-2
-0.291254325296036747289e-1 0.456409019143272847839e-2
