
-0.186977473030684127706e-2 0.989166853775960707335e-2
-0.921129872564786714631e-1 -0.709828269008644411116e-2
0.361546779444735562793e-1 -0.541922630888961596067e-1
-0.279772068129465455855e-1 -0.847390477940427739136e0
0.530731739470806781361e0 0.275245635895949177852e0
-0.352418559095706941312e0 0.231364804530154993944e0
0.414587725625106419142e0 -0.518793278469361506650e0
-0.455371737129416690425e0 0.429522083351638988050e0
0.867909539556269133624e0 -0.109004541116203150996e1
-0.109969434613326910730e2 0.221842750642713579454e2
-0.618112684466062743205e0 -0.666394861125983937328e1
0.758776732187073178022e1 -0.157013575463663092313e1
0.410295448230319017473e1 -0.492695393973400057016e1
0.845049605213293136829e1 0.743833860792914114499e0
0.592986522301549687838e1 0.102853109675420831270e2
-0.128238977409171811449e-1 -0.152642091443367382567e-1
0.273574863172737031479e-1 0.552386696838202050110e-1
0.100000000000000000000e1 0.000000000000000000000e0
-0.558015100819678630745e0 0.227448576235406407263e0
-0.284251208583309777136e0 -0.355238093900501289749e0
0.512079166997017223948e0 0.288628259566791003530e0
0.312378898970918300463e0 0.317491958795475235738e0
0.859542277224847396416e0 0.302025029968175421594e-1
-0.154648097078637450595e-2 0.218516723188817324654e-2
-0.325357466774665187139e-1 -0.299586306939317659608e-2
0.530092937261867544548e-2 -0.194351997339756877035e-1
-0.359939306266268367666e-1 -0.141647161325516803969e0
0.608332162995804699842e-1 0.407580025170754942893e-1
-0.617598702652794297639e-1 0.263928127532370808525e-1
