
0.486242340718241666575e0 -0.936111473323440872071e-1
0.931683893388640262435e-1 -0.795996003795633860553e-1
-0.199755474784949556518e-1 0.669012132607164755396e-1
-0.253312874305705986832e0 0.130821451470917031161e0
0.263286893406883194623e0 -0.371093280573719390327e-1
-0.232929466412535679743e0 -0.372103041385729439373e-1
-0.710217736819775314889e0 0.815994779373840911402e0
0.132162359264131075984e1 0.621915052925039090999e0
0.102476620910185975562e1 0.647518867945556366307e0
-0.700575573487077077621e0 0.497023255909528919238e1
0.668425684747670448890e1 -0.111791284140601735794e2
-0.130549128485630368942e2 0.176836833574017955118e1
0.146917869192826042058e2 0.110261284531547724946e2
0.189432809528072973859e2 0.119551617269103439426e2
0.243601688207204480352e2 0.270254360116760974919e1
0.538827930283612353147e-1 0.493059676874233916473e-1
0.875764628626782371608e-1 -0.137157012160277097759e-1
0.453400947652126011143e0 -0.136969759990648520215e0
-0.582851797919562148787e0 -0.644283103223280446275e0
0.197198301809863319424e0 0.704016119880282328913e0
0.353913871862818454970e0 0.488415796456483784619e0
0.100000000000000000000e1 0.000000000000000000000e0
-0.245505792756402000215e0 -0.757248984914034318160e0
-0.176387886986260579750e-1 -0.106563566053223046332e-1
-0.107829593145944541766e-1 0.299027030311704050254e-2
0.648780342052040932217e-2 -0.396363283436335393436e-2
0.104746377973110743205e-1 0.372757484624528671349e-2
-0.730710965338758065706e-2 -0.502920912664895356852e-2
0.151912139984659920428e-1 0.178500486179684863677e-2
