
-3.909501142654658e-01 4.274731925371322e-01
-4.690972313089496e-01 6.549630773962378e-01
-2.847841141727303e-01 1.505899879649243e-01
5.270849104215652e-01 -3.813966297089466e-01
-1.570303837137405e-01 -5.846986600904289e-02
-1.361347961560995e-01 -4.607656282818562e-02
-7.176620932356326e-01 -3.101856919220816e-01
-5.250671011358931e-01 1.283837466723534e-01
6.099096823794053e-01 3.206947172739160e-01
-1.045928789287332e+01 -4.067489223493947e-01
6.674381330736979e+00 3.636161753228256e+00
-1.040073151427064e+00 -6.330800203130650e+00
9.071771397670084e+00 1.856600819189799e+00
2.565508075860284e-01 1.078789146559279e+00
1.164657636287406e+01 6.796567653022394e+00
-8.401664230859199e-02 1.110200463508262e-02
-4.696918897495005e-02 4.943565780373607e-02
2.311819693706163e-01 7.303866774622633e-02
4.445398929811746e-01 1.089046074068790e-01
-7.013462367453439e-01 -1.444374034675805e-01
8.733134354590634e-02 -1.620096508029896e-01
-7.279503497726357e-01 4.940262792245958e-01
1.000000000000000e+00 0.000000000000000e+00
6.634777653024973e-02 2.232015204702446e-01
2.692545746779164e-01 2.125655489473478e-01
4.948553532902090e-02 -2.994445578088892e-02
-1.311093621165942e-01 -2.453432270540409e-01
-4.195881099654807e-02 1.178236153595634e-01
-7.536955816955550e-03 -1.186055525590088e-01
