
-0.318293180668483112717e-1 0.150161905483182401649e0
0.887291904659629779314e-1 -0.267535865454217923183e0
-0.170185694004849409952e0 -0.299590209787703091044e0
-0.216518708008550550342e0 0.470120651846189797126e0
0.249435159176753997538e0 0.581453822230494798539e0
0.732003110871433268015e0 0.249676929672937787175e0
-0.437135953094588114069e0 -0.116472019879970499381e1
0.996588220428100477323e-1 0.738440867559496535988e0
-0.402962977201948344900e0 -0.145472348014049354027e0
-0.400859214871125181436e1 -0.640906478996094882469e1
0.257607385114806619998e1 0.116676629011507348643e2
0.623411045673047327842e1 -0.112791501532062990263e2
0.349529298918490068169e1 0.123843215045281002228e2
0.301729236092805888376e1 -0.425865560776787703719e1
0.117169777401656905608e1 -0.141608028846994295094e1
-0.610616881548226384731e-1 0.165849619927972013384e-1
-0.701133932516476893643e-1 -0.259632110721408511350e-1
0.491390292705264238054e0 0.278965951584857538601e0
-0.391983406371275705402e0 -0.409910381202381987050e0
-0.203304432122906177002e0 0.259880483405085833357e0
0.100000000000000000000e1 0.000000000000000000000e0
-0.905451447996503661845e0 -0.608085718238800327826e-1
0.718878712203762569003e0 0.106529528712773575392e0
0.183936790869831413012e-1 0.296553784084227076849e-1
0.275198635325070737781e-1 0.462541531444531356710e-1
0.406018967101751154321e-1 0.167439117029260698808e-1
-0.786567426337506069576e-3 -0.140084815424068469909e0
-0.885680004457505602001e-1 -0.104405492244594555069e0
-0.195979653368904520932e0 -0.195481054556823173805e-1
