
1.590052196188129e+00 -4.384205702220837e-01
5.595830886841425e-01 -6.679440615761805e-01
-6.810161262183430e-01 8.172112237691738e-01
-1.578304826210282e+00 1.351985473942540e+00
6.702627531090708e-01 1.279743824058975e+00
-2.631832568381567e-01 -7.741815263921085e-01
-9.654742941748087e-01 8.988481951015457e-01
6.507112219860307e-01 -4.629346020718658e-01
-2.675743738977520e-01 8.997228512644515e-01
-6.187398504102148e-01 8.538548146865958e+00
6.630392662561849e+00 -1.056763219891736e+01
-2.886036073812136e+00 1.684695449181270e+00
6.781321339772306e+00 -5.037306532546174e+00
6.002753911713805e+00 8.982823517962377e+00
1.010053963412508e+01 1.481312028047701e+01
1.265789705569568e-01 -4.293636534245703e-01
-1.505597075919424e-02 3.858518328333841e-01
-8.874845513883765e-01 1.773794536556166e-01
6.409719614415599e-02 -9.533854013275984e-01
6.650427592865942e-01 -3.905473070191725e-01
1.042411856182159e-01 -2.117972295620107e-01
2.669551379483143e-01 -6.462553524957978e-01
7.904037877752332e-01 -1.841752958498395e-01
-6.773325992875031e-01 4.662026992049383e-01
7.354811233003792e-01 -5.265163335665146e-02
-1.737061402012814e-01 8.943600451815910e-01
1.000000000000000e+00 0.000000000000000e+00
5.534402558134189e-01 6.812245637537045e-02
-4.390107716874309e-01 -2.071097361044938e-01
