
-2.459573970309258e-01 -1.276586302773667e+00
2.889964960216356e-01 -2.425972855200854e-01
1.361982482899282e+00 -2.816957309523608e-01
-5.059169989255592e-02 -8.403867515023086e-01
-6.020633638569244e-01 -7.571796309436756e-01
1.100049908419102e+00 -1.595882249227356e-01
-8.034343344856096e-01 1.041566626671452e+00
1.748915531862918e-01 4.464143024186737e-01
-3.931958573143430e-01 1.216114146759400e+00
-4.763376203103691e+00 -3.054142431800699e+00
1.044080115962855e+01 1.278505508503661e+00
2.572602553200893e-01 -3.374605967910368e+00
-5.203726710378546e+00 -1.080751162157212e+01
3.340662497908945e+00 1.701499686872218e+01
7.040523352499062e+00 9.266868016490189e+00
1.265789705569569e-01 -4.293636534245702e-01
-1.505597075919431e-02 3.858518328333841e-01
-8.874845513883765e-01 1.773794536556164e-01
6.409719614415607e-02 -9.533854013275986e-01
6.650427592865945e-01 -3.905473070191725e-01
1.042411856182160e-01 -2.117972295620108e-01
2.669551379483144e-01 -6.462553524957977e-01
7.904037877752331e-01 -1.841752958498394e-01
-6.773325992875034e-01 4.662026992049385e-01
7.354811233003792e-01 -5.265163335665143e-02
-1.737061402012814e-01 8.943600451815911e-01
1.000000000000000e+00 0.000000000000000e+00
5.534402558134190e-01 6.812245637537062e-02
-4.390107716874309e-01 -2.071097361044939e-01
