
-1.444772583059775e+00 3.144533739982418e+00
1.777844002386354e+00 8.838331298798687e-01
-4.925789844849305e-03 -5.917124773517517e-02
-1.854374382933317e-01 -5.968990068911229e+00
-4.364732660512615e-01 2.138281748940473e+00
3.803670953362960e+00 1.822355260000066e-01
-9.530288634637911e-01 7.701924817400905e-01
1.258746021779357e+00 -5.508364707833097e-01
6.637585391480001e-01 7.137868545540001e-01
5.081947700536869e+00 2.473435221306481e+00
3.734633445643967e+00 -9.239812536645342e+00
-1.251211660236425e+01 4.265231170286916e+00
1.663690212485341e+01 8.358083660568902e-01
1.618859717085440e+01 3.998213445844065e+00
2.586237083288871e+01 5.678748883847633e+00
1.265789705569568e-01 -4.293636534245702e-01
-1.505597075919421e-02 3.858518328333841e-01
-8.874845513883765e-01 1.773794536556165e-01
6.409719614415599e-02 -9.533854013275985e-01
6.650427592865943e-01 -3.905473070191725e-01
1.042411856182159e-01 -2.117972295620107e-01
2.669551379483144e-01 -6.462553524957978e-01
7.904037877752332e-01 -1.841752958498393e-01
-6.773325992875033e-01 4.662026992049385e-01
7.354811233003793e-01 -5.265163335665152e-02
-1.737061402012815e-01 8.943600451815911e-01
1.000000000000000e+00 0.000000000000000e+00
5.534402558134190e-01 6.812245637537059e-02
-4.390107716874307e-01 -2.071097361044938e-01
