
-6.931865130816269e-01 -1.349694750860282e+00
2.481648434816395e-01 -3.939927354365919e-01
3.914691732472153e-01 -5.797514361119777e-01
8.180432924543136e-02 -2.057137555920373e-01
-2.589066238446254e-01 2.298958085009119e-01
5.930031146530159e-01 7.240507107578039e-01
-2.271131619688626e-01 4.246079838267132e-01
1.583777099512462e-01 6.056150847290889e-02
-6.024150211793140e-01 9.670932391292718e-01
-3.828253292536068e+00 -3.562839638620683e+00
3.452748867643454e+00 2.477624775506573e-01
8.468918454173691e+00 -3.647659091571327e+00
-4.100607202044109e+00 1.025109140509111e+00
4.675904131424858e+00 7.273279622233467e+00
-1.151473456617469e+00 7.021003513437813e+00
1.265789705569570e-01 -4.293636534245703e-01
-1.505597075919426e-02 3.858518328333842e-01
-8.874845513883767e-01 1.773794536556164e-01
6.409719614415621e-02 -9.533854013275990e-01
6.650427592865947e-01 -3.905473070191726e-01
1.042411856182160e-01 -2.117972295620107e-01
2.669551379483143e-01 -6.462553524957978e-01
7.904037877752335e-01 -1.841752958498394e-01
-6.773325992875036e-01 4.662026992049384e-01
7.354811233003794e-01 -5.265163335665141e-02
-1.737061402012817e-01 8.943600451815914e-01
1.000000000000000e+00 0.000000000000000e+00
5.534402558134193e-01 6.812245637537062e-02
-4.390107716874309e-01 -2.071097361044939e-01
