
-7.069594207826640e-02 -1.294905320860895e+00
1.799705854647640e-01 -1.512170338363072e-01
1.116596382728587e+00 -9.023109427319470e-02
-1.764893651358730e-01 -7.054522778252165e-01
-4.334519747202727e-01 -5.551774517239533e-01
1.131467259168419e+00 -1.001626339803839e-01
-4.304960302019145e-01 5.068283109348971e-01
2.832125494358120e-01 -2.939652281152455e-02
-4.588761001112718e-02 1.143373412081758e+00
-4.106152155060196e+00 -2.103306023205318e+00
4.942861580711038e+00 -2.026364103435659e+00
1.959233417762727e+00 -3.740706098522754e+00
1.641249108869856e+00 2.877352775425330e+00
6.988053180896481e+00 8.034602215584769e+00
7.019492764266110e+00 9.662640728143321e+00
1.265789705569569e-01 -4.293636534245703e-01
-1.505597075919424e-02 3.858518328333842e-01
-8.874845513883770e-01 1.773794536556166e-01
6.409719614415607e-02 -9.533854013275991e-01
6.650427592865948e-01 -3.905473070191727e-01
1.042411856182160e-01 -2.117972295620108e-01
2.669551379483144e-01 -6.462553524957982e-01
7.904037877752335e-01 -1.841752958498395e-01
-6.773325992875038e-01 4.662026992049388e-01
7.354811233003796e-01 -5.265163335665152e-02
-1.737061402012815e-01 8.943600451815913e-01
1.000000000000000e+00 0.000000000000000e+00
5.534402558134192e-01 6.812245637537064e-02
-4.390107716874309e-01 -2.071097361044938e-01
