
1.888276325975588e+00 -9.784353332697222e-01
5.541438456617517e-01 -8.205632569633226e-01
-3.615592809635484e-01 1.159663098246972e+00
-1.134150314201785e+00 1.608531355838907e+00
1.211554145944109e+00 1.087072772590014e+00
-5.224595356228876e-01 -3.302324762420305e-01
-7.309349274978842e-01 7.115905146928629e-01
5.082056776040135e-01 -2.726602437066487e-01
-1.656038609168958e-01 1.009542010550527e+00
-1.483840165943525e+00 4.112618387005625e+00
5.584969312786496e+00 -6.911317004103310e+00
-9.644445770017005e-01 -8.671153254894279e-01
4.559782203887373e+00 -1.318045661092137e+00
6.770070000061663e+00 8.528822763574645e+00
9.415892358966161e+00 1.288343926632144e+01
1.265789705569569e-01 -4.293636534245704e-01
-1.505597075919415e-02 3.858518328333842e-01
-8.874845513883767e-01 1.773794536556167e-01
6.409719614415593e-02 -9.533854013275987e-01
6.650427592865946e-01 -3.905473070191728e-01
1.042411856182159e-01 -2.117972295620108e-01
2.669551379483144e-01 -6.462553524957982e-01
7.904037877752335e-01 -1.841752958498393e-01
-6.773325992875036e-01 4.662026992049386e-01
7.354811233003795e-01 -5.265163335665146e-02
-1.737061402012814e-01 8.943600451815913e-01
1.000000000000000e+00 0.000000000000000e+00
5.534402558134192e-01 6.812245637537051e-02
-4.390107716874311e-01 -2.071097361044940e-01
