
6.172490874466681e-01 -9.561842328584300e-01
-2.074363661519698e-01 -2.088740200761715e+00
9.530086352641556e-01 -4.472157223215119e-01
-6.656978515371986e+00 2.605788048051714e+00
4.009850333081665e+00 -1.668859149095079e+00
1.048702025663176e+00 -1.150814768133443e+00
1.503281524504328e+00 -7.221074694540149e-01
-2.039187196971496e+00 8.344540235596709e-02
1.285453162585266e+00 3.460935470621970e-01
-5.455030825202839e+01 -5.130530578255886e+00
1.223318970950469e+01 9.726572241038408e+00
2.653054858908358e+01 -1.003018293378403e+01
-3.944650897198370e+00 2.627645094473297e+00
-5.839037462734015e+00 -2.360988304080875e+00
-3.490783292987014e+01 6.526038481483772e+00
1.265789705569568e-01 -4.293636534245703e-01
-1.505597075919420e-02 3.858518328333841e-01
-8.874845513883766e-01 1.773794536556165e-01
6.409719614415599e-02 -9.533854013275987e-01
6.650427592865945e-01 -3.905473070191726e-01
1.042411856182159e-01 -2.117972295620108e-01
2.669551379483143e-01 -6.462553524957980e-01
7.904037877752332e-01 -1.841752958498395e-01
-6.773325992875034e-01 4.662026992049386e-01
7.354811233003791e-01 -5.265163335665146e-02
-1.737061402012816e-01 8.943600451815914e-01
1.000000000000000e+00 0.000000000000000e+00
5.534402558134192e-01 6.812245637537062e-02
-4.390107716874309e-01 -2.071097361044939e-01
