
1.770872909206385e-01 -1.321704360448475e+00
7.475714347766141e-02 -2.291779207961120e-01
2.346899487439874e-01 -9.378440951309248e-02
-1.762653974481581e+00 -5.532248800500852e-01
4.152227006961746e-01 2.228972707002766e-01
1.479325053056411e+00 -2.125137776902686e-02
-4.535389819156083e-01 -4.771265385769129e-01
5.959591835923252e-01 -2.271275195871708e+00
4.802981553357968e-01 4.228862310520338e-01
6.746493138672309e-01 7.535063354929833e-01
-2.602140791488085e+00 -2.972460276038206e+00
-1.444434827631539e+00 1.059459518119436e+00
1.943431100849534e+01 -1.001862116328262e+00
1.053739083122361e+01 -1.744631954441930e+01
1.352063291201864e+01 1.275367500299195e+01
1.265789705569570e-01 -4.293636534245702e-01
-1.505597075919418e-02 3.858518328333839e-01
-8.874845513883763e-01 1.773794536556165e-01
6.409719614415599e-02 -9.533854013275986e-01
6.650427592865944e-01 -3.905473070191726e-01
1.042411856182159e-01 -2.117972295620107e-01
2.669551379483144e-01 -6.462553524957977e-01
7.904037877752332e-01 -1.841752958498395e-01
-6.773325992875033e-01 4.662026992049384e-01
7.354811233003793e-01 -5.265163335665135e-02
-1.737061402012817e-01 8.943600451815912e-01
1.000000000000000e+00 0.000000000000000e+00
5.534402558134190e-01 6.812245637537065e-02
-4.390107716874307e-01 -2.071097361044938e-01
