
-5.863766799283249e-01 -5.587016506670784e-01
1.019503466281141e-02 -4.307547753546237e-01
-3.628999728201292e-01 -7.579560382366990e-01
-2.695779549048816e-01 -9.674425683830494e-01
-1.531018363344308e+00 2.617943223663980e-01
1.333666805740999e+00 -2.181041695957036e-01
-6.984635986945257e-01 9.297134911495479e-01
8.098909413339030e-01 8.046643839448574e-01
-4.717594823447899e-01 3.926919786045787e+00
-2.318211509529491e+01 1.803857433029239e+01
3.965496017684821e+01 -1.403738700302005e+01
-6.673773973891647e+00 -2.698198379305888e+01
-4.670811179336715e+01 1.894231651982759e+01
1.136932918292455e+01 3.561326667720111e+01
1.746082185336155e+00 6.079045702332773e+01
1.265789705569570e-01 -4.293636534245703e-01
-1.505597075919426e-02 3.858518328333841e-01
-8.874845513883765e-01 1.773794536556165e-01
6.409719614415610e-02 -9.533854013275984e-01
6.650427592865944e-01 -3.905473070191724e-01
1.042411856182160e-01 -2.117972295620107e-01
2.669551379483145e-01 -6.462553524957979e-01
7.904037877752332e-01 -1.841752958498393e-01
-6.773325992875034e-01 4.662026992049383e-01
7.354811233003793e-01 -5.265163335665141e-02
-1.737061402012815e-01 8.943600451815913e-01
1.000000000000000e+00 0.000000000000000e+00
5.534402558134189e-01 6.812245637537062e-02
-4.390107716874309e-01 -2.071097361044941e-01
