
-1.804151011101850e-01 1.820290311344043e-03
2.209534904919390e-01 1.123134329081070e-01
5.101739670903831e-01 3.307254977626030e-01
6.433935985914802e-01 -8.350200631595512e-01
3.359108674445894e-01 1.403835120842768e-01
1.210212339755366e+00 8.648916379831688e-01
-6.870183763769999e-01 9.400115308520000e-01
7.752784799660002e-01 8.691393860050001e-01
5.074067317660126e-01 3.891296770932671e-01
-8.081229314707937e+00 -1.451905688375389e+00
1.015374787016397e+01 -4.139283460446098e+00
-6.177014699862108e+00 3.077082883405791e+00
7.918274445415803e+00 8.884363901870669e-01
1.095660355049604e+01 1.319000947401495e+01
1.195028047873670e+01 -4.966716385296521e+00
1.265789705569569e-01 -4.293636534245702e-01
-1.505597075919424e-02 3.858518328333840e-01
-8.874845513883765e-01 1.773794536556165e-01
6.409719614415610e-02 -9.533854013275983e-01
6.650427592865944e-01 -3.905473070191725e-01
1.042411856182159e-01 -2.117972295620107e-01
2.669551379483144e-01 -6.462553524957977e-01
7.904037877752331e-01 -1.841752958498394e-01
-6.773325992875031e-01 4.662026992049382e-01
7.354811233003790e-01 -5.265163335665143e-02
-1.737061402012816e-01 8.943600451815908e-01
1.000000000000000e+00 0.000000000000000e+00
5.534402558134190e-01 6.812245637537057e-02
-4.390107716874306e-01 -2.071097361044938e-01
