
0.138893946468938140086e1 -0.463684712006551144245e0
0.148115379376364733740e1 -0.512136343426442123270e0
0.101036461896992262055e1 0.215619920281560994264e-1
0.299547370520724307291e-1 0.125808163053585303211e1
-0.716414028771440453819e0 0.165385221648920227729e0
-0.113069233656548966799e1 -0.127236674862781001306e1
-0.687018376377000000070e0 0.940011530852000000002e0
0.775278479966000000009e0 0.869139386004999999933e0
-0.259464081225435654195e0 0.822658801328112874481e-1
-0.114909567810266709026e2 -0.573369003529450983053e1
0.111684283788172992692e2 0.308118270589799283046e1
0.573431020908864180860e0 0.374048696301947347989e1
0.551127358394363970565e1 -0.122395881567630564471e2
0.590328544650676204347e1 0.126413298852591111723e2
-0.203805772503333991409e1 -0.913115049042197051039e1
0.126578970556956859513e0 -0.429363653424570260658e0
-0.150559707591942117032e-1 0.385851832833384107929e0
-0.887484551388376555561e0 0.177379453655616498223e0
0.640971961441560267151e-1 -0.953385401327598612899e0
0.665042759286594478815e0 -0.390547307019172570849e0
0.104241185618215922531e0 -0.211797229562010749321e0
0.266955137948314413549e0 -0.646255352495797936486e0
0.790403787775233293773e0 -0.184175295849839467383e0
-0.677332599287503431479e0 0.466202699204938483747e0
0.735481123300379225597e0 -0.526516333566514819868e-1
-0.173706140201281533902e0 0.894360045181591086720e0
0.100000000000000000000e1 0.000000000000000000000e0
0.553440255813419122949e0 0.681224563753705901549e-1
-0.439010771687430829193e0 -0.207109736104493856554e0
