
0.193139855620572432947e0 0.172784023964289232495e1
-0.111219572196741836026e1 0.186268905181027851110e1
0.731077754747072598945e0 0.813681539223498503780e0
-0.446808675800471499220e1 -0.163666109394128627688e1
-0.383028358218531705270e0 0.248080887780830043729e0
0.288079298530022002078e1 -0.278803223411414174168e1
-0.861239899711179871010e0 0.126146077772529124808e1
-0.905619312374094698344e0 0.427983209770452784304e0
0.663758539148000000006e0 0.713786854554000000023e0
-0.756538187697358009264e1 -0.145982028012166954178e2
0.977085120263722402278e1 0.294212652830189068040e1
-0.387520480298964990198e1 0.563088067591196523350e1
-0.191386458684721502102e1 -0.741482551779421513024e1
-0.436963979703755605200e0 0.114000599864004352538e2
0.203350882563584949465e2 -0.122278111703008416887e2
0.126578970556956859527e0 -0.429363653424570260658e0
-0.150559707591942116964e-1 0.385851832833384107929e0
-0.887484551388376555561e0 0.177379453655616498183e0
0.640971961441560267423e-1 -0.953385401327598612899e0
0.665042759286594478815e0 -0.390547307019172570876e0
0.104241185618215922545e0 -0.211797229562010749321e0
0.266955137948314413549e0 -0.646255352495797936432e0
0.790403787775233293827e0 -0.184175295849839467288e0
-0.677332599287503431479e0 0.466202699204938483666e0
0.735481123300379225597e0 -0.526516333566514819597e-1
-0.173706140201281533902e0 0.894360045181591086720e0
0.100000000000000000000e1 0.000000000000000000000e0
0.553440255813419122949e0 0.681224563753705901481e-1
-0.439010771687430829220e0 -0.207109736104493856581e0
