
3.018268658242582e-02 -4.199284116808120e-01
-7.333599749270547e-01 -1.111506204070228e+00
-3.130391735536605e-01 -1.109438297767036e+00
-1.792873448127800e+00 1.284841090018724e+00
-4.493002649301390e-01 -9.779665959489096e-01
7.737154082234611e-01 -4.064528851380356e-01
3.048384983445273e-02 2.118276347817805e-02
-8.744883333242706e-02 1.153841936472682e-01
9.883090078091332e-01 -7.601543726244105e-01
-1.494911365495191e+01 6.802182315693938e+00
4.197192483260595e+00 -3.225372618227058e+00
2.489322385442007e+00 4.540229842981884e+00
1.043912677696601e+01 -5.369747853589841e+00
8.201000169356320e+00 -9.422989222371299e-01
5.532786308885183e+00 -3.736702352076142e+00
1.265789705569568e-01 -4.293636534245703e-01
-1.505597075919422e-02 3.858518328333839e-01
-8.874845513883768e-01 1.773794536556164e-01
6.409719614415602e-02 -9.533854013275984e-01
6.650427592865944e-01 -3.905473070191725e-01
1.042411856182159e-01 -2.117972295620107e-01
2.669551379483144e-01 -6.462553524957979e-01
7.904037877752330e-01 -1.841752958498394e-01
-6.773325992875033e-01 4.662026992049385e-01
7.354811233003790e-01 -5.265163335665150e-02
-1.737061402012815e-01 8.943600451815911e-01
1.000000000000000e+00 0.000000000000000e+00
5.534402558134192e-01 6.812245637537059e-02
-4.390107716874309e-01 -2.071097361044938e-01
