
-1.200711023179833e+00 -9.156903137891308e-01
7.148607560952942e-01 -8.826906693354937e-01
-1.641806688133049e-01 -1.083823988709650e+00
-2.412747532397381e+00 -9.940858409369075e-01
-1.369867828931603e-01 1.335436984183645e-01
2.009185495481257e+00 -6.104907575585379e-01
-1.021915053480022e+00 1.361965833951162e+00
-1.551163970788815e+00 -2.002626665098096e-01
6.239408819829602e-02 1.994704434556362e-01
1.367325156297876e+00 -6.023937513479596e+00
-2.616523561885108e+00 -3.173940692732009e+00
3.814931553482858e+00 1.149284349616292e+01
9.688416520784216e+00 -1.518284515644291e+01
-9.879882572684652e+00 7.250103813332298e+00
1.721376432443502e+01 -1.030060138392354e+01
1.265789705569569e-01 -4.293636534245703e-01
-1.505597075919421e-02 3.858518328333842e-01
-8.874845513883768e-01 1.773794536556165e-01
6.409719614415607e-02 -9.533854013275989e-01
6.650427592865946e-01 -3.905473070191725e-01
1.042411856182159e-01 -2.117972295620107e-01
2.669551379483143e-01 -6.462553524957979e-01
7.904037877752333e-01 -1.841752958498394e-01
-6.773325992875037e-01 4.662026992049386e-01
7.354811233003794e-01 -5.265163335665141e-02
-1.737061402012815e-01 8.943600451815912e-01
1.000000000000000e+00 0.000000000000000e+00
5.534402558134193e-01 6.812245637537059e-02
-4.390107716874307e-01 -2.071097361044939e-01
