
0.175953678548536064674e1 -0.167380454590722282633e1
-0.138522163833592409704e1 0.315297678459986612009e-1
-0.101302403968666915172e1 -0.669652197465038961628e0
-0.282848259822783804833e1 0.112671523348075814405e1
0.768869631069840107538e0 0.416064447037020360208e0
0.104335132601826790285e1 0.101191151524833013848e1
-0.524386684757118488073e0 0.133220763304381413408e1
-0.851653069874176964194e0 0.206308840078131107768e1
0.408480696606912335251e0 -0.399349248588605612017e0
-0.334788176124006049998e1 -0.243945569102539629798e0
-0.408830595681526198521e1 -0.467181032494434117681e1
0.489439835685007736468e1 0.813358122365810308312e1
0.166349379309575809462e2 -0.224937900123471328992e1
-0.227638280271592412501e1 0.206488278555617668659e2
0.108213006379197147662e2 -0.189210786257644566107e2
0.126578970556956859513e0 -0.429363653424570260658e0
-0.150559707591942116964e-1 0.385851832833384107875e0
-0.887484551388376555507e0 0.177379453655616498223e0
0.640971961441560267016e-1 -0.953385401327598612899e0
0.665042759286594478761e0 -0.390547307019172570849e0
0.104241185618215922545e0 -0.211797229562010749348e0
0.266955137948314413522e0 -0.646255352495797936432e0
0.790403787775233293718e0 -0.184175295849839467343e0
-0.677332599287503431479e0 0.466202699204938483720e0
0.735481123300379225597e0 -0.526516333566514819597e-1
-0.173706140201281533916e0 0.894360045181591086720e0
0.100000000000000000000e1 0.000000000000000000000e0
0.553440255813419122949e0 0.681224563753705901617e-1
-0.439010771687430829166e0 -0.207109736104493856554e0
