
1.207494830918513e+00 7.021416854487085e-01
-9.906771518160854e-01 8.435351567584953e-02
9.469311545571759e-01 8.901306284131799e-02
-1.582308611838202e+00 -1.283049221024632e+00
-8.353792193208401e-01 3.873213002940691e-01
5.415280790885117e-01 -8.143108456738246e-01
-9.158366460467793e-01 8.619197944156236e-01
8.772833437669718e-01 -2.754920568465657e-01
1.798705381897844e+00 3.978205134874113e-01
8.717033120861757e+00 -1.267059445536163e+01
1.480240338945684e-01 -2.284600499889456e+00
-1.970009729560756e+01 9.142019538464201e+00
2.278947356385696e+01 3.069002044449211e+00
1.998127568990668e+01 5.793996655994424e-01
4.415971130737263e+01 -1.476899217254357e+01
1.265789705569569e-01 -4.293636534245702e-01
-1.505597075919421e-02 3.858518328333840e-01
-8.874845513883765e-01 1.773794536556161e-01
6.409719614415604e-02 -9.533854013275984e-01
6.650427592865946e-01 -3.905473070191726e-01
1.042411856182159e-01 -2.117972295620107e-01
2.669551379483145e-01 -6.462553524957979e-01
7.904037877752333e-01 -1.841752958498395e-01
-6.773325992875031e-01 4.662026992049384e-01
7.354811233003792e-01 -5.265163335665130e-02
-1.737061402012816e-01 8.943600451815910e-01
1.000000000000000e+00 0.000000000000000e+00
5.534402558134190e-01 6.812245637537065e-02
-4.390107716874307e-01 -2.071097361044938e-01
