
-0.162927196920790420584e0 -0.612957060988256595185e0
0.671042386117876085228e0 -0.662892865968918292734e0
-0.327847077584683446527e0 0.752005311674991313783e0
0.138789103380558707967e1 0.104493608785726916472e1
-0.106582327118508681874e1 -0.991692380905081599901e-1
0.257312767898836684409e0 -0.786904559809500265242e0
-0.469671603838850754598e-1 -0.509946052614666920158e0
-0.821169174124530711661e-1 0.561075179029802424745e0
0.331095939267532364449e0 -0.147810300504654017759e1
0.370812298265689432820e1 0.131248552865340857437e2
-0.488499633188302305117e1 -0.167388224283027809921e1
0.405326330419210371448e1 0.229296773736723418684e1
0.495808408602473968006e1 -0.599635151229506676001e1
0.948155651760727596119e1 -0.255477762773398520482e1
0.152741127460659618124e2 -0.371180450803479682152e1
0.126578970556956859540e0 -0.429363653424570260685e0
-0.150559707591942116964e-1 0.385851832833384107929e0
-0.887484551388376555615e0 0.177379453655616498210e0
0.640971961441560267694e-1 -0.953385401327598612899e0
0.665042759286594478869e0 -0.390547307019172570904e0
0.104241185618215922552e0 -0.211797229562010749348e0
0.266955137948314413494e0 -0.646255352495797936432e0
0.790403787775233293827e0 -0.184175295849839467343e0
-0.677332599287503431533e0 0.466202699204938483747e0
0.735481123300379225597e0 -0.526516333566514819597e-1
-0.173706140201281533875e0 0.894360045181591086774e0
0.100000000000000000000e1 0.000000000000000000000e0
0.553440255813419122949e0 0.681224563753705901617e-1
-0.439010771687430829193e0 -0.207109736104493856595e0
