
-2.282275027830547e+00 -6.165380689712486e-01
1.400557248587647e+00 -1.419963585353108e+00
8.138530114428196e-01 -2.050722032900508e+00
-1.914131511134285e+00 -2.047570401068870e+00
-1.094538249634643e+00 -5.057395252093594e-01
1.984433852318170e+00 -1.028624328045743e+00
-2.798686445422801e+00 3.219243662841187e-02
-8.287557413218229e-01 -7.295741363225233e-01
-1.516927671652732e-01 -7.749508375525800e-03
5.246256871928359e-01 4.060732332566104e+00
6.811324641376330e+00 -5.591517550525078e+00
-1.190018373242344e+01 3.305589690925315e+00
3.292181705125840e+01 5.866360057986242e-01
-1.813703838513953e+01 -4.827248774147907e+00
2.204728354788272e+01 3.344840786089391e+00
1.265789705569569e-01 -4.293636534245702e-01
-1.505597075919418e-02 3.858518328333838e-01
-8.874845513883766e-01 1.773794536556164e-01
6.409719614415610e-02 -9.533854013275984e-01
6.650427592865944e-01 -3.905473070191725e-01
1.042411856182159e-01 -2.117972295620107e-01
2.669551379483144e-01 -6.462553524957978e-01
7.904037877752331e-01 -1.841752958498394e-01
-6.773325992875032e-01 4.662026992049385e-01
7.354811233003791e-01 -5.265163335665141e-02
-1.737061402012815e-01 8.943600451815907e-01
1.000000000000000e+00 0.000000000000000e+00
5.534402558134192e-01 6.812245637537065e-02
-4.390107716874307e-01 -2.071097361044939e-01
