
-5.764989752555950e-02 -2.559285327351047e-01
-4.716761505223224e-03 9.565052883151984e-02
-6.004389871602286e-02 -1.079444636904853e-01
1.100051334029650e-02 -3.318347223381206e-02
1.057775178347083e-02 4.383240888774158e-02
-4.146380164790148e-02 -4.078139030801590e-02
-1.576391481734986e+00 7.264208476763189e-01
1.384722248667119e-01 -8.663125411123443e-01
6.637585391479999e-01 7.137868545539998e-01
7.701342317821690e+00 -3.977459571054521e+00
4.125517839059512e+00 -1.890382604553996e+00
-1.458577369686146e+01 3.935201883503479e+00
1.612266355845897e+01 -9.722725665668207e+00
5.056710677528705e+00 1.587168550222131e+00
3.475551213297792e+01 3.840145595131244e+00
-4.122121471660178e-01 1.280145478280245e-01
-1.825995462135603e-01 3.315441133888880e-01
6.202915883996046e-02 7.377802857849650e-01
-1.990440677171553e-01 -6.310338424075235e-01
7.982941295713187e-01 -2.610029085087634e-01
5.675689104476393e-02 -1.976631374973874e-01
1.000000000000000e+00 0.000000000000000e+00
6.260336849036174e-01 -5.758342021442286e-01
-1.178224586973742e-01 9.300200578365659e-01
-7.823076077565644e-02 -2.448420115297009e-02
-2.483619541664981e-01 1.860032145126736e-01
5.384273856487356e-01 2.350313268668524e-01
2.354228414407950e-01 -2.664442179736093e-01
-2.950396196969182e-01 -1.071661574672113e-01
