
0.798397423468302279987e-1 -0.134497500288476125284e-1
0.131241659188765194584e0 -0.366637138934599963765e-2
0.103416158646162078940e0 0.369154250955970857101e-2
0.211413053746837807152e0 0.246974599101862377530e-1
0.163209628128489699103e0 0.306976782595143315516e-1
0.126123743963540477852e0 0.318460646822486039088e-1
-0.146013157533391512420e1 0.845135861830333134231e0
-0.208382174290328691280e1 0.219777465930537008196e0
0.112625060396925453978e1 -0.546161517250597375046e0
-0.209973929493587753263e2 0.487905367745224656517e1
0.185487001721740950889e2 -0.157730223590226929127e2
-0.688949539983541866172e1 0.144229379448454713055e2
0.789868808876705977718e0 0.107036444537685157506e2
-0.136481498818841326471e2 0.168282136335002832292e1
0.202075241404820695641e2 -0.155826981312207622403e2
0.223297980402542652274e-1 -0.509143678936752650763e-1
-0.429393528732376281402e-1 -0.431217782829298824094e-1
-0.630143994285164693332e0 0.453686824101877073665e0
0.201957086188037714794e0 -0.431868599090904970166e0
0.375183462950019168354e0 0.627429628698457984241e0
0.133790831472761078029e0 0.182211252915590466979e0
-0.697429736402923467473e-1 0.573342346319875536534e0
0.526367365020277443003e0 0.560747585648118025714e0
-0.653789838882396813003e0 -0.449641055870482154989e0
0.716515453638209245837e0 0.347718594908555652192e0
-0.221026771547564321817e0 -0.560753660659642284947e-1
0.100000000000000000000e1 0.000000000000000000000e0
0.509015276778306682414e0 0.479819403367497301550e-1
-0.182329220062015247189e-1 -0.233095250058904078863e0
