
-2.732849850343613e-01 -2.210195144336900e-01
7.477260764030777e-02 -5.686129773125334e-02
-1.394993219767962e-03 6.449205078095082e-03
6.123937203987296e-02 3.662899425497353e-02
1.062230709766415e-01 5.642196084941321e-02
2.120456129944883e-01 1.843905201787164e-01
-8.782056627946467e-01 1.153777585785483e+00
-4.276395221003976e-01 2.279921495293197e-01
-6.701959028822393e-01 -5.014527189336521e-02
-7.902538275361595e-01 4.358614662673922e-01
-1.515339794996498e+00 -2.399957823068233e+00
7.593724449161787e+00 8.052864820568455e+00
1.235638703034989e+01 -1.866882577161174e+01
-5.685626454140291e+00 1.040024768518946e+01
1.446740200590103e+00 -5.133126840365189e+00
1.419071502462143e-01 5.182692197655868e-01
-2.712708810466805e-02 8.428880672369846e-02
5.131100253864265e-01 3.255378248162956e-01
8.078757593512505e-02 -4.511594001385534e-01
8.707125764187815e-01 -2.161576956999142e-01
5.249571764741947e-01 -7.737233395052941e-02
1.000000000000000e+00 0.000000000000000e+00
3.471853402589442e-01 -2.708322325283855e-01
-2.099080021320572e-01 1.911208778969044e-01
-1.640876482073131e-01 1.243407651514524e-01
-1.889136426438510e-02 5.550613823739697e-02
1.858820143370927e-01 -1.990340199919374e-01
1.234817441196144e-01 -2.152818466393948e-01
-1.137488935957634e-01 -1.469055114568540e-01
