
-7.871301731495368e-01 -2.417333101167081e-01
-3.066024159827278e-01 -8.768983370195869e-01
1.092883288932940e-01 5.492311824556355e-01
5.288463416640750e-01 -7.616798151141525e-01
-3.156762585325136e-01 9.426309408038694e-02
2.582838314854620e-01 1.003413125230860e+00
2.144024808717830e-01 9.270064413849863e-01
-1.426816941440155e+00 2.331086402649840e+00
1.126250603969241e+00 -5.461615172505906e-01
-1.907667873808556e+01 2.333331973762854e+01
-9.237487131094045e-01 -2.207689083066126e+01
1.026585184312748e+01 4.920045810518481e+00
1.290406301109767e+01 1.789433332318687e+01
-2.256771524885703e+00 2.217689707919120e+01
1.681393769031595e+00 -2.515496002319054e+00
2.232979804025171e-02 -5.091436789365164e-02
-4.293935287322641e-02 -4.312177828292776e-02
-6.301439942851502e-01 4.536868241018741e-01
2.019570861880434e-01 -4.318685990908961e-01
3.751834629500129e-01 6.274296286984573e-01
1.337908314727660e-01 1.822112529156041e-01
-6.974297364029555e-02 5.733423463198676e-01
5.263673650202556e-01 5.607475856481141e-01
-6.537898388823676e-01 -4.496410558704974e-01
7.165154536381884e-01 3.477185949085633e-01
-2.210267715475492e-01 -5.607536606595890e-02
1.000000000000000e+00 0.000000000000000e+00
5.090152767783023e-01 4.798194033675404e-02
-1.823292200619635e-02 -2.330952500588988e-01
