
0.167329211937368133319e0 0.409934319715521771146e0
0.249598568879584580557e0 0.563038890624626828219e0
0.188812869997951268588e0 0.409017854823089247054e0
0.370313512393992546549e0 0.772508179328535123868e0
0.279430767373553161261e0 0.560876355370657803112e0
0.210607412674152464157e0 0.407104431251242448076e0
-0.149729094629704969537e1 -0.754374080254631109626e-1
-0.211786545385105011105e1 -0.774248053641363900672e-1
-0.145179026510570447113e1 -0.789414035573479090755e0
0.324568840619369957286e2 0.168748954057515007567e2
-0.357757305907677015215e2 -0.183384005092119099639e2
0.173999815896341851439e2 0.780989878618058957615e1
0.430399935234394327918e2 0.170962528797608518550e2
-0.241617852924328575543e2 -0.467944256910283499368e1
0.161915694986701073840e2 -0.153754292710853722459e1
0.595760838263928540652e-1 0.456131794042861766651e0
-0.208452963941664336967e-1 0.182627920867540763700e0
0.729534850321940496899e-1 0.267062162298199682253e0
0.467016621480345804737e0 -0.592959987877691124423e0
0.100000000000000000000e1 0.000000000000000000000e0
0.614853609641632795459e0 0.121283101165964112852e0
0.935996451432221663442e0 0.549522187305882770186e-1
0.494340188610204344478e0 -0.115762016388874106282e0
-0.363057276056073230782e0 0.843340770240822747082e-1
-0.179531315624835490115e0 0.716081166343991981423e-1
0.163604233216091126416e-2 0.407309878646290446987e0
0.339694136512062542236e0 0.201659533821425036232e-1
0.295838512377734405725e0 0.173902005515986872984e-1
-0.128052401866259792492e0 -0.241754124992661894409e0
