
5.525238258950365e-01 -7.215477866340165e-01
7.756436927403789e-01 1.131606405093158e-01
-1.529812131514660e-01 5.287479244480160e-02
-6.427239496295758e-01 3.451105954931331e-01
3.423532007483032e-01 -4.783180114370793e-01
9.020012373453930e-02 3.764371911408834e-01
-1.192483859775137e+00 1.240576898818475e+00
-1.183453807497327e+00 -1.124888495216399e+00
4.541741178507506e-01 -6.258784090910019e-01
-1.896601564892710e+01 4.234026819814893e-01
1.236345122850329e+01 -1.523653642200579e+01
-4.057107518505241e-01 2.273682777137341e+01
1.070569311814041e+01 -5.704324003822332e+00
-1.056194572848447e+01 -5.823971673855750e+00
5.649454886804978e+00 -1.868089561263524e+01
-1.015500516227306e-01 3.555800927511090e-01
-2.541797451561836e-01 2.101273365125755e-01
2.516147670268415e-01 -2.665114364118852e-01
5.247161466823487e-01 -9.799936055081207e-02
5.373142430475674e-01 5.965527556756905e-02
2.003979686727490e-01 1.799692500295522e-02
1.000000000000000e+00 0.000000000000000e+00
1.235387345844403e-01 -1.178623489622438e-01
1.124103250521201e-01 2.508689068805714e-01
-6.312669314980497e-01 2.641849964492913e-01
-3.984011264646783e-01 7.524035966600734e-02
-2.293860133998973e-01 8.227866325364714e-01
-1.289899765194592e-01 2.193745146493290e-01
1.791255550215744e-02 -2.021699929254246e-01
