
9.640616743296381e-01 1.295897982896942e+00
9.626406724775766e-01 1.364841558194453e+00
1.300009123978605e-01 5.427650310596102e-01
-8.627623838014249e-01 -1.371176672640604e+00
-2.231719823805934e-01 -2.482206425238860e-01
6.722302404290673e-01 1.090242970830662e+00
-7.735069167708148e-01 8.852020084089501e-02
5.745683204181997e-01 1.558996836871903e-01
-1.616642043240828e-01 1.293689080560797e-01
-9.566327914577231e+00 -4.417745792184387e-01
9.139584813384811e+00 4.730207935324970e-01
2.196787528636232e-02 -9.113369768750574e-01
8.451333372385266e+00 -3.404931514558451e-01
4.431822907818556e+00 2.396617207010919e+00
1.114994542191964e+00 7.822677306742838e-01
5.370715456228912e-01 4.069084547951577e-01
-1.546929257328993e-01 -1.284198693781414e-01
8.950554302350329e-01 -3.159979960747668e-01
1.883406744224127e-01 2.299826419403969e-02
6.822542713998941e-01 -2.176227369569952e-01
5.493095463205251e-01 -1.741504710349534e-01
1.000000000000000e+00 0.000000000000000e+00
1.690573317190136e-01 -6.670241493839144e-02
-3.784376507237677e-01 -5.929606532184681e-02
-1.403544651057453e-01 -1.020651657256920e-02
-2.683957721942428e-01 -1.820600886816416e-01
-5.702337613438466e-01 -3.783245584578654e-01
-2.451880781343949e-01 -1.616653063096029e-01
3.847834859911561e-02 -1.698470689443904e-01
