
-1.044821276817321e-01 7.613053088048755e-02
7.493452146706180e-02 -7.697376104102048e-02
-1.331399992761850e-01 -7.328160689634279e-02
-5.061366161501878e-02 7.353160909111349e-02
1.193070773013411e-01 4.140370113591112e-02
1.164283996711785e-02 -1.782797785986996e-01
-4.016578021709252e-01 -5.258661438015466e-01
-1.044531652389559e-01 7.102413733838622e-02
-1.162948884259963e-01 1.922515591222754e-01
-6.933131218327690e+00 -7.861431133490231e-01
2.701021304519402e+00 3.336430763840593e+00
5.887427849214413e+00 -6.271737710312562e+00
6.188952214152761e+00 6.556140933879277e+00
2.085094871000796e+00 -2.109598533251714e+00
1.661499390610141e+00 4.980928461735253e+00
3.878560452972035e-01 5.730163386095274e-01
-4.932646185589121e-02 -2.473982958553876e-01
1.000000000000000e+00 0.000000000000000e+00
1.113237236370219e-01 2.392034738052531e-01
5.537815698346069e-01 1.000839541510332e-01
5.317473107142021e-01 9.034615828000614e-02
7.298622673407610e-01 4.109103281068334e-01
6.478063701030985e-02 7.420309410907398e-02
-2.784380225744854e-01 -3.473341498642457e-01
-6.356646116012477e-02 -8.992495267464036e-02
-1.369407728267023e-01 -3.390362515717354e-01
-4.424379473072454e-01 -7.103895835210147e-01
-2.166982074970686e-01 -2.542070775218780e-01
1.511049129845108e-01 -9.801319842412470e-02
