
0.232710432231088167586e0 0.290244009004176942775e0
-0.706620565288342996599e-1 -0.128676430322567973208e0
0.227291234913420826775e0 0.718020977014686827299e-1
0.513605117220491264888e-2 -0.476989369298621237556e-1
-0.333288944097860241053e-1 0.223321303874276845371e-2
0.177217948185252160298e0 0.536620887103331638775e-1
0.190739689364414715333e1 -0.110110707445032481944e0
0.184603364637749304796e1 0.923302833972763124543e0
0.112625060396925089187e1 -0.546161517250600265475e0
-0.128084614931384794274e2 0.825108077986578466838e1
-0.142808352194327464052e2 0.379099665892223593134e1
0.158036899065647035174e2 -0.399046943724337446931e1
0.275272613166687704633e2 -0.125089001174039245344e2
0.307286314325413948498e2 0.783354534684850285602e1
-0.147187998235302910308e2 0.425781933753813986382e1
0.223297980402634463514e-1 -0.509143678936521915295e-1
-0.429393528732265856800e-1 -0.431217782829332914967e-1
-0.630143994285152514814e0 0.453686824101867411092e0
0.201957086188047437337e0 -0.431868599090899848558e0
0.375183462950013882516e0 0.627429628698460264318e0
0.133790831472772528329e0 0.182211252915600563530e0
-0.697429736402981859892e-1 0.573342346319869890876e0
0.526367365020256061398e0 0.560747585648125098506e0
-0.653789838882377798157e0 -0.449641055870509963419e0
0.716515453638193801160e0 0.347718594908572564147e0
-0.221026771547548245959e0 -0.560753660659664956157e-1
0.100000000000000000000e1 0.000000000000000000000e0
0.509015276778304855750e0 0.479819403367556661822e-1
-0.182329220061943220318e-1 -0.233095250058901954206e0
