
-1.397405845780880e-02 -1.314602919010451e-01
-1.071200772811101e-01 -1.468308398434175e-01
-1.792972373156678e-01 -4.723717600025497e-02
1.065093865925588e-01 1.017301496896369e-01
1.038414012028225e-02 -2.835360659018205e-02
-9.253532813475002e-02 2.973014221140816e-02
-4.971632454980792e-01 2.199066315264791e-01
-2.337634698895084e-01 1.966444283787484e-02
1.126250603969252e+00 -5.461615172506018e-01
-1.386820197054542e+01 1.578558467668351e+00
8.003616072512706e+00 -3.551675975041980e+00
-3.715424791165278e+00 6.591531127678073e+00
1.121892842797984e+01 -1.644748704829872e+00
5.519242752614909e+00 -1.435823288394041e+00
1.344460036827519e+01 -8.407896840627117e+00
2.232979804027922e-02 -5.091436789369529e-02
-4.293935287324408e-02 -4.312177828294146e-02
-6.301439942851819e-01 4.536868241018651e-01
2.019570861880391e-01 -4.318685990909195e-01
3.751834629500218e-01 6.274296286984602e-01
1.337908314727688e-01 1.822112529155722e-01
-6.974297364029977e-02 5.733423463198802e-01
5.263673650202917e-01 5.607475856481394e-01
-6.537898388824349e-01 -4.496410558704944e-01
7.165154536382341e-01 3.477185949085683e-01
-2.210267715475697e-01 -5.607536606598100e-02
1.000000000000000e+00 0.000000000000000e+00
5.090152767783147e-01 4.798194033674996e-02
-1.823292200620223e-02 -2.330952500589125e-01
