
-0.228300483109968410401e0 -0.266166929241524520457e0
0.615806639559254312729e-1 0.320852598025917517256e-1
0.913002803104341232633e0 0.948389619938689790515e0
0.158773398349726878038e0 0.127524137259324906357e0
0.562928971007406183627e0 0.567031048364218640142e0
0.695270847602415319286e-1 0.138642791982199612718e0
-0.177050544026587065530e2 -0.204904117127321489002e2
-0.185432132315614477524e2 -0.211729556743354934180e2
-0.761493339714015144305e1 -0.586251983322075655375e0
0.747714738753519518211e3 0.906706151786683917204e3
-0.120003398483056077040e4 -0.156904753410907755995e4
0.271339292846650401270e3 0.310852726602969114678e3
0.201050359011422121103e4 0.275164128707575865773e4
-0.447030969602123711581e3 -0.541219868255243465816e3
0.743992643185227879796e2 0.962082849953045859820e2
0.372151826308016434568e0 -0.266216177657678932793e0
0.210934434807310813956e0 -0.145204822418626471576e0
-0.461189743741247180773e0 -0.130783125716060992398e-1
-0.208581047177517885562e-1 -0.798190661430611953734e0
0.220865232422744224346e-1 -0.589815754752459562844e0
0.499897124840092539361e0 -0.517446451363992948277e0
-0.356423137669548582357e0 -0.393727186548848702186e0
0.423553912150089092869e-1 -0.104774241269208130003e0
-0.393268957662417493635e0 0.138434412998802949568e0
-0.325232376666140892042e0 0.901423187037405372580e-1
0.100000000000000000000e1 0.000000000000000000000e0
-0.312521736379630156449e0 0.225410538843540303363e-1
0.347017930286916913025e0 -0.456920376967708588240e-1
-0.157692015613791895439e0 0.186937998706947964130e-1
