
-1.357390945505396e+00 -8.898503372037627e-01
-9.956698754323856e-01 -7.504752168977148e-01
-3.407813266404578e-01 -4.152969475173310e-01
-7.254173122186340e-01 -6.254191501476360e-01
-2.403033621038442e-01 -3.355058273637977e-01
-6.658129032107270e-02 -1.648777064166878e-01
-5.858665875417468e-01 1.001009094471825e+00
6.079515776432974e-01 1.405050781385056e+00
-3.154047069708549e+00 7.044946384779979e-01
-2.577325664562348e+01 -3.259729035106423e+01
2.575544814075523e+01 4.194788048768787e+01
2.270906833871523e+01 -9.814109760853178e+00
-3.071269236316937e+01 -6.102129937617508e+01
-9.489869550456367e+00 2.315012555342104e+01
-4.786751879959520e+01 -8.612046599653947e+00
-4.060389964238650e-02 1.728187626998617e-01
-6.569797761357653e-03 9.399025682626436e-02
-4.233143747680652e-01 -2.529113353138059e-01
1.000000000000000e+00 0.000000000000000e+00
4.511848014195973e-01 5.971268286445439e-01
4.175688709023502e-01 5.933980481597168e-01
1.547102059008213e-01 3.488304722686358e-01
2.385587808351417e-01 3.969817732106113e-01
-3.512742509313257e-01 -4.681000048946547e-01
-1.846648710564650e-01 -2.558199955396723e-01
-3.585995592053309e-02 6.581043411347539e-01
-5.798296057380393e-02 1.564265293786499e-01
1.722683205855470e-01 4.591998952565727e-01
1.013256144572657e-01 -2.310956527295786e-01
