
1.858550694803227e-01 -2.615353841967477e-01
3.978302183324519e-01 -3.103638511425939e-01
6.279155089025593e-02 -7.221337517153345e-02
-3.182728201609128e-01 2.319501505177305e-01
-4.604582038300955e-01 3.006134825577620e-01
4.588817537200129e-01 -3.399862336729496e-01
-1.377405743010265e+00 -6.217789150901620e-02
-1.107924370190757e-01 -3.623603933409227e-02
-1.552888039901509e+00 -1.576687538239381e-01
-5.859411835123866e+00 1.431380979043671e-01
1.464513823872490e+00 -1.005792928260003e+00
1.091034974832296e+01 1.329696153744876e+00
2.064403363869464e+01 2.295623604272723e+00
-1.358821427455922e+01 -1.914864947413896e+00
-1.478462180357078e+01 -2.438761702177090e+00
-4.340224423858285e-04 4.240397851183693e-01
-9.649112771697776e-03 1.440620402822890e-01
8.591576516514071e-03 4.420511249289972e-01
3.939571316752294e-01 -7.085400588003907e-01
1.000000000000000e+00 0.000000000000000e+00
6.454114611868090e-01 5.930851750740224e-02
8.814395119571122e-01 1.653233877937834e-01
5.386686242872810e-01 -1.342584522740530e-01
-4.151520990570232e-01 1.562883751368773e-01
-2.263175966734259e-01 8.173501019739499e-02
1.440403905833395e-01 2.995135468568707e-01
3.533521282340366e-01 3.034947543103064e-02
3.728328077506833e-01 -4.803534818836946e-02
-1.424144220339114e-01 -2.282000873877257e-01
