
-1.625584137219939e-02 -8.829839885497319e-02
-4.423876204215879e-02 1.361227206821891e-01
-2.419591921920658e-01 7.018449524383269e-02
1.653478106402087e-01 -1.572447452948215e-01
3.924724877666004e-01 8.528174108180113e-02
2.639069200492774e-01 6.558263467275848e-01
-9.447300269696056e-01 9.771844868626454e-01
3.124883315492282e-01 -2.786561761934692e-01
-3.902824084793663e-01 4.757687492524318e-02
-7.869903690134669e+00 2.914710545233649e+00
7.613817965495911e+00 -6.691813367791169e+00
1.467890327053681e+00 8.608861275198526e+00
9.907430765326634e+00 -1.184961068466882e+01
3.059987414989557e-01 5.500134193503147e+00
4.221714661498250e-01 -1.825070170584781e+00
2.695236261321614e-01 5.293108876496020e-01
-5.296493628265174e-02 3.308864890358528e-03
7.370985208175963e-01 1.404889979748823e-01
5.357257675300838e-02 -2.379457706648214e-01
7.815335659229468e-01 -2.298132550096000e-01
5.121704335926653e-01 -9.696447281595957e-02
1.000000000000000e+00 0.000000000000000e+00
2.423927093121712e-01 -2.283879484691964e-01
-2.004095597474163e-01 9.318635518968636e-02
-1.474671733212512e-01 7.941721514755824e-02
-1.056071938764684e-01 -6.106222960857186e-02
-5.899537653830984e-02 -3.313182949652230e-01
-3.198602677147808e-02 -2.361071412331120e-01
-5.222488843536865e-02 -1.299253363877464e-01
