
7.366165566280469e-02 1.208529380753647e-02
1.318021528184814e-01 -5.815229102895218e-03
1.070093157661354e-01 -1.192982944507986e-02
2.258790586540522e-01 -5.786910679968606e-02
1.807749349129484e-01 -5.945262909174056e-02
1.439601243160996e-01 -5.828006623732010e-02
-1.639507900784076e+00 -8.435285927584594e-01
-2.121421897197375e+00 -2.124727260746914e-01
6.637585391480000e-01 7.137868545539999e-01
-1.129112507066439e+01 -9.118454511570212e+00
9.058443536446255e+00 1.875683139987780e+01
-3.709005738170762e+00 -1.547178026311052e+01
1.114609233098187e+01 -1.108647909770604e+01
-1.706747306915434e+01 -1.576557669621819e+00
2.031372250503260e+01 1.434812508605056e+01
-4.122121471660312e-01 1.280145478280407e-01
-1.825995462135524e-01 3.315441133888914e-01
6.202915883998035e-02 7.377802857849850e-01
-1.990440677171707e-01 -6.310338424075128e-01
7.982941295713160e-01 -2.610029085087657e-01
5.675689104475767e-02 -1.976631374973761e-01
1.000000000000000e+00 0.000000000000000e+00
6.260336849036081e-01 -5.758342021442429e-01
-1.178224586973498e-01 9.300200578365692e-01
-7.823076077565820e-02 -2.448420115297741e-02
-2.483619541664935e-01 1.860032145126770e-01
5.384273856487475e-01 2.350313268668321e-01
2.354228414407913e-01 -2.664442179736193e-01
-2.950396196969181e-01 -1.071661574672030e-01
