
0.648304385645575316872e-3 0.100374744223735056154e0
-0.105599626500307512543e-1 0.112594141594588425120e-2
0.449841477683582217330e-1 -0.156000679047271815151e-1
0.272455844425289242101e-2 0.517292106289325951827e-1
-0.732490827385539436049e-2 0.103613224984602213690e0
0.277582276571394456393e-2 -0.567691900902549160115e-1
-0.289328923549394489327e1 0.589995337208905058302e0
-0.110925411501582627384e1 -0.487205146482859141903e0
-0.454819324356910860657e0 -0.365586475713352629401e1
-0.307908170440401902836e2 0.585815717928244705705e1
0.182342102703488122620e2 -0.518803756164137947274e2
-0.260463959578640146626e1 0.550817255254557131758e2
0.453515757393296016914e2 0.753387076642449997413e2
-0.326118972268286166673e2 -0.354096498703051206988e2
-0.145607586952894114051e2 -0.811968648435274468061e2
-0.154234159876759211361e-1 0.513924411283028751676e0
-0.681499176518612283536e-1 0.298796862769774379314e0
0.201865843188784203270e0 0.143862503375049616757e0
0.469664323209218492825e0 -0.233577627347971348150e0
0.950303961731687509397e0 0.165211803202776132647e0
0.350761293977391736134e0 0.366586376966216356246e0
0.100000000000000000000e1 0.000000000000000000000e0
0.456194751245977425723e0 -0.785079660831466008298e-1
-0.178749794700074676632e0 -0.246245500546749908737e-1
0.124786328420267620357e0 -0.820515858331078067956e-3
-0.478178685684729073887e0 0.600593661738316905838e0
0.583260703423096838361e0 -0.881379069183649519083e-1
0.145042234209873928402e0 0.836542061079031806572e-1
-0.969668771219037711813e-1 -0.240807134904536460242e0
