
1.063354401945436e-01 8.968027686310211e-02
1.360942725297547e-01 5.602813986636287e-02
-1.013646471281802e-01 3.581917762641838e-02
-9.454071944142424e-02 2.358994149484398e-02
3.589046962298396e-03 1.092259978238468e-01
-1.179472075311940e-02 -1.132702183579462e-01
-4.843565937356193e-01 8.998570548055910e-01
3.077586855869548e-01 -3.645877302630242e-01
-6.706894898019480e-01 1.089165143164967e+00
2.748152339052174e+00 5.556358059741375e+00
1.930714534350235e+00 -8.261083890862583e+00
5.110693843658455e+00 4.184728135576599e-02
-2.643852550722440e+00 -4.547467798895485e+00
5.605966564159680e+00 1.009794988840139e+01
5.768848600950486e+00 1.474724045778022e+01
3.152324889267533e-01 3.501923112216379e-01
1.562861221113622e-01 3.841270778939562e-02
1.000000000000000e+00 0.000000000000000e+00
-7.872271300039074e-01 1.470059137696766e-01
-4.783745933134066e-02 -8.096191101869459e-01
-1.119361091484789e-01 -3.131805883542504e-01
3.320180629791718e-01 -7.673518144133684e-01
-3.442775668818905e-01 -5.729877986696524e-01
5.473330929840734e-01 2.163864904347533e-01
1.675518581196222e-01 1.300626574252143e-01
-5.439776155647320e-02 -1.494054392937365e-01
9.282132654839621e-02 -6.773805538632569e-01
-3.153820673127659e-01 -4.340306628488454e-01
-1.095940416465822e-01 2.105617628481188e-01
