
-2.172163809937194e-02 -1.059738731126900e-01
-2.126801801357007e-01 -1.633313936360127e-01
-5.649209189604482e-02 -1.402308973384768e-01
-1.062833620696063e-01 1.023637147549079e-01
4.876576924118492e-02 -1.831370383976765e-02
1.280050001689783e-01 3.610158357782028e-03
4.200097176328996e-01 -6.011388346713988e-01
1.491851870813739e-01 -3.311579440264437e-01
1.126250603969240e+00 -5.461615172506044e-01
-1.843437798958622e+01 7.338620180768146e+00
4.612341523060024e+00 2.734327191184009e+00
4.409035201970634e+00 -2.814637299236506e+00
8.388772248670579e+00 -9.042086613783024e+00
1.226454774529631e+01 -5.336583334991754e+00
1.327367166757933e+00 7.338292203292601e+00
2.232979804024858e-02 -5.091436789365739e-02
-4.293935287322931e-02 -4.312177828292647e-02
-6.301439942851531e-01 4.536868241018772e-01
2.019570861880410e-01 -4.318685990908976e-01
3.751834629500147e-01 6.274296286984566e-01
1.337908314727628e-01 1.822112529156018e-01
-6.974297364029347e-02 5.733423463198691e-01
5.263673650202613e-01 5.607475856481118e-01
-6.537898388823720e-01 -4.496410558704893e-01
7.165154536381921e-01 3.477185949085583e-01
-2.210267715475535e-01 -5.607536606595770e-02
1.000000000000000e+00 0.000000000000000e+00
5.090152767783027e-01 4.798194033675240e-02
-1.823292200619839e-02 -2.330952500588993e-01
