
4.555227467171320e-01 -1.723320523699985e-01
5.424553036194771e-01 1.694632930126745e-01
3.869386355197549e-01 2.216892128324148e-01
3.763746376708779e-01 5.459967470106942e-01
1.959342552458204e-01 4.820706288409367e-01
6.850379959553843e-02 4.025389395953783e-01
-7.953148519445790e-01 8.036336043297503e-01
-9.228286927775704e-01 7.994845915017895e-01
-1.619752492941948e+00 5.934541547002747e-01
1.441654063929375e+01 -1.735022464725485e+01
-1.408863172557967e+01 1.958996365033527e+01
1.676465518564638e+01 -4.051967927840924e+00
9.978945123031515e+00 -3.026719724360715e+01
-1.083062885417041e+01 1.492994742204348e+01
1.149989818048709e+00 -4.609321244017948e+00
-1.102941857870888e-01 3.287706540742383e-01
-1.057350850589509e-02 1.137854347203389e-01
-1.734047107828872e-01 7.031774885290656e-01
2.881421901412673e-01 -9.274043044242424e-01
1.000000000000000e+00 0.000000000000000e+00
6.561147311582312e-01 -5.462770359773544e-02
7.969844238044944e-01 3.042645479187173e-01
6.383754253709053e-01 -1.584196534471913e-01
-5.078811003890482e-01 3.024227353121771e-01
-2.673560881839148e-01 1.297254147182521e-01
3.214581263769991e-01 1.598108322372535e-01
4.390870660349835e-01 1.297550775814591e-01
5.150734837488933e-01 -1.240477124473580e-01
-1.833016567207629e-01 -2.204025360999867e-01
