
8.616394597330124e-02 7.343180248766189e-02
8.397540041624324e-02 1.811086789591166e-01
-1.595622044879577e-01 1.070565593690416e-01
-1.095258427486301e-01 -1.456737777125892e-01
1.021622985699835e-01 -6.564923489588084e-02
2.336189677532874e-02 7.224197522492726e-02
-7.664619717059165e-01 4.362648462608792e-01
2.356589692719605e-01 -2.224056202590340e-01
-1.162948884259962e-01 1.922515591222745e-01
-6.460299615322534e+00 7.124753414495896e-01
6.006826726745031e+00 -3.231634448063858e+00
9.075970354737530e-01 3.137792658509307e+00
8.831687632290159e+00 -3.788542447125601e+00
2.730097653026757e+00 2.293606992138885e+00
4.574014760622187e+00 7.697019143299015e-01
3.878560452972040e-01 5.730163386095275e-01
-4.932646185589101e-02 -2.473982958553878e-01
1.000000000000000e+00 0.000000000000000e+00
1.113237236370219e-01 2.392034738052529e-01
5.537815698346074e-01 1.000839541510330e-01
5.317473107142026e-01 9.034615828000606e-02
7.298622673407613e-01 4.109103281068331e-01
6.478063701030994e-02 7.420309410907416e-02
-2.784380225744857e-01 -3.473341498642461e-01
-6.356646116012470e-02 -8.992495267464017e-02
-1.369407728267021e-01 -3.390362515717356e-01
-4.424379473072452e-01 -7.103895835210150e-01
-2.166982074970685e-01 -2.542070775218782e-01
1.511049129845108e-01 -9.801319842412479e-02
