
1.102096529621695e+00 1.697955903021794e+00
7.704001556573700e-01 2.456954356707030e-01
2.343914775509424e-01 3.051054371418940e-01
-7.457266126979449e-01 2.214981462610134e+00
-7.153802435908007e-01 1.122815558478326e+00
-1.668771929102157e+00 -1.804671837854166e+00
-9.118626153669457e-02 3.830642594729203e-01
-2.376197921466596e-01 -2.778590395645913e-01
-4.894190004821029e-01 3.281064290553888e-01
-6.655318466540573e-01 6.829577874566004e-02
-2.383362917446306e+00 -2.846417292469333e+00
1.104581784684806e+01 1.975745127620776e+00
-3.825445502772548e-01 -2.353103026628105e+00
2.945172010466235e+00 2.007136365524426e+00
1.048076396931312e+00 2.284807247882446e+00
4.696272914602784e-01 5.057604254392001e-01
7.310525582204550e-02 -1.604505712724646e-02
1.000000000000000e+00 0.000000000000000e+00
-3.658135573718594e-01 -1.349489580596986e-01
4.814366822274225e-01 -6.589525959451852e-01
3.547488937599401e-01 -2.970905994027945e-01
7.878474948295799e-01 -4.881215388186509e-01
-4.227727568773365e-02 -4.274020651640994e-01
8.757013455851759e-02 1.216170827687398e-01
-9.011641906357781e-03 1.465770415139298e-01
-9.320187667422430e-03 -1.268372319938982e-01
-6.586621843421231e-02 -6.154020051355427e-01
-1.767551364593498e-01 -3.777037349209867e-01
-9.687063420041142e-02 2.025130274951365e-02
