
0.119149471389412873904e1 0.463136420195481252944e0
0.120612822379023473677e1 0.107415694151784043295e1
0.712819874481167944165e0 0.514769838945179599766e0
0.237007116212772231466e-2 -0.175886528368361257422e0
-0.771490054825575188369e0 -0.460281941565273362079e0
-0.119386478505625646149e1 -0.287249891827119995549e0
-0.538893027511310199521e0 0.874356573977115823375e-1
-0.578062562653795738901e0 0.588072408520884299598e-1
-0.116294888425996334754e0 0.192251559122275345441e0
-0.348628475131247439413e1 -0.229708770039956133532e1
-0.144225505915237611738e0 0.159961133409398027706e1
0.630975652305316353496e1 -0.941183923335738773181e0
0.716832149813385582004e1 -0.993049581434125620762e0
-0.166794938584222651463e1 0.165780199221017104493e1
0.596142193906424320334e1 0.296104862326386110042e0
0.387856045297203909838e0 0.573016338609527466823e0
-0.493264618558911892045e-1 -0.247398295855387690759e0
0.100000000000000000000e1 0.000000000000000000000e0
0.111323723637021857244e0 0.239203473805252920506e0
0.553781569834607277918e0 0.100083954151033190184e0
0.531747310714202572077e0 0.903461582800059585286e-1
0.729862267340761169498e0 0.410910328106833313286e0
0.647806370103100814673e-1 0.742030941090742740467e-1
-0.278438022574485855617e0 -0.347334149864246049334e0
-0.635664611601246184528e-1 -0.899249526746401698932e-1
-0.136940772826702148994e0 -0.339036251571735646496e0
-0.442437947307245328340e0 -0.710389583521015078270e0
-0.216698207497068430526e0 -0.254207077521878167456e0
0.151104912984510799653e0 -0.980131984241248093679e-1
