
1.029739437851012e-01 -8.650919006918134e-01
4.203811484622453e-01 -1.045023825126865e+00
2.593985060002681e-01 -5.266774235016922e-01
2.302560811281367e-01 1.600672457503617e-01
-1.336926851737838e-01 5.716157853930121e-01
-3.332300249132375e-01 7.050246549414513e-01
-8.790827980092557e-01 -1.636457134202535e-02
-1.557386474805733e+00 -2.115078093289356e-01
-5.631502122024384e-02 -8.772512944537257e-02
8.176193165014419e-01 2.590670646337195e+00
-4.606920466511261e+00 -2.788269177831616e+00
6.792603914203604e+00 1.448927214263542e+00
1.119067522754112e+01 1.104742014240580e+00
-1.038506549630067e+01 -1.858197345029009e+00
1.303295689087514e+01 8.974412909841907e-01
2.613297963707497e-01 2.500157187638813e-01
-2.176975854708123e-01 3.228209999016968e-02
4.639778614060623e-01 -2.036921576895886e-01
3.065208316618613e-01 -1.828700839250790e-01
7.116695766295391e-01 -1.445241861200819e-01
4.244583352818064e-01 -1.605492180040597e-01
1.000000000000000e+00 0.000000000000000e+00
3.172755730563886e-01 -1.156211094326526e-01
-3.602409999822786e-01 1.986879611741879e-01
-2.370759884569453e-01 1.804820442424579e-02
-3.053090307611869e-01 2.781266574044317e-03
-3.598793203499573e-01 8.344444003449383e-02
-1.007511389902162e-01 -3.107474689786219e-02
-3.767357871374491e-02 -2.094425226402897e-01
