
-2.411829073739142e+00 2.723430348265872e-01
-2.403282212000726e+00 -8.983602083510019e-01
1.586641794634661e+00 7.712895325523912e-01
-1.170705863806321e+00 -1.517039243960808e+00
-5.597384704366382e-01 4.200861264791073e-01
3.582534937545463e+00 1.244696209134221e+00
3.953072015700820e-02 1.631502973774213e+00
-1.596297360802746e+00 5.004717926456570e+00
1.489463449590886e+00 -3.183599867096943e-01
-2.435963194233091e+01 4.907024420876277e+01
3.863789273855340e+00 -4.933916426829413e+01
6.639964654218287e+00 2.998169597251618e+00
1.315206255397597e+01 5.730829722327059e+01
-3.575550580700855e+00 4.744978034517728e+01
3.991617616732022e+00 3.688672729292680e+00
-1.191243382862733e-01 1.664240894244160e-01
-1.092435583624444e-01 2.085183218104016e-01
4.428547747334109e-01 7.035012665722825e-01
-3.152373215653134e-01 -4.002317959380896e-01
9.342629979533372e-01 -3.392289083385138e-01
2.094851556542729e-01 -1.009393429801329e-01
1.000000000000000e+00 0.000000000000000e+00
7.029510437643516e-01 -5.716904593642451e-01
-3.922350284560146e-01 7.305511394345960e-01
3.371367252438089e-01 -4.459655330818251e-01
-3.014681358385511e-01 3.229926831661795e-01
3.916559531057784e-01 -6.840703620910238e-01
1.331998011983004e-01 -4.505920045077181e-01
-2.895408032588123e-01 -8.267073334078745e-02
