
0.503242847220759494705e0 0.179714168218611910826e1
-0.909044159039631693596e0 0.317376292224375507775e1
0.482690248599104477400e0 0.165068995938802256314e1
-0.377181402976948071545e1 0.771184055676841683912e0
0.696796087087974782052e0 -0.762430978447250299105e0
0.326857118254872122047e1 -0.256832573786296079212e1
0.356170414489289605695e0 0.414592898354116072253e0
0.463718453241111689008e0 0.480468760004930485973e0
0.429457368400883670906e0 0.277195494158203828471e0
-0.131241024268871298948e2 -0.288513055424890217963e1
0.400202263412290705448e1 -0.953757183676374055371e0
0.673225780742602308284e1 0.738452899234573493235e0
0.284969004146982767185e1 0.279500222412110463279e1
0.125606599715246511897e2 0.624680732877709275980e1
-0.201226566211625427214e1 -0.349191804788009524884e1
-0.231468433442469799939e0 -0.128183341273375713831e0
-0.338853054008180839575e0 0.275624469300389126556e0
-0.158428498314091169264e0 0.188235637100538390280e0
0.206998202012237179356e0 -0.557938311604064061510e0
0.755675746991730581731e0 -0.178367592092759503196e0
0.137174628315615058721e0 -0.280200288653529035133e0
0.100000000000000000000e1 0.000000000000000000000e0
0.659085527478968709217e0 -0.356072073412511188630e0
-0.402201785201747522469e0 0.868382752765839460317e0
-0.248314983717973797645e0 -0.848137580455347835150e-1
-0.363531106800073207488e0 0.221879097235110723271e0
-0.802667721332671069969e-2 0.604955149734342368187e0
0.132732446416514934980e0 -0.745601034319440651743e-2
-0.232493502564473770471e0 -0.221512888059058516235e0
