
0.253938810136064071983e0 0.145362548923166251893e0
-0.652440766848208850820e-1 -0.254505730201607998325e-1
0.140824714360136690197e0 0.986574109253410354273e-1
0.163432287911098601825e-1 0.372256954493601993988e-2
-0.368186224698569107882e-1 -0.183856597077263984923e-1
0.771301773279699721990e-1 0.652714889936395699274e-1
-0.696419542222410544927e0 0.787777841218840761098e0
0.146748430198416756460e1 0.653737670341877548721e0
0.151237578134901930616e1 -0.352386935780236350128e0
0.828305172713235943194e1 -0.592758449251326081583e1
-0.461850227498903091478e1 -0.413575421020917259694e1
-0.153447085507216967430e2 0.101380675285775336877e2
0.332451906762814683068e2 0.388087559136491290880e1
0.219973610417135405394e2 0.462061207799961704999e1
0.335827363629470798875e2 -0.198528765333488501528e2
-0.160136056765913451595e0 0.124418137036467456419e0
-0.167135332476570766714e0 0.163571745827024207486e0
0.170445535072728263310e0 0.813008994879832962263e0
-0.159177650972400980291e0 -0.492450060758746770417e0
0.100000000000000000000e1 0.000000000000000000000e0
0.233321839292860872277e0 -0.174503589458747906981e-1
0.938634502961734611722e0 0.328017992869222045534e0
0.856326405918423132712e0 -0.291764259085689572763e0
-0.616002129712720315595e0 0.536432676063768973981e0
0.488197931050704077012e0 -0.288656993509628677103e0
-0.397539134392997102691e0 0.211825071889268024469e0
0.635819594190462366342e0 -0.515529868272005629829e0
0.287623780386198158175e0 -0.375331827686257363036e0
-0.246524223757672635552e0 -0.178724217753071427904e0
