
0.494278010262658223689e0 0.209718770182682962472e0
-0.323042079392213252724e0 -0.147633930472673296981e0
0.457630777779449725772e0 0.176713844418284862553e0
0.210936990226674016667e0 0.103477185994824638339e0
-0.299407104626857980319e0 -0.125145256589400985449e0
0.423178265230585447259e0 0.147671879515914319058e0
-0.158860581652447117071e1 -0.116754243792410393194e1
0.260070764957291160118e1 0.746041897848069383240e0
0.123447160989799989048e1 -0.108119780392930492316e0
0.250359609570750494701e2 0.152139644191772929367e2
-0.309369425468486847555e1 0.264199866284336891279e1
-0.291928533780340329646e2 -0.157657996459892950324e2
0.354943276707023452378e2 0.532470454523180716658e1
0.288993246113407063046e2 0.261408093402557812008e1
0.521415946232751943666e2 0.214404608370528145800e2
-0.179338915898058404432e0 0.132353428434133281680e0
-0.155332881986672092242e0 0.197175515828421848085e0
0.484106599547310407166e0 0.566423108865510762310e0
-0.263456505127705218640e0 -0.300321548435743719606e0
0.811316253225298247701e0 -0.365053337244343045732e0
0.165964116834114096521e0 -0.148218424384231093596e0
0.100000000000000000000e1 0.000000000000000000000e0
0.589260903871066296297e0 -0.614288850579483507880e0
-0.273600287422626131531e0 0.827097855293855478221e0
0.696861907472328993504e-1 -0.465987687312380325445e0
-0.268152746515341728207e0 0.243329468461660196549e0
0.819815714371178777862e-1 -0.460468147102398892381e0
0.225382726596046035990e-1 -0.396821066431554598391e0
-0.249483621231123498652e0 -0.586788275136675959516e-1
