
-1.856542604103532e-01 1.976355494198959e-02
9.920421186644808e-02 1.847980327806346e-02
-3.246988497378907e-02 -2.729433409357850e-03
8.018598179512440e-02 3.902028833346231e-03
1.385349229743219e-01 7.864328402978005e-03
1.054682786152288e-01 -2.366558377533582e-02
5.335452635874601e+00 -1.017504179709039e+00
6.614682351401058e-01 -4.593948561020013e-01
-1.162948884259959e-01 1.922515591222747e-01
-1.762752478298047e+01 -2.935922790771635e+00
-1.593163179811974e+01 5.435776651967101e-01
5.310314814393489e+01 -5.812946818239594e+00
-5.561494524158043e+01 2.214168003623171e+01
4.361483531743660e+01 -1.198942733900655e+01
-4.226676112030867e+01 2.596811328180758e+00
3.878560452972039e-01 5.730163386095273e-01
-4.932646185589128e-02 -2.473982958553877e-01
1.000000000000000e+00 0.000000000000000e+00
1.113237236370219e-01 2.392034738052530e-01
5.537815698346072e-01 1.000839541510331e-01
5.317473107142023e-01 9.034615828000583e-02
7.298622673407612e-01 4.109103281068334e-01
6.478063701030995e-02 7.420309410907402e-02
-2.784380225744859e-01 -3.473341498642458e-01
-6.356646116012472e-02 -8.992495267464024e-02
-1.369407728267024e-01 -3.390362515717356e-01
-4.424379473072456e-01 -7.103895835210148e-01
-2.166982074970686e-01 -2.542070775218780e-01
1.511049129845108e-01 -9.801319842412476e-02
