
-0.150205689052308861953e1 0.878944952811562731239e-1
-0.183420707417691557445e0 0.642774483043605228579e0
0.370926098382733692490e-1 -0.496890217656412820586e0
-0.298434365516007825474e0 0.254971039149582608764e0
-0.778590082034850089455e0 0.542697719782817420016e0
0.738500705026948597181e0 0.277680627744723937541e-1
0.228278806704127765898e1 0.139463618988585783039e2
0.666138913648190818251e1 0.100026693237408879390e1
-0.148259111280155035846e0 0.172110122115073790189e1
0.901180999370625270273e2 0.658301484450023269013e2
0.502258155776588991748e2 -0.147502894589630235880e3
-0.549854956952125691651e2 0.115899914995264061782e3
-0.233905399365873883283e3 -0.288637986287815900867e2
0.135684452323853303637e3 0.105253649363562112998e3
0.143787299428811355215e3 -0.369663498162207313086e2
0.185812461893002600714e0 0.397813464618307134510e0
0.171069148128852618196e0 0.122916034415770274719e0
0.100000000000000000000e1 0.000000000000000000000e0
-0.740888274375467860682e0 0.290586251027983963482e0
-0.805156396912976709483e-1 -0.730133793101279424749e0
-0.218402340203427020425e0 -0.143176605488640207292e0
0.317909098885672660470e0 -0.786986318035446125651e0
-0.384371553166107573005e0 -0.606266195670253397142e0
0.703536598006511756302e0 0.209505027274247275742e0
0.185199400526272824877e0 0.330915548163109044183e-1
-0.160596485679353324601e0 0.272072059314161059539e-1
0.184040134510085487440e0 -0.690510683361302969748e0
-0.357145868652390951114e0 -0.378228601036960450837e0
-0.100475063028793327216e0 0.232709374186693047760e0
