
0.111968986014446027032e0 -0.178745123983729136128e-1
0.130155583151853758301e0 0.306207420631198970976e-1
0.849662215083750667997e-1 0.493956366633996744902e-1
0.128288370574764254284e0 0.916683584918513829156e-1
0.705840275023734227731e-1 0.919227912036105559586e-1
0.299535575779343197979e-1 0.797482121319673623608e-1
-0.205488689170501907084e1 0.846309575791887791258e0
-0.228812859969701292719e1 0.287973721315920646951e0
-0.454819324356934614117e0 -0.365586475713354656708e1
0.494674101978958779408e1 0.654431460567047626892e2
-0.227673738507962161500e2 -0.852410251526890198753e2
0.112257595301251059776e2 0.470547411368680503184e2
0.655754559382131405262e2 0.760681378941701226495e2
-0.329334270592739166671e2 -0.134700461480379250507e2
0.382791207126147914590e1 -0.293699201541373474591e2
-0.154234159876753743458e-1 0.513924411283030014447e0
-0.681499176518596992694e-1 0.298796862769773597930e0
0.201865843188787298640e0 0.143862503375053339826e0
0.469664323209215352325e0 -0.233577627347972219957e0
0.950303961731688850447e0 0.165211803202773739542e0
0.350761293977393483868e0 0.366586376966215991765e0
0.100000000000000000000e1 0.000000000000000000000e0
0.456194751245977871601e0 -0.785079660831489154930e-1
-0.178749794700075236554e0 -0.246245500546741092547e-1
0.124786328420268545378e0 -0.820515858333704385089e-3
-0.478178685684725869392e0 0.600593661738316930828e0
0.583260703423096878259e0 -0.881379069183718489113e-1
0.145042234209874440728e0 0.836542061079001427430e-1
-0.969668771219044189650e-1 -0.240807134904535472642e0
