
1.312486330405819e-01 2.404465344669993e-01
6.921174106304717e-02 2.046185033943572e-01
-1.668721075103118e-01 7.822456052512701e-02
-2.598001218360010e-02 -1.979543630382365e-01
3.941582521130924e-02 8.830514804284545e-02
-1.052686208569818e-01 -4.249217142876276e-02
-6.642249648613612e-01 -1.068075111293468e-01
-9.433756513674206e-02 8.557260859454908e-02
6.637585391480001e-01 7.137868545539999e-01
-9.936996500572093e+00 -1.738022969969186e+00
7.024669983508228e+00 2.935387815430412e+00
-2.666901898571679e+00 -7.104278821522489e+00
1.049283276391248e+01 2.730163292241560e+00
4.145656914692835e+00 3.587596941885338e+00
1.181611971185816e+01 9.331243246752427e+00
-4.122121471660314e-01 1.280145478280376e-01
-1.825995462135534e-01 3.315441133888920e-01
6.202915883997601e-02 7.377802857849849e-01
-1.990440677171701e-01 -6.310338424075154e-01
7.982941295713162e-01 -2.610029085087659e-01
5.675689104475702e-02 -1.976631374973777e-01
1.000000000000000e+00 0.000000000000000e+00
6.260336849036103e-01 -5.758342021442424e-01
-1.178224586973526e-01 9.300200578365714e-01
-7.823076077565727e-02 -2.448420115297700e-02
-2.483619541664944e-01 1.860032145126772e-01
5.384273856487483e-01 2.350313268668355e-01
2.354228414407928e-01 -2.664442179736185e-01
-2.950396196969189e-01 -1.071661574672039e-01
