
-3.942057384592878e+00 -1.020610347824591e+00
5.975275545027003e-02 1.693907221989320e+00
1.719951997985695e+00 -1.864478083743783e+00
2.932921608821854e+00 -7.969718247527657e-01
-2.103838069549372e+00 -6.617612390215966e-01
1.009135775771023e+00 1.817582172577357e+00
1.937548040751472e-01 2.963260071889025e-01
-1.688823673003026e-01 -8.301566169760621e-01
6.647171602660024e-02 1.000136719608745e+00
2.474747517719301e+00 -8.102163973377186e+00
-7.146208024456023e+00 -1.185919786934270e+00
9.390001938869066e+00 1.569147171136818e-01
4.270473131561386e+00 5.583101101817683e+00
8.134355072717533e+00 -2.180550496684444e+00
8.077191458943174e+00 3.321736940059692e+00
2.504010290966041e-01 4.886459875523249e-01
2.787050250131290e-01 5.920042952181100e-02
1.000000000000000e+00 0.000000000000000e+00
-6.987801635140335e-01 2.876124278928528e-01
-1.485580597389670e-01 -7.075726949912066e-01
-1.115834889908374e-01 -7.947252646909245e-02
1.446723697192368e-01 -7.724998617051555e-01
-5.038233455774292e-01 -5.359377722468857e-01
7.499691751216896e-01 6.445459832981726e-03
1.178686764437871e-01 7.055737256700649e-02
6.666753286991831e-02 1.408571796903091e-02
1.638692999224707e-01 -7.954119232642609e-01
-3.183578391232936e-01 -3.630854137783588e-01
-5.759938230827386e-02 2.623351742710913e-01
