
-0.188790767581441259208866793763e1 0.133817184109429900709988129891e1
-0.898757849585470858107432978404e0 0.981080918529608602209575020191e0
0.605512216807058242751969374279e0 0.105333739469999217571111754075e1
-0.386135325686759059480741554076e0 0.660409907486803258211065663973e0
0.468077153007668285618393101721e0 0.518566902427938410996895100612e0
0.580678314528122350985882950003e0 -0.264085982049106409934305180018e0
0.149829850820010493568079958364e0 -0.309879261645068852814253962707e2
0.117219875812217428924089831227e0 -0.311890340131706156325831606600e2
-0.757177237901609711973729508526e1 -0.188456625865838614875904387286e0
0.167568417858795946408017868747e2 0.121342298140447789775794129067e4
0.400459245727327942818277482285e2 -0.215061826449944245864063839492e4
0.397014595821422415313336765565e2 0.420164364271898384124877915529e3
-0.167346006377971756601009053277e3 0.385897722718577330051634362242e4
-0.162968929590917848936646097287e1 -0.792014403617431251561386605643e3
-0.366393005575879599986878297922e2 0.113073512767186252282800429113e3
0.363653376849542982495155889099e0 -0.264850094447317673732332489741e0
0.205656356638094187675518940599e0 -0.145133653698924378977373679231e0
-0.479331497069590774853483243099e0 -0.181536479693089328143252407755e-2
-0.428686690147500551396130145333e-3 -0.811738801941893751922404040656e0
0.392175971675529765599630126501e-1 -0.568615034080892968093208069093e0
0.511004632883559990052730049538e0 -0.510496405959377137416848695732e0
-0.346802282143215997450514928871e0 -0.368382899490808731786818071487e0
0.587013268751647443164698398523e-1 -0.928733805810414924504058598175e-1
-0.411029067150813190191152342142e0 0.135683856669181315969456534000e0
-0.331649879620715764995309034295e0 0.934321818995969569665868326866e-1
0.100000000000000000000000000000e1 0.000000000000000000000000000000e0
-0.305947679324251965554858692831e0 0.400086176723117687606612687629e-1
0.359454528041872949012927859414e0 -0.392756650293909377220981047936e-1
-0.156409469563417074002322660496e0 0.101456670989055179539926362275e-1
