
4.449098056311744e-01 4.874668100823527e-02
1.027561859536892e-01 3.953558470442844e-02
-2.842652075379210e-02 -4.209418228340091e-02
-2.191868080760186e-01 -9.163903447675419e-02
2.388528867257723e-01 1.925990143230488e-02
-2.257229975551560e-01 4.289235346851888e-02
-5.347684320873612e-01 -6.575421278624377e-01
1.293638073060517e+00 -4.999269827922439e-01
1.126250603969257e+00 -5.461615172506127e-01
-1.058967049418468e+00 -3.614225002457268e+00
4.071828990985043e+00 9.510103414282719e+00
-1.128989309342991e+01 -1.624622303249303e+00
1.779506280249033e+01 -1.071648098265920e+01
1.951026350202766e+01 -9.345328683862979e+00
2.285976139826453e+01 -1.570344368353982e+00
2.232979804024812e-02 -5.091436789365479e-02
-4.293935287322792e-02 -4.312177828292602e-02
-6.301439942851513e-01 4.536868241018772e-01
2.019570861880415e-01 -4.318685990908966e-01
3.751834629500143e-01 6.274296286984559e-01
1.337908314727634e-01 1.822112529156034e-01
-6.974297364029344e-02 5.733423463198676e-01
5.263673650202589e-01 5.607475856481107e-01
-6.537898388823686e-01 -4.496410558704904e-01
7.165154536381895e-01 3.477185949085587e-01
-2.210267715475518e-01 -5.607536606595649e-02
1.000000000000000e+00 0.000000000000000e+00
5.090152767783023e-01 4.798194033675281e-02
-1.823292200619798e-02 -2.330952500588985e-01
