
3.941830393479218e-01 -2.137245750259926e-01
1.277847991455255e-01 -1.007090139139400e-02
-2.183761627357820e-01 -1.785054461800072e-01
-2.273679778718570e-01 -8.115883391157024e-02
1.747068113613191e-01 -1.242557714896003e-01
-1.668150614760648e-01 2.948834089375628e-01
-2.126611061189027e-03 -4.306557132147802e-01
-3.886113423178614e-02 5.008028898591966e-01
-2.216313267002508e-01 -1.080720021160741e+00
2.647925642904952e+00 5.085583964589667e+00
-4.007661522069744e+00 2.276056550407066e+00
8.477481114938207e+00 1.175283063440828e+00
4.211647842474163e-01 -4.568801104294633e+00
7.244263969022253e+00 -2.493791781811437e+00
6.982233759289935e+00 -6.275269576803505e+00
4.762370133549662e-02 4.394593386003885e-01
-1.170591773290118e-01 2.151502292518626e-01
1.524346841855103e-01 7.235200988780337e-02
4.456475213421658e-01 -4.037533659325439e-01
8.650646110276625e-01 5.220073058149083e-02
4.132384204067153e-01 1.004792218667639e-01
1.000000000000000e+00 0.000000000000000e+00
3.940477517500388e-01 -7.062029775533871e-02
-2.054488098451015e-01 7.600198230515051e-02
-1.513004343383182e-01 2.290756474936007e-01
-2.997526013537143e-01 2.915711427530712e-01
3.393760685496897e-01 2.678862554272989e-01
1.522333096312887e-01 8.249911854897672e-02
-8.522963265173093e-02 -2.494654944817868e-01
