
2.345511652318641e-02 9.529822411806008e-02
3.737077127277921e-02 1.304345028453480e-01
2.967197763365192e-02 9.364839352826457e-02
5.842690371975289e-02 1.782509063419924e-01
4.587353799440198e-02 1.278311978475510e-01
3.577336595841479e-02 9.159314249025752e-02
-1.520895165552612e+00 -1.133990454019880e-01
-2.101850244050394e+00 -4.410121375773191e-02
-4.548193243568783e-01 -3.655864757133577e+00
1.341461922124662e+01 7.278832332615639e+01
-1.300430768905201e+01 -7.899084149138022e+01
6.308906997335461e+00 3.611798620749403e+01
2.125820382487025e+01 6.987941740445363e+01
-1.886914229094019e+01 -1.769883003295959e+01
2.144488065307810e+01 -1.125815447651540e+01
-1.542341598767669e-02 5.139244112830301e-01
-6.814991765185943e-02 2.987968627697752e-01
2.018658431887834e-01 1.438625033750550e-01
4.696643232092171e-01 -2.335776273479746e-01
9.503039617316907e-01 1.652118032027756e-01
3.507612939773934e-01 3.665863769662177e-01
1.000000000000000e+00 0.000000000000000e+00
4.561947512459797e-01 -7.850796608314804e-02
-1.787497947000758e-01 -2.462455005467467e-02
1.247863284202706e-01 -8.205158583324060e-04
-4.781786856847268e-01 6.005936617383199e-01
5.832607034231027e-01 -8.813790691836997e-02
1.450422342098769e-01 8.365420610790134e-02
-9.696687712190508e-02 -2.408071349045362e-01
