
-4.030916968357534e-01 2.131372503641968e-01
1.266973938516501e-01 -6.247258153286166e-01
1.593356820056702e-01 1.914303986568731e-01
5.632663897069791e-01 6.905508524679438e-01
-3.481801260100855e-01 2.672410663211958e-03
8.436323728928616e-02 -1.067311437156442e-01
5.124641449606907e-01 5.822155700860908e-01
-9.491008798362818e-01 9.210486268455490e-01
4.480647913797445e-01 -4.835944339258642e-01
-1.147029129370847e+01 7.856297678223332e+00
-4.494908946803830e+00 -6.138443626210748e+00
1.478910172179092e+01 4.707735357729357e+00
4.854051768825209e+00 -3.550885268665334e+00
2.170856761310574e+00 9.730703379875834e+00
-1.921964484339910e+00 -4.789897053139346e+00
-9.871243940426130e-02 2.817590989017144e-01
-2.576481128697921e-01 1.817193497279458e-01
3.358532533824168e-01 -1.971901216742654e-01
4.020485973721440e-01 -8.314831853829688e-02
5.474139938001215e-01 -4.728381243043750e-02
2.026337306910016e-01 -4.747493567013000e-02
1.000000000000000e+00 0.000000000000000e+00
1.743080633252319e-01 -2.219183261167738e-01
3.903680293403727e-02 3.899156704507474e-01
-5.946995345197423e-01 7.871785532088216e-02
-3.536033770322782e-01 7.246635511716074e-02
-3.620003242427461e-01 6.145467387781713e-01
-1.594306558575299e-01 1.162014610495887e-01
-1.388209007626807e-02 -1.682945613964353e-01
