
0.322898240885147693667e0 0.142565011300840825573e1
-0.560877002151635587867e0 -0.101326697972414311822e1
0.314326631425540726545e-1 0.390396583168514109223e0
0.650757755676528663186e0 0.646901709467026679536e0
-0.110230965333995046282e0 -0.290070817427646995943e0
-0.650749834850533797603e-2 0.104738335658688530173e0
0.267785186526644194138e2 0.211438617719270917361e2
0.811991851253168699532e1 0.108977938508828994272e2
0.679463845358993717715e0 -0.397994935736970467059e-1
-0.157874423762474491509e3 -0.953769016638915003645e2
-0.103318326862085481277e3 -0.801142299384960125744e2
0.257742731128990017364e3 0.178971922435456994763e3
-0.668371540147821681377e2 -0.557842421528917074801e2
0.176051363146608511615e3 0.172517929411884235538e3
-0.362341543807709673464e3 -0.274726959146202618811e3
-0.171883635038426369875e0 0.836946857529734138451e-1
-0.254118961871675716664e0 0.193934793449422883022e0
0.317834710142928686920e0 0.172754699741154892499e0
0.662839126734340656127e-1 -0.246717133337061689016e0
0.668561751367604878839e0 -0.249690166337757879145e0
0.161868099389030703947e0 -0.184038573512433279694e0
0.100000000000000000000e1 0.000000000000000000000e0
0.440387724426520893299e0 -0.453691600224892825475e0
-0.189194361841131777113e0 0.751923388163881709686e0
-0.311191697855121757557e0 -0.246798483425427689892e0
-0.300414242335564539595e0 0.147880268157649339146e0
-0.246749901757385217205e0 0.179299046523641110774e0
-0.628275730852236300152e-1 -0.135706406738428201551e0
-0.157949203417915846231e0 -0.120584328726293100081e0
