
3.478104793455998e-01 2.022475590135722e-01
-4.133883835935895e-02 -3.852708509030223e-01
-4.881162517418857e-01 -7.728328872537199e-01
-7.681081479088727e-01 5.527169818787573e-01
-1.408801099513216e+00 1.451229171107729e-01
4.202976685632727e-01 -7.549645408923297e-01
-3.501023792368729e-01 -1.211060170265983e+00
-4.603729801718278e-01 -3.662794478759742e-01
-1.353957984873718e+00 -2.683861718749864e+00
1.815228974154638e+01 2.472966974109832e+01
-7.614659148116090e-01 -2.013183150952209e+01
8.646445334268094e+00 1.375867816508431e+01
-3.048885495289394e+01 2.220729784901526e+01
4.773843706031151e+00 -2.277888840974479e+01
1.791737084053394e+01 -1.393927737968504e+01
1.048468885554017e-01 5.030228138091328e-01
-2.761571880804947e-03 2.807266337974959e-01
1.405947729545154e-01 8.361026107470171e-02
5.225292735803470e-01 -4.085361271938422e-01
1.000000000000000e+00 0.000000000000000e+00
5.175466107260128e-01 2.771109778571325e-01
9.683892807029536e-01 -1.465944828780019e-01
4.492705581592726e-01 -1.210398912355149e-01
-2.532216105313225e-01 -1.790946079667820e-02
8.266488197565841e-03 -4.503946284310124e-03
-2.338703472690121e-01 6.750236124498616e-01
4.712910608402227e-01 -1.132015917432247e-01
2.083952739979489e-01 9.551095979963914e-02
-1.325459946708435e-01 -2.420820888344171e-01
