
-0.186400890433711760003e0 -0.117180948688436498833e-1
0.113002626760083820251e0 -0.697688512159966945308e-1
-0.669991156304499841726e-1 0.127760963842443228309e0
-0.369281181779557452500e-1 0.869140381321339398917e-1
-0.135949290980192349932e-1 -0.101675851057452543881e0
0.689878402298208018420e-1 0.875067553835864688264e-1
-0.139411995644550761080e0 -0.269227102070009568846e0
0.653436098823979754963e-1 0.381765750407352421632e0
0.358227367798452331642e-1 -0.907598936980792528101e0
-0.286493082027035376189e1 0.414878985760957345831e1
-0.198813691031045989145e0 0.120637307639039790153e1
0.569364495717039060000e1 0.205753916279956405215e1
0.423363886342846372328e1 -0.439787170735562591003e1
0.694744651917777793822e1 -0.189963715580325829798e1
0.581913165245884156894e1 -0.606227832060118263825e1
0.273727330214479475611e-1 0.415330444700838518365e0
-0.155831557353143855855e0 0.213715189502518997349e0
0.152552152667865791209e0 -0.154838808283271502070e-1
0.467923774249441886688e0 -0.347993712546612353324e0
0.789806260940382108223e0 0.692985898165047671017e-1
0.357353872503037257608e0 0.730727756555582292378e-1
0.100000000000000000000e1 0.000000000000000000000e0
0.338448776457709757631e0 -0.542074026610163398871e-1
-0.144671316598215244875e0 0.940716556764680284194e-1
-0.233646977407910410169e0 0.283454723012379079897e0
-0.348005813727460649039e0 0.223910788528663913185e0
0.250031029676509607981e0 0.428285861968234359806e0
0.985462414596774655769e-1 0.123543825363341230411e0
-0.606294816493807094209e-1 -0.249266642520502234594e0
