
-1.048532302227598e+00 9.297277534434223e-02
4.344537822047190e-02 -6.041903725789791e-01
3.229466206680079e-01 4.642622844274296e-01
7.726808334776489e-01 1.861270842812585e-01
-5.468153610364701e-01 1.144348354127269e-01
2.758514687499493e-01 -2.790998596256005e-01
4.677980294518188e-01 -2.794613946796629e-01
-1.269978699191287e-01 1.159544668060222e+00
2.204843344523219e-01 -1.023641635408491e+00
3.685751770993242e+00 1.077156764871454e+01
-1.061931299029102e+01 1.461242916272210e+00
1.097940366148083e+01 -1.936022410191033e+00
6.071430091466932e+00 -7.373818359810815e+00
1.066135658372933e+01 5.727803563301038e+00
8.295544815011159e+00 -8.873809911763519e-01
7.134811538139094e-03 4.351212481615312e-01
-1.638487798447810e-01 2.456125168704209e-01
6.821641304126172e-02 -3.660763849185121e-02
5.278613715479945e-01 -3.682495219329157e-01
7.888093366540273e-01 1.423772509133062e-01
3.277923094650768e-01 1.118843510938721e-01
1.000000000000000e+00 0.000000000000000e+00
3.361403854578116e-01 7.337675681802880e-03
-1.132551247488754e-01 3.292609908174553e-02
-2.118087102829838e-01 3.937568718700589e-01
-4.106038332659155e-01 2.401568947943829e-01
3.818501821072428e-01 5.629967577993125e-01
1.298774715496517e-01 1.845764744169017e-01
-5.311023271770644e-02 -2.739727892194994e-01
