
-0.158029303706966568599e-1 0.354949415987089831137e-2
0.195086064182201478489e-1 -0.523097044438998873134e-1
-0.814821464075897152734e-2 0.230751213666165254889e-1
0.172429283999228612801e-1 -0.182550904068810281010e-1
0.123681192442039945888e-2 -0.135512617454234145565e-1
-0.143999802922620442171e-2 0.147055962470101297931e-1
-0.954978460460943324388e0 -0.932448020120532818349e0
0.479843320864964777340e0 0.127522003455426362039e0
-0.454819324356913853814e0 -0.365586475713357493588e1
0.171026011900046043934e2 -0.177708487152822693211e2
0.428779681055374099850e1 0.116144210158741207645e2
-0.666279656449675247460e1 0.233278112360090449737e2
-0.140260417480204288062e2 -0.371644315406052303538e1
0.116679635278023756629e2 -0.292174201564323841023e2
0.305339366809469488911e2 -0.618453549235808082637e2
-0.154234159876766879990e-1 0.513924411283037488665e0
-0.681499176518497740829e-1 0.298796862769774706012e0
0.201865843188790070674e0 0.143862503375081912551e0
0.469664323209202491113e0 -0.233577627347987077945e0
0.950303961731703417354e0 0.165211803202766153705e0
0.350761293977403228460e0 0.366586376966219541063e0
0.100000000000000000000e1 0.000000000000000000000e0
0.456194751245988101780e0 -0.785079660831588943543e-1
-0.178749794700081514437e0 -0.246245500546712034844e-1
0.124786328420282175622e0 -0.820515858343847225161e-3
-0.478178685684710323071e0 0.600593661738327497354e0
0.583260703423119641572e0 -0.881379069184058838132e-1
0.145042234209887028939e0 0.836542061078866884717e-1
-0.969668771219110098368e-1 -0.240807134904532795842e0
