
-0.596053673065353561327e0 -0.167677921128778131680e1
-0.759607126453159771303e-1 -0.503348054910107715095e0
-0.118932575790277031428e0 -0.617432398925429302701e0
0.109039084828004982340e0 0.157465624885991636937e0
0.226945952008665240049e0 0.546701786836577596112e0
0.487014588237348578973e0 0.151931358640178967975e1
0.956011998117542754257e1 0.318743113419625525677e2
0.423577336701395089705e1 0.168427617726023371898e2
-0.143879114785633509027e1 -0.653057272919923360107e-1
-0.122144066598067017292e2 -0.939097022567660261252e2
0.272762964990010570686e2 0.183718338818714942984e3
0.581807502772576362188e2 0.108032295618313895651e3
-0.233921113936571006611e3 -0.862752353604710422452e3
0.117423826015793285535e3 0.415946139798498234819e3
-0.385783505704019302092e2 -0.105149327871858247078e3
-0.203377688948232463978e-1 0.435172825464972369677e0
-0.140801306292702991140e-1 0.138091270874002162999e0
0.391520989232490742935e-1 0.489212995502669949601e0
0.352804628035047117312e0 -0.708345847418466026239e0
0.100000000000000000000e1 0.000000000000000000000e0
0.633154717336894617584e0 0.473148413268577642220e-1
0.896234148292969760700e0 0.192741290642678910820e0
0.541044414331129797557e0 -0.149926710195391094682e0
-0.402260870471943256970e0 0.179079881739742198977e0
-0.226078936102039993242e0 0.913915839144678797957e-1
0.140746987408604604453e0 0.256032690654800723249e0
0.367133895665157271711e0 0.219239910155511995734e-1
0.370938641695736660983e0 -0.772071822926117199830e-1
-0.142670063626176199691e0 -0.221219971783117953492e0
