
-6.028917416653300e-02 -1.337956271222681e-02
4.064769316318339e-02 3.804036859930647e-02
8.833556466942472e-02 -5.449035347119061e-02
2.541861784659751e-01 -3.766423620617745e-02
1.281392805579541e-01 -9.342435768886347e-02
1.497538205926925e-01 -9.998464710315055e-02
-6.770129385170716e-01 -1.102940912071993e+00
-1.818391008058076e+00 -3.399281440011341e-01
6.637585391479999e-01 7.137868545539998e-01
-1.661289886467699e+01 -1.000185401026880e+01
4.596099886536265e+00 1.797450335694847e+01
5.713848330577934e+00 -1.606812229841787e+01
1.013191962219837e+01 -3.477663176298784e+00
-1.126112969889704e+01 -5.399892291627942e+00
6.480979242478624e+00 1.347951718656758e+01
-4.122121471660222e-01 1.280145478280232e-01
-1.825995462135602e-01 3.315441133888898e-01
6.202915883995835e-02 7.377802857849709e-01
-1.990440677171585e-01 -6.310338424075252e-01
7.982941295713187e-01 -2.610029085087641e-01
5.675689104476127e-02 -1.976631374973877e-01
1.000000000000000e+00 0.000000000000000e+00
6.260336849036192e-01 -5.758342021442320e-01
-1.178224586973723e-01 9.300200578365714e-01
-7.823076077565520e-02 -2.448420115297114e-02
-2.483619541664983e-01 1.860032145126749e-01
5.384273856487403e-01 2.350313268668529e-01
2.354228414407967e-01 -2.664442179736108e-01
-2.950396196969198e-01 -1.071661574672105e-01
