
5.472150017469967e-01 -5.485628968282207e-01
5.775026321293516e-01 -5.822154937613392e-01
2.690991453295635e-02 -2.666199996531875e-01
-5.257040241284093e-01 4.630150275407663e-01
-1.532300331586757e-01 2.559632222190804e-01
3.007295392920253e-01 -1.366979018700358e-01
-7.672816129783403e-01 -1.474668510832518e-01
3.711288301181072e-01 2.057100528956281e-03
-2.922216677019734e-01 -1.171228510671436e-01
-8.398235235850622e+00 -2.240244827339692e-01
7.500798011075485e+00 7.048526453864054e-01
1.937968544391923e+00 -2.840201971281188e-01
8.055943099145278e+00 1.216849660812953e+00
2.404335054923207e+00 -1.659500125303150e+00
3.422921367053461e-01 -9.928251780789835e-01
2.391617025482314e-01 4.150021776968303e-01
-1.193448649662286e-01 3.872371229857726e-02
5.611497961584658e-01 9.466654490969645e-03
1.970584893860565e-01 -2.480953291894573e-01
7.698114922426222e-01 -1.694594975690558e-01
4.763023802081494e-01 -1.004156466667258e-01
1.000000000000000e+00 0.000000000000000e+00
2.903456451113473e-01 -1.715015295897442e-01
-2.637363513246558e-01 1.353505842619715e-01
-1.921359915267496e-01 7.257098887878573e-02
-1.880955823243982e-01 6.410478867839770e-03
-1.288708123846373e-01 -1.035717720137766e-01
-3.041036462229945e-02 -1.226197591442821e-01
-5.255200705281066e-02 -1.736359735073279e-01
