
0.125429296956633268766e0 -0.257145262333978098801e0
0.132517526526236516048e0 -0.764620965777965380981e-1
-0.190741531951627846047e0 0.985566023162560561215e-2
-0.643491800241344832624e-1 0.710142489307123553672e-1
0.497913067468132686522e-1 -0.124643928638287564768e0
-0.610801169324987854938e-1 0.186131013403265743440e0
-0.118752080667270293415e0 -0.255619989495748438650e0
0.381409988916604440740e-1 0.404508372416323692071e0
-0.104074118343317050388e0 -0.131885894138843744509e1
0.620520764064237770980e0 0.599099324997551996395e1
-0.251606530729682517623e1 0.550874731348103848069e0
0.670737224043615710501e1 0.484095862345783558688e1
0.354467159902970201536e1 -0.782854856216168123843e1
0.696217214810140028192e1 -0.307432319049036528323e1
0.693901637617483816765e1 -0.960324273846655832292e1
0.351769135036124057741e-1 0.450844131657437480041e0
-0.113823743170659302579e0 0.240304233933685157314e0
0.102892844902611938819e0 0.880565965774648394491e-1
0.468809119691836210473e0 -0.417690993608054539062e0
0.887076267711169824920e0 0.961977825664535897134e-1
0.397437328515270593237e0 0.141468750737768226953e0
0.100000000000000000000e1 0.000000000000000000000e0
0.417396894688525663532e0 -0.410252274939839408739e-1
-0.206988122370957396788e0 0.390153180500181083991e-1
-0.888323925003411024500e-1 0.260631614944238610700e0
-0.346239401680883664988e0 0.335983324633945069102e0
0.456370909497130090675e0 0.282446814708683724914e0
0.182360823278709281516e0 0.104858960489838353675e0
-0.903807687963369341325e-1 -0.263638897247547521007e0
