
-2.246131446461582e-01 9.474107285816008e-02
8.475763579126999e-01 6.286079612025752e-01
-1.148473968302895e-01 -7.182064646215405e-01
4.770794238422774e-01 -4.542866259123429e+00
-2.424049119717136e+00 2.009106786391415e+00
2.162768632583953e+00 1.777934010093289e-01
5.402650239953259e-01 6.602446116611198e-01
-1.564258080803848e-01 -7.489238480269790e-01
9.623147904087642e-01 1.079710939605338e+00
-6.889225130302751e+00 -2.338436337212856e+01
-4.387656531711374e+00 4.427924127177610e+00
7.000775413901962e+00 4.933752497116272e+00
7.950513926285362e+00 5.779253307749599e+00
1.231788860497278e+01 -3.142723878782994e+00
8.544602299881033e+00 -1.308073981125921e+01
-3.573845736267738e-01 2.361557775951965e-01
-1.402975074873181e-01 2.941700516136900e-01
2.756502464375621e-01 7.943457363033506e-01
-3.390988220238468e-01 -5.243325314590634e-01
7.748508891329324e-01 -2.770123308299374e-01
3.681941465836132e-02 -1.669436496632749e-01
1.000000000000000e+00 0.000000000000000e+00
5.574407521209418e-01 -5.875603641165279e-01
-4.181849807787438e-02 8.321112942920345e-01
4.248554195910375e-02 -7.336490081819100e-03
-2.857940849246209e-01 1.070114867826279e-01
6.167130709653413e-01 -3.340035703800120e-03
1.839380009993045e-01 -3.609944855591771e-01
-2.737279719225443e-01 -6.966999434900631e-02
