
6.704590806927177e-02 -1.484937583551321e-02
1.504860591866013e-01 2.760154290189255e-01
4.053400781730397e-01 2.339643133712386e-01
-3.532328894412287e-01 -3.874919762400035e-01
-2.678009952976028e-01 5.605375413001216e-01
7.061061621586354e-01 -1.635951937561342e-01
1.371188365825762e-01 6.963363242028815e-01
9.924303972012502e-02 2.494638746373294e-01
1.318496000563896e+00 1.598656203860393e+00
-1.480081322807515e+01 -1.574337843424368e+01
8.018618126392155e+00 -8.149666301705546e-01
-1.720698395793853e+00 -2.102661365230789e+00
2.500750484804072e+00 1.906573973979442e+01
1.365988908799484e+01 7.631916237786585e+00
1.230006274327108e+01 -3.322361305550742e+00
-3.236408855437632e-01 2.949438587261047e-01
-1.300516699886907e-01 2.740874969845207e-01
4.126052556524385e-01 7.978825244325112e-01
-4.265509477545847e-01 -4.214695430501365e-01
7.364450730409926e-01 -2.657152331017569e-01
-1.152984877119095e-02 -1.434664865298582e-01
1.000000000000000e+00 0.000000000000000e+00
5.035453425824314e-01 -5.758397878087663e-01
2.081930710739199e-02 7.581024070368052e-01
1.404921927992567e-01 2.418031006097204e-02
-3.661179487833293e-01 4.246543339313369e-02
6.745698923593728e-01 -1.215074271268988e-01
1.313120585642624e-01 -4.069764690759257e-01
-2.518458491628731e-01 -4.948247854278622e-02
