
-0.145779544835545947154e0 -0.291263840034757037854e1
0.690660409971923047344e0 0.961294839276846037497e0
0.260668096440635078774e1 0.423777942684265749988e0
0.166406124614085466429e1 -0.895310809264211151582e0
-0.392046346716803178941e0 -0.156969994157198632306e1
0.146301766597780237870e1 0.490759039688472490000e0
-0.365570920350977072023e1 0.203578271981837131033e1
0.151209207350680709700e1 -0.206966285056747143390e1
-0.364834900055609759805e-2 0.489599877928957536279e0
0.105032442245078693087e2 0.204430394847749725123e2
0.162165565047909151462e2 -0.264815025894545641935e2
-0.331785079651436079912e2 0.193094142850540619466e2
0.379967600259516305149e2 -0.250403499329326769945e2
-0.102365948345013481032e1 0.553741277819185860522e1
0.391784947824635121985e2 0.159497602128758210558e2
0.126578970556956859486e0 -0.429363653424570260685e0
-0.150559707591942116829e-1 0.385851832833384107902e0
-0.887484551388376555561e0 0.177379453655616498264e0
0.640971961441560266880e-1 -0.953385401327598612845e0
0.665042759286594478815e0 -0.390547307019172570904e0
0.104241185618215922538e0 -0.211797229562010749335e0
0.266955137948314413494e0 -0.646255352495797936432e0
0.790403787775233293827e0 -0.184175295849839467397e0
-0.677332599287503431479e0 0.466202699204938483802e0
0.735481123300379225597e0 -0.526516333566514819326e-1
-0.173706140201281533929e0 0.894360045181591086720e0
0.100000000000000000000e1 0.000000000000000000000e0
0.553440255813419122949e0 0.681224563753705901752e-1
-0.439010771687430829193e0 -0.207109736104493856568e0
