
0.521347496524168208605e0 -0.247153298476228370405e0
-0.218374064129928430428e0 -0.108592517151312815613e1
-0.202159573767089187596e0 0.672679948312593750681e0
-0.341588595757952348032e1 0.520849129334065234667e0
0.170583281341283481245e1 0.367349976297921236449e0
0.110990339954802865905e1 -0.882294828667920257731e0
-0.137838083317094936618e1 0.190444616354971379220e0
0.345473032242278896243e1 -0.316960622569487053546e1
0.663758539148000000006e0 0.713786854554000000078e0
0.321258848357439981691e2 0.167222971517289036945e2
-0.116882179783302879682e2 -0.212710868021670393944e2
-0.245624069412361674195e2 0.788018334955587849760e1
0.458348418350778573464e2 -0.339183228869287516777e-1
0.331299661994891940127e2 -0.159662118735520287350e2
0.441949998268167352257e2 0.254499869920649235931e2
0.126578970556956859500e0 -0.429363653424570260658e0
-0.150559707591942117168e-1 0.385851832833384107929e0
-0.887484551388376555615e0 0.177379453655616498264e0
0.640971961441560267151e-1 -0.953385401327598612953e0
0.665042759286594478815e0 -0.390547307019172570904e0
0.104241185618215922552e0 -0.211797229562010749348e0
0.266955137948314413549e0 -0.646255352495797936486e0
0.790403787775233293827e0 -0.184175295849839467370e0
-0.677332599287503431533e0 0.466202699204938483829e0
0.735481123300379225651e0 -0.526516333566514819597e-1
-0.173706140201281533902e0 0.894360045181591086774e0
0.100000000000000000000e1 0.000000000000000000000e0
0.553440255813419122949e0 0.681224563753705901617e-1
-0.439010771687430829220e0 -0.207109736104493856581e0
