
1.597478846039626e+00 -1.725155326407680e+00
-1.020118359899658e+00 5.602333967324049e-01
7.349687852076806e-01 9.979810941943624e-01
3.604814300280908e-01 1.127319077301922e+00
2.375428859622178e-01 -7.489088017853168e-01
5.350770650449903e-01 5.697002735923639e-01
-7.069091568542109e-01 -9.995047125975226e-01
-3.661013992947415e-01 -1.701901515074832e+00
4.771078495091912e-01 3.677042962281539e-01
-3.815585404432025e+00 7.918430507103300e-01
-1.020233210109243e-01 3.267676761807468e+00
1.933348891755742e-01 -6.326528056602241e+00
1.659010593553502e+01 4.845045837271371e-01
1.053506098344851e+00 -1.594275754179636e+01
1.303580894585987e+01 1.624810900935557e+01
1.265789705569568e-01 -4.293636534245702e-01
-1.505597075919420e-02 3.858518328333841e-01
-8.874845513883765e-01 1.773794536556164e-01
6.409719614415603e-02 -9.533854013275983e-01
6.650427592865943e-01 -3.905473070191725e-01
1.042411856182159e-01 -2.117972295620107e-01
2.669551379483142e-01 -6.462553524957977e-01
7.904037877752331e-01 -1.841752958498394e-01
-6.773325992875031e-01 4.662026992049385e-01
7.354811233003791e-01 -5.265163335665143e-02
-1.737061402012815e-01 8.943600451815910e-01
1.000000000000000e+00 0.000000000000000e+00
5.534402558134192e-01 6.812245637537054e-02
-4.390107716874307e-01 -2.071097361044938e-01
