
0.426579020008361180536e0 -0.199024899129768009586e0
-0.592924073349798670760e-1 -0.152129757385729234712e1
-0.106628597848577417261e0 0.399983216885899200255e0
-0.480780456887887673503e1 0.687364159024454386498e0
0.249792060854177794650e1 0.271372802056679789649e0
0.122351903466475534724e1 -0.111644645623886773565e1
0.810362275710271470937e0 0.118433260380618684417e0
-0.169582194476264153495e1 -0.622045919379010057765e0
0.864827798380916310612e0 0.578253955314501457091e0
-0.249324169159788276377e2 -0.218645085185424917270e2
0.134361634308659089892e1 0.114665660105201755196e2
0.180257850617130899566e2 0.113780034365573384683e1
-0.173662660280329927010e1 -0.268693660039673400640e1
-0.199788730652879486323e1 -0.580974092984061396159e1
-0.832767410181117173802e1 -0.113199068785562243925e2
0.126578970556956859486e0 -0.429363653424570260631e0
-0.150559707591942116829e-1 0.385851832833384107848e0
-0.887484551388376555398e0 0.177379453655616498237e0
0.640971961441560266880e-1 -0.953385401327598612791e0
0.665042759286594478707e0 -0.390547307019172570849e0
0.104241185618215922518e0 -0.211797229562010749294e0
0.266955137948314413494e0 -0.646255352495797936432e0
0.790403787775233293718e0 -0.184175295849839467397e0
-0.677332599287503431371e0 0.466202699204938483693e0
0.735481123300379225597e0 -0.526516333566514820139e-1
-0.173706140201281533821e0 0.894360045181591086720e0
0.100000000000000000000e1 0.000000000000000000000e0
0.553440255813419122895e0 0.681224563753705900939e-1
-0.439010771687430829166e0 -0.207109736104493856527e0
