
2.168324156792114e+00 -2.414109317855470e+00
-2.367565043685839e-01 -6.016990148611858e-01
1.249220960480323e+00 2.312420871545307e+00
9.765052573738734e-01 2.573979868081299e+00
2.122900625036671e+00 -9.668661490273722e-01
-6.361244363628999e-01 7.102000146777139e-01
-9.801844990195760e-01 8.953038826187221e-01
6.504544074698321e-01 -5.348526828102033e-01
-2.385067454712536e-02 9.082067635172708e-01
1.699254274106397e+00 6.355686842720117e+00
5.243206736431371e+00 -9.939613418124939e+00
-5.106728000808245e+00 2.346634398506094e+00
8.738032550911209e+00 -4.128903032954920e+00
7.627052418297864e+00 7.741877606924668e+00
1.541823474344074e+01 1.268553358106109e+01
1.265789705569569e-01 -4.293636534245703e-01
-1.505597075919421e-02 3.858518328333840e-01
-8.874845513883763e-01 1.773794536556164e-01
6.409719614415593e-02 -9.533854013275985e-01
6.650427592865944e-01 -3.905473070191725e-01
1.042411856182159e-01 -2.117972295620107e-01
2.669551379483144e-01 -6.462553524957977e-01
7.904037877752330e-01 -1.841752958498394e-01
-6.773325992875032e-01 4.662026992049384e-01
7.354811233003792e-01 -5.265163335665154e-02
-1.737061402012815e-01 8.943600451815910e-01
1.000000000000000e+00 0.000000000000000e+00
5.534402558134192e-01 6.812245637537061e-02
-4.390107716874307e-01 -2.071097361044938e-01
