
-5.216664655453138e-01 -3.354727281046325e+00
-3.461209222346804e-01 2.137207502025078e-01
-1.831031734661975e+00 -1.638968969959055e+00
-3.662090436770139e+00 3.081748715589031e+00
1.241335957475939e+00 -1.323535746867012e+00
2.927653221457752e+00 6.831241477021919e-01
-6.870183763769999e-01 9.400115308520000e-01
7.752784799660002e-01 8.691393860050001e-01
5.044266834239542e-01 -8.373180619384875e-01
-4.076624382280787e+00 -8.524127826891249e+00
7.727504166941994e-01 1.265353646021737e+00
-3.344309734187672e+00 1.274206313943409e+01
2.466253291147132e+01 -9.712292578318333e+00
8.907768254500297e+00 5.926005964821605e+00
9.922364748535074e+00 -2.654281730944907e+01
1.265789705569567e-01 -4.293636534245704e-01
-1.505597075919410e-02 3.858518328333843e-01
-8.874845513883769e-01 1.773794536556168e-01
6.409719614415593e-02 -9.533854013275989e-01
6.650427592865946e-01 -3.905473070191730e-01
1.042411856182159e-01 -2.117972295620109e-01
2.669551379483144e-01 -6.462553524957980e-01
7.904037877752336e-01 -1.841752958498397e-01
-6.773325992875033e-01 4.662026992049387e-01
7.354811233003793e-01 -5.265163335665166e-02
-1.737061402012814e-01 8.943600451815913e-01
1.000000000000000e+00 0.000000000000000e+00
5.534402558134193e-01 6.812245637537048e-02
-4.390107716874310e-01 -2.071097361044937e-01
