
1.490743399369523e-01 -1.057064752945353e+00
-4.592941008936965e-02 -2.875826475725325e-01
1.080794174289751e+00 -2.114109951044169e-01
-2.207286707046834e-01 -6.254808868394135e-01
-5.588631913334040e-01 -5.365805072550364e-01
8.792880600946893e-01 -7.703518676272231e-02
-1.001360625791314e+00 -2.963256627448942e-01
8.771968817329631e-01 7.550759578163283e-01
4.665492723950821e-01 1.756455955649747e+00
-2.300845101828796e+01 1.787445897128301e+01
2.098763988714898e+01 -7.032067551054866e+00
-7.411701706169755e+00 -2.113284768729203e+01
9.796522862040760e+00 1.644879415075465e+01
6.032637175655192e+00 1.672263810584164e+01
-6.062816877613075e-02 4.017584587439884e+01
1.265789705569569e-01 -4.293636534245703e-01
-1.505597075919426e-02 3.858518328333841e-01
-8.874845513883767e-01 1.773794536556164e-01
6.409719614415610e-02 -9.533854013275986e-01
6.650427592865948e-01 -3.905473070191726e-01
1.042411856182160e-01 -2.117972295620108e-01
2.669551379483145e-01 -6.462553524957979e-01
7.904037877752333e-01 -1.841752958498394e-01
-6.773325992875034e-01 4.662026992049385e-01
7.354811233003794e-01 -5.265163335665142e-02
-1.737061402012817e-01 8.943600451815912e-01
1.000000000000000e+00 0.000000000000000e+00
5.534402558134192e-01 6.812245637537065e-02
-4.390107716874309e-01 -2.071097361044939e-01
