
-1.316891530491900e-01 -3.707127422215960e-02
-8.865335785211205e-01 -1.557293454030884e+00
-5.416434226168808e-01 -7.016924087343929e-01
-2.268689795673226e+00 2.741784440576776e+00
1.430657994862582e-01 -1.675606392857258e+00
6.628516288872476e-01 -1.023663418266715e+00
-6.870183763769998e-01 9.400115308520000e-01
7.752784799660001e-01 8.691393860049998e-01
9.327101748578199e-01 -1.968935635538631e-01
-3.710450093610971e+00 -3.431842590330330e+00
3.798769635685185e+00 -4.825383389962156e+00
-8.188672767810550e+00 8.672647348892468e+00
1.959325834565893e+01 1.658064985587324e+00
1.250676345625058e+01 9.012389941011147e+00
1.849010701551675e+01 -1.596358702070659e+01
1.265789705569569e-01 -4.293636534245704e-01
-1.505597075919424e-02 3.858518328333843e-01
-8.874845513883768e-01 1.773794536556165e-01
6.409719614415610e-02 -9.533854013275986e-01
6.650427592865946e-01 -3.905473070191726e-01
1.042411856182160e-01 -2.117972295620107e-01
2.669551379483147e-01 -6.462553524957979e-01
7.904037877752335e-01 -1.841752958498394e-01
-6.773325992875038e-01 4.662026992049386e-01
7.354811233003793e-01 -5.265163335665168e-02
-1.737061402012817e-01 8.943600451815912e-01
1.000000000000000e+00 0.000000000000000e+00
5.534402558134193e-01 6.812245637537057e-02
-4.390107716874309e-01 -2.071097361044938e-01
