
6.820260097848820e-01 -1.140613138108790e+00
1.504870044270419e-01 2.879570543301893e-01
7.889288292399597e-01 -8.469254436528659e-02
-9.614476609830640e-01 -7.318998229531670e-01
-3.096984517535663e-01 2.240280590053387e-01
9.772304720730385e-01 -1.501317623506195e-01
-9.530288634637917e-01 7.701924817400903e-01
1.258746021779356e+00 -5.508364707833103e-01
6.637585391480001e-01 7.137868545539999e-01
5.081947700536881e+00 2.473435221306479e+00
3.734633445643962e+00 -9.239812536645344e+00
-1.251211660236426e+01 4.265231170286921e+00
1.663690212485342e+01 8.358083660568827e-01
1.618859717085441e+01 3.998213445844053e+00
2.586237083288872e+01 5.678748883847637e+00
1.265789705569568e-01 -4.293636534245702e-01
-1.505597075919424e-02 3.858518328333840e-01
-8.874845513883763e-01 1.773794536556162e-01
6.409719614415604e-02 -9.533854013275984e-01
6.650427592865942e-01 -3.905473070191723e-01
1.042411856182159e-01 -2.117972295620107e-01
2.669551379483143e-01 -6.462553524957977e-01
7.904037877752330e-01 -1.841752958498393e-01
-6.773325992875032e-01 4.662026992049382e-01
7.354811233003788e-01 -5.265163335665143e-02
-1.737061402012815e-01 8.943600451815910e-01
1.000000000000000e+00 0.000000000000000e+00
5.534402558134190e-01 6.812245637537058e-02
-4.390107716874308e-01 -2.071097361044938e-01
