
-0.207493112336343410999e-1 0.673151531436075244402e-1
-0.166293476959425163719e-1 0.289763732345237032746e-1
0.415561372382617594987e-1 0.280678652137342098233e-1
-0.107195369012793132824e-1 0.116692597698343086702e-1
0.162947387735598683222e-1 0.173252489613064332191e-1
0.277206092950835225308e-1 -0.224955446677515427754e-1
0.196620076077379029005e1 0.110914367271785951213e1
0.235719406006435150793e1 0.132507149215404395454e1
0.116055778498085953448e2 -0.800837280257851742357e1
0.100813346571812894284e3 0.297278415849677517743e2
-0.295601396741559562936e3 0.115757143293279093077e2
0.208389746386501977498e2 0.482146309738059816244e2
0.603958076150706768159e3 -0.126762489805666629536e3
0.227069207063055583350e2 -0.257929530415947624433e1
0.534704710640964975335e2 -0.626626231570632645576e2
-0.269981164339735916698e-2 -0.477363423764253848634e-2
-0.430114326809046262088e-3 0.162141304721554669856e-2
0.543186919390984354042e0 0.461322794509441529815e0
-0.843599776282054346319e-1 -0.183744055067505427130e0
-0.186632484153164592263e0 -0.127729845585986494737e0
-0.465267691171045185149e0 -0.592365638322629377250e-1
0.100000000000000000000e1 0.000000000000000000000e0
-0.427997685130922511681e0 -0.881557517000645156981e-1
-0.170936109501273970378e0 0.580798768670326109051e0
-0.111009331752424220093e0 0.441069698006951628835e0
-0.339192840047296921872e0 -0.537833427385853289626e0
-0.534634006707191372198e-1 0.523777527191912344214e0
-0.242339749928424839719e0 -0.639976905410133429109e0
0.127011162037375678738e0 0.242960287768998877759e-2
