
2.539388101360638e-01 1.453625489231661e-01
-6.524407668482071e-02 -2.545057302016067e-02
1.408247143601365e-01 9.865741092534083e-02
1.634322879110979e-02 3.722569544935979e-03
-3.681862246985682e-02 -1.838565970772629e-02
7.713017732796987e-02 6.527148899363938e-02
-6.964195422224105e-01 7.877778412188409e-01
1.467484301984166e+00 6.537376703418769e-01
1.512375781349020e+00 -3.523869357802369e-01
8.283051727132360e+00 -5.927584492513265e+00
-4.618502274989048e+00 -4.135754210209168e+00
-1.534470855072171e+01 1.013806752857755e+01
3.324519067628148e+01 3.880875591364906e+00
2.199736104171355e+01 4.620612077999610e+00
3.358273636294711e+01 -1.985287653334888e+01
-5.187801844682687e-02 -1.455930983573779e-03
-4.376389438200994e-02 3.993674693710404e-03
9.203602995780726e-02 1.140505562741765e-01
5.133033454841005e-01 -1.613719943240924e-01
-4.836570079248918e-01 1.059880227499343e-02
-5.707675992665172e-01 2.958382214800525e-01
1.000000000000000e+00 0.000000000000000e+00
-6.924526816462555e-01 1.971648585021939e-01
-4.778849947765365e-01 2.905553985528600e-01
-5.567940837085859e-01 2.198729354916768e-01
-2.449560791109190e-01 1.132837885250134e-01
-3.634322786396898e-01 7.407802203387645e-01
-1.940288400619941e-01 -3.187213460514474e-01
2.197633147079520e-01 -4.359799956655604e-02
