
-1.024895502907463e-01 1.570356560715080e-01
-3.215571632667626e-01 1.688340913747181e-01
-2.330383668466066e-01 1.407797732934604e-01
2.029050600033095e-01 5.217381698407283e-03
3.170302076786372e-02 -1.979347703334429e-01
-1.454012596536261e-01 4.023110234842468e-02
-1.844159479246631e-01 1.938633657110541e-01
-1.569290779066246e-01 1.667959582694213e-01
6.637585391480000e-01 7.137868545539998e-01
-1.238989781000290e+01 -6.071269690763769e+00
5.666818148982612e+00 2.289251233887028e+00
2.140096967263523e+00 -3.439368012766463e+00
5.800374331696777e+00 4.073311235153426e+00
6.137791068741351e+00 4.337033959448213e+00
6.589523478306126e+00 1.997958455610343e+00
-5.869806945016353e-03 5.043671482610191e-02
5.515332276921830e-02 9.423102093052263e-02
-2.808881481786781e-01 4.302863309702366e-01
6.226241624848422e-01 -5.574238150287940e-01
-3.701890768500443e-01 1.540088992042512e-01
-4.768384588640444e-01 4.593919237838465e-01
1.000000000000000e+00 0.000000000000000e+00
-5.334562597823287e-01 2.874159278453408e-01
-7.027919586196673e-01 2.839597233350808e-01
-5.351279390679994e-01 4.279925168502407e-01
-4.221945824790359e-03 3.760428085906690e-01
6.079228362144970e-02 8.253495812552961e-01
9.229651814090989e-02 -2.925987563971768e-01
1.597975905523652e-01 -1.010510258915948e-01
