
-5.270530412298369e-02 -4.405898383816985e-02
1.618406416549981e-01 -1.479583147692963e-01
2.189337171372946e-01 -5.972998374684590e-02
3.991004729769998e-01 5.750346462566791e-01
9.566002851625782e-02 7.180514316126282e-01
-2.513059256411792e-01 7.063064916937235e-01
-1.967569949952764e-01 -1.213885796130394e-02
-1.627742677716606e+00 -6.403279731726454e-01
-4.528187068147789e-01 -1.781517479970923e-02
9.329982159358440e+00 6.087557535174843e+00
-1.487391392580825e+01 -6.750603357907710e+00
1.586620435682459e+01 2.609954194228037e+00
6.049593864295921e+00 2.333511833098526e+00
-7.125606620336736e+00 -4.199005320320775e+00
1.007407904187573e+01 4.858131631467542e+00
8.307502468401203e-03 -1.885192542175464e-02
1.131773209861286e-02 -9.108313520185223e-02
-1.080450035578783e-01 7.897705518421819e-01
9.504712884470295e-02 -8.429818581830645e-01
1.928902676608044e-02 2.176126091322123e-01
-1.639410812803324e-01 5.497230003903294e-01
1.000000000000000e+00 0.000000000000000e+00
-1.937198400104997e-01 1.659685158563938e-01
-7.061083349910698e-01 3.688583081937494e-01
-2.815179884612796e-01 5.064629437451084e-01
2.162989617111656e-01 6.333789029125285e-01
6.651433453439191e-01 3.340316968841609e-01
2.529990040586648e-01 -1.427988158581651e-01
-2.569822214923640e-02 -1.470082368139349e-01
