
1.388759685221294e-01 2.623882301139759e-02
2.379864352922169e-01 3.096113260888662e-02
1.421991306008029e-01 1.545825412568464e-02
3.813845179013127e-01 -1.344777503523987e-01
1.819657287510147e-01 2.065501014217019e-02
8.526496718893348e-02 9.053669686158519e-02
-4.670273698644374e-01 -3.191863745963481e-01
-1.842141491421876e+00 -1.802474612223879e-01
5.115877610771008e-01 1.840354591624189e-01
-1.192270313099743e+01 -2.967064084829301e+00
2.526987982254593e+00 4.586396158714854e+00
7.438006411420035e+00 -3.936912116701623e+00
3.045275394763678e+00 -3.178916603629505e-01
-8.955501278796040e+00 -2.494985039880138e+00
8.877427736233759e+00 3.284955745192249e+00
1.862792710720027e-01 2.981379497023916e-02
4.502520673172621e-01 -4.140017893214085e-02
-1.918598711461684e-01 4.498183260350392e-01
-1.881547411617464e-01 -9.161161345341323e-01
1.060170461466255e-01 5.558212921617213e-01
5.568296976139160e-01 5.365247734921258e-01
-6.115726253162121e-01 -7.506406121781575e-01
4.559820727925783e-01 7.146733311661493e-01
1.306737516803106e-01 3.288751202514761e-01
5.078447807215017e-01 4.212059360213272e-01
5.418039249255304e-01 5.471848240740149e-02
1.000000000000000e+00 0.000000000000000e+00
-1.300780858706133e-01 -6.284213803557391e-02
-5.920619961870439e-02 -1.913330599525271e-01
