
0.623669218774970081401e-2 -0.241117848147290775223e-2
0.895512868380595819630e-2 -0.164888962615371085799e-2
0.578780181771957298121e-1 -0.720779458875768988710e-2
-0.164763734518984734757e-1 0.174969164353834623493e-1
0.206767956506712141711e0 -0.201724796948154597344e-1
0.102396812641487726634e-1 -0.150857379539105545975e-1
0.894701844301830977678e0 0.109566069152049397835e0
-0.916286142763787851988e0 0.240296549838817158953e-2
0.346772172816702170832e1 0.714378358922211077666e0
-0.843203911982397973507e2 -0.188063412178848584355e2
0.327433477226088395090e2 0.781225973677839215931e1
0.472687006886011165706e1 -0.117352787736466831407e1
0.234741618744433278368e2 0.836363331280704970852e1
0.122254451378877617134e1 -0.127791064816697089840e1
-0.328971325900276256558e2 -0.102926072548270322532e2
-0.170717295669790625633e-1 0.101146853162238698624e-2
-0.335517293952354716633e-2 0.114697887887588098449e-1
0.221655565892410386604e0 0.410825644448320058671e0
0.212010960848309393554e0 -0.278527238534174155656e0
-0.283558257954436293292e0 -0.545260306997114388235e-1
-0.445290984604144227062e0 0.189805691106616059946e0
0.100000000000000000000e1 0.000000000000000000000e0
-0.518460078596721964095e0 0.512195573603818885732e-1
-0.456290354278341055578e0 0.429698845712628453624e0
-0.329254604524085521923e0 0.313388350011762247444e0
-0.106272329925507058861e0 -0.448703911414592525043e-1
-0.117478006915290396833e0 0.491869139615345066490e0
-0.767879367462633577050e-1 -0.479498770495157588102e0
0.136724469294137520686e0 -0.171940873109257338105e-1
