
-5.695622623164343e+01 7.193764663861400e+01
-5.510661265119994e+01 8.011458274377202e+01
-3.088179425996515e+01 4.876234220868284e+01
3.576677370854172e+01 1.094678294025499e+01
3.637622679141291e+01 -4.609896476994069e+01
2.118945252310171e+01 -8.288442957886899e+01
-2.283771532843645e-01 -7.996871921278781e-02
2.623479913554909e-01 2.556176918609916e-01
-9.607610080369799e-02 -1.097217067959277e-01
-7.971323764263671e+00 -8.769196692695185e-01
4.189091706282659e+00 2.033723770267932e+00
5.533625112940860e+00 -9.754617683087274e-01
3.594627830891361e+00 -2.540612140546244e-01
6.161214415035617e+00 8.309613773580433e-01
1.199945991775978e-01 -1.708986127093089e+00
-4.875574601896394e-04 -3.588271635358098e-02
-3.063695112228021e-02 -1.420128269264899e-01
1.258199915283958e-02 8.003072279190172e-01
-6.772344498754884e-02 -8.626283326484844e-01
1.079993753847457e-01 2.546747113841213e-01
-1.166811567677078e-01 5.086881870677106e-01
1.000000000000000e+00 0.000000000000000e+00
-7.912657877310500e-02 1.259574989606373e-01
-5.793707406259617e-01 4.504519504987797e-01
-2.537859419906239e-01 5.598462749289221e-01
1.266729740919081e-01 5.600755414914464e-01
7.544489785486252e-01 3.609562664597829e-01
1.671818676748242e-01 -7.919017381327735e-02
-5.768044267460649e-02 -1.732601975306732e-01
