
-7.397729268456217e-01 -9.751775312534389e-02
2.324978896365723e-01 4.607009856277495e-01
-1.574839208225725e-01 -5.233693849530371e-02
1.726628455458964e-01 -3.123413931285532e-01
3.145120656498020e-02 1.103773486879996e-01
-3.220055035643928e-02 -1.803840983059625e-02
1.913008777163383e-03 -3.734977527500678e+00
-2.453011573981311e+00 -2.252749238397737e+00
5.115877610771005e-01 1.840354591624181e-01
-1.529350379766248e+01 1.027143278858572e+01
-3.396456880700724e+00 1.603805707730810e+01
1.616299767002909e+01 -3.040944222956958e+01
5.714379896702215e+00 1.228639541445811e+01
-1.294523915777108e+01 -3.407719284611395e+01
5.980489629964554e-01 4.446068472490634e+01
1.862792710719535e-01 2.981379497012782e-02
4.502520673171728e-01 -4.140017893255635e-02
-1.918598711462399e-01 4.498183260350720e-01
-1.881547411613942e-01 -9.161161345342992e-01
1.060170461464223e-01 5.558212921622229e-01
5.568296976140155e-01 5.365247734924758e-01
-6.115726253160957e-01 -7.506406121777659e-01
4.559820727923298e-01 7.146733311669982e-01
1.306737516796441e-01 3.288751202510722e-01
5.078447807216016e-01 4.212059360214067e-01
5.418039249256074e-01 5.471848240720731e-02
1.000000000000000e+00 0.000000000000000e+00
-1.300780858705766e-01 -6.284213803563567e-02
-5.920619961847759e-02 -1.913330599526872e-01
