
0.670459080692717362358e-1 -0.148493758355132730985e-1
0.150486059186601136921e0 0.276015429018925154294e0
0.405340078173039815095e0 0.233964313371238808134e0
-0.353232889441229038971e0 -0.387491976240003512276e0
-0.267800995297602720258e0 0.560537541300121787283e0
0.706106162158635329302e0 -0.163595193756134413285e0
0.137118836582575968577e0 0.696336324202881453175e0
0.992430397201250255246e-1 0.249463874637329632080e0
0.131849600056389602539e1 0.159865620386039296015e1
-0.148008132280751467762e2 -0.157433784342436664753e2
0.801861812639216619842e1 -0.814966630170553272931e0
-0.172069839579385441863e1 -0.210266136523079225258e1
0.250075048480407247141e1 0.190657397397944106225e2
0.136598890879948417394e2 0.763191623778658100475e1
0.123000627432710759185e2 -0.332236130555074069015e1
-0.114173197222252603779e-1 0.172383016827220010582e-1
0.173017256962685409022e-1 0.275298771728358435835e-1
0.984520271293642227381e-3 0.515224015859508080732e0
0.330727244674856071772e0 -0.485733220918566875628e0
-0.274423854393572554182e0 0.604381072285736180481e-1
-0.374883727377036725284e0 0.322563009333072714548e0
0.100000000000000000000e1 0.000000000000000000000e0
-0.470695273482897506346e0 0.166854705341820253048e0
-0.613741738901958091223e0 0.425271642737401544296e0
-0.428007784778826116105e0 0.398051216220047615027e0
0.761782500526907487156e-1 0.139370744599343742855e0
-0.132271395611355825877e-2 0.583835651755060439701e0
0.530751687459028573780e-1 -0.414417251337519675287e0
0.125355378490723504608e0 -0.587122293881673012618e-1
