
-0.711892116322957556622e0 0.222347044727825961032e0
-0.534833227809846993421e0 -0.281603605976202818370e0
0.366788948317673611766e0 0.211075426272453535150e0
-0.524920962187244875889e-1 -0.421708701392896973892e0
-0.185259938215768377319e0 0.189394007289424314811e0
0.764384212541682044224e0 0.199361656665071012846e0
0.460932346355730895615e0 0.109085610823561901918e1
-0.263148615491695242192e0 0.260769026521214323014e1
0.152713548516231369470e1 -0.843041890161795846664e0
-0.976776378195133067155e1 0.303311755098530706279e2
-0.129534167159584087756e2 -0.291177866217619229702e2
0.753053882714951268191e1 0.805356266270832160670e1
0.360620207533939265698e2 0.222551143403713403146e2
0.874143970948350417308e1 0.242933224370772011362e2
0.577580766567287393065e1 -0.372841418310740813514e1
-0.501006929508334701340e-1 -0.262009063356206983537e-1
-0.229694998705831605266e-1 -0.178713813780093341859e-1
0.289889540859960457794e0 0.241200486770106166466e-1
0.491937488409253637322e0 0.704980331818091791895e-1
-0.596194128522752039682e0 -0.159653899371152195117e0
-0.638468768577275515145e0 0.222623222462977414195e0
0.100000000000000000000e1 0.000000000000000000000e0
-0.865006153791924305607e0 0.693958451796171982599e-1
-0.434080331271612489860e0 0.310563644160848784136e0
-0.604161491128354934306e0 -0.165740401302701131719e-2
-0.226033819864386855344e0 0.272157139269111296166e-1
-0.717449027451759320300e0 0.552434426876582710460e0
-0.298749416843722847561e0 -0.447461534036210743901e0
0.260707182102941383158e0 0.417440321730396286944e-1
