
0.322898240885147693775e0 0.142565011300840825518e1
-0.560877002151635587759e0 -0.101326697972414311812e1
0.314326631425540727223e-1 0.390396583168514109196e0
0.650757755676528663077e0 0.646901709467026679536e0
-0.110230965333995046296e0 -0.290070817427646995861e0
-0.650749834850533792860e-2 0.104738335658688530207e0
0.267785186526644193930e2 0.211438617719270916060e2
0.811991851253168699966e1 0.108977938508828993761e2
0.679463845358993717661e0 -0.397994935736970467736e-1
-0.157874423762474491356e3 -0.953769016638914997122e2
-0.103318326862085481187e3 -0.801142299384960120817e2
0.257742731128990017114e3 0.178971922435456993639e3
-0.668371540147821680822e2 -0.557842421528917071193e2
0.176051363146608511587e3 0.172517929411884234608e3
-0.362341543807709673131e3 -0.274726959146202617063e3
-0.943581589495544298911e-1 0.272729075677567627828e-1
-0.189524188295995133847e0 0.641461128671527743001e-1
-0.478870915591172894209e-2 0.953131713833843583443e-1
0.373459745241204801544e0 -0.184140415079753598241e0
-0.249823253526932705348e0 0.454757107149328930302e-1
-0.461462045043708208561e0 0.270769850231697399459e0
0.100000000000000000000e1 0.000000000000000000000e0
-0.433522134897394409447e0 0.100284360737985924272e0
-0.423885052061302124664e0 0.275515512638748034241e0
-0.508961363184462259074e0 0.297779177435767927913e0
-0.264922874515971170230e0 0.318643867420921821445e0
-0.100576600333579723404e0 0.684256144709185908743e0
-0.359914926203619301034e-1 -0.853456895000349484830e-1
0.101488879412667036035e0 -0.795182196515905372205e-1
