
3.478104793455997e-01 2.022475590135722e-01
-4.133883835935895e-02 -3.852708509030219e-01
-4.881162517418851e-01 -7.728328872537196e-01
-7.681081479088725e-01 5.527169818787572e-01
-1.408801099513215e+00 1.451229171107724e-01
4.202976685632728e-01 -7.549645408923291e-01
-3.501023792368724e-01 -1.211060170265983e+00
-4.603729801718275e-01 -3.662794478759742e-01
-1.353957984873717e+00 -2.683861718749865e+00
1.815228974154635e+01 2.472966974109832e+01
-7.614659148116001e-01 -2.013183150952209e+01
8.646445334268090e+00 1.375867816508431e+01
-3.048885495289395e+01 2.220729784901525e+01
4.773843706031161e+00 -2.277888840974479e+01
1.791737084053395e+01 -1.393927737968503e+01
-1.050278665001488e-02 8.625221401413728e-03
-1.109460689201194e-02 4.806227706347714e-03
1.243353245455412e-01 1.073146516885358e-01
-2.685886512703967e-01 -2.131791738502156e-01
4.041130643524121e-02 9.923437825340502e-02
6.009601676176319e-01 2.114153893795656e-01
-2.935226731012679e-01 -5.769219811657680e-01
1.753584209271809e-01 3.204930285109842e-01
-6.674758376341197e-02 4.510930845959787e-01
2.412607274620859e-03 -2.426289752820291e-04
1.000000000000000e+00 0.000000000000000e+00
-1.691662898874723e-01 -4.803242922417845e-01
9.740391755291017e-02 -1.407274200378647e-01
-6.687763551667981e-02 2.590564535800872e-02
