
6.623794889343558e-01 -5.030882120650193e-02
5.540836294508591e-01 -1.106013542285131e-01
-1.455593831040702e-01 -9.363463111939339e-02
-6.263822318208252e-01 1.063389598587788e-01
2.536895604286364e-01 1.466066720307366e-01
1.090593888725624e+00 1.185626542639420e-01
-1.233565281410948e+00 -1.856896938754978e-01
8.159213467660795e-01 1.399925692521899e-01
-3.323490823134267e-01 -2.620244312802353e-02
-1.195989531383868e+01 -1.343858573736985e+00
1.342794237596721e+01 2.153198822292447e+00
-3.327153797243625e+00 -1.848150829988950e+00
1.280031780162074e+01 1.890167209537545e+00
1.793474691535242e+00 -5.835647647833441e-01
-8.404224877820634e-01 -5.463086358005593e-01
8.649713428901685e-03 -2.329608611528890e-02
7.585688447642749e-03 -1.064485537074063e-01
-8.228548515214767e-02 8.026235548619365e-01
5.835331131898586e-02 -8.641784196236721e-01
3.885518344975854e-02 2.365694503111926e-01
-1.521955953888608e-01 5.451374955022440e-01
1.000000000000000e+00 0.000000000000000e+00
-1.621374521558206e-01 1.661550888822417e-01
-6.779887546380157e-01 3.952708581080087e-01
-2.756362495777566e-01 5.275722632516652e-01
1.924648250218176e-01 6.098989308311734e-01
6.960954968738825e-01 3.550938370669330e-01
2.259497448169434e-01 -1.309447903866409e-01
-3.141969879111642e-02 -1.576717819384343e-01
