
1.063354401945437e-01 8.968027686310226e-02
1.360942725297548e-01 5.602813986636285e-02
-1.013646471281804e-01 3.581917762641840e-02
-9.454071944142442e-02 2.358994149484392e-02
3.589046962298337e-03 1.092259978238469e-01
-1.179472075311933e-02 -1.132702183579462e-01
-4.843565937356197e-01 8.998570548055911e-01
3.077586855869548e-01 -3.645877302630241e-01
-6.706894898019482e-01 1.089165143164967e+00
2.748152339052170e+00 5.556358059741378e+00
1.930714534350241e+00 -8.261083890862585e+00
5.110693843658451e+00 4.184728135576488e-02
-2.643852550722435e+00 -4.547467798895489e+00
5.605966564159679e+00 1.009794988840139e+01
5.768848600950489e+00 1.474724045778022e+01
9.067475543275902e-03 4.694114368354266e-03
4.601034519554464e-02 -2.684735773131448e-02
-1.471818403261312e-01 7.880741900109129e-01
2.513731566132596e-01 -7.991317284972550e-01
-1.290530104652647e-01 1.706920485570886e-01
-1.907567970377448e-01 4.956996670836547e-01
1.000000000000000e+00 0.000000000000000e+00
-3.179548317103015e-01 2.250498248177338e-01
-8.104080643591007e-01 4.480293090738001e-01
-4.064526590217750e-01 4.713669205799593e-01
3.765485179113858e-01 4.330610337491348e-01
3.278196805033663e-01 4.157787327622408e-01
2.602154580616187e-01 -3.406339777959942e-01
4.586464578404052e-02 -1.029918275901899e-01
