
-0.793691451612841738773e-1 -0.762460641126212447722e-1
0.648449404330224299945e-1 -0.372958951590636830690e-1
0.865181960119804613937e-1 0.459671270782627305216e-1
0.596288351800922325976e-2 0.571184866400877337973e-1
-0.332227133350460084911e-1 0.854383216244363014275e-1
0.734062616432749506210e-1 0.191275774725335109782e-1
-0.886310715155426938729e0 0.122167311793794990723e1
-0.750254778051245962978e0 0.267283650435381442282e0
-0.256148535874789514441e1 -0.695213427198286071666e0
0.173105180908076429769e2 0.158793597825094377927e2
-0.246592760051031777355e2 -0.450689845483481158102e1
0.267512378525019659768e2 0.835745954654953709939e1
0.289676995281512752057e2 -0.391352801737218449901e2
-0.182949334173192738068e2 0.146160201249040998675e2
-0.161288308628866020288e2 0.550944608614962672791e1
-0.643466646858931204397e-2 0.220464914352970374535e-2
-0.153047000595062863878e-1 -0.144592181125414969881e-1
0.271481596440646490669e0 0.574468083507446733199e0
-0.326812885394319788400e0 -0.530671752739055771107e0
0.481449107627398241777e-1 0.784915744435735342172e-1
0.416171123337770234912e0 0.311266929143893423816e0
0.360223428393585813791e0 -0.524206371933877191579e0
-0.503491557943170652315e-2 0.272675746424824308695e0
-0.368090537494065149558e0 0.726063418329282641325e0
-0.586332174562158552547e-1 0.323215640875892017543e0
0.100000000000000000000e1 0.000000000000000000000e0
0.842192790796440742871e-1 -0.300251091514493868362e0
0.193398851496100733884e0 -0.425351000354351934545e0
-0.585936734796413404566e-1 0.856681810037458749742e-4
