
1.102096529621696e+00 1.697955903021792e+00
7.704001556573701e-01 2.456954356707023e-01
2.343914775509428e-01 3.051054371418936e-01
-7.457266126979428e-01 2.214981462610134e+00
-7.153802435907999e-01 1.122815558478326e+00
-1.668771929102159e+00 -1.804671837854164e+00
-9.118626153669457e-02 3.830642594729203e-01
-2.376197921466597e-01 -2.778590395645913e-01
-4.894190004821031e-01 3.281064290553886e-01
-6.655318466540566e-01 6.829577874566167e-02
-2.383362917446307e+00 -2.846417292469335e+00
1.104581784684806e+01 1.975745127620775e+00
-3.825445502772543e-01 -2.353103026628105e+00
2.945172010466235e+00 2.007136365524424e+00
1.048076396931311e+00 2.284807247882444e+00
1.598066366326659e-02 -1.070246653996462e-02
4.530898862254307e-02 -7.606077426537458e-02
-1.553696737314614e-01 8.188361728072775e-01
1.813520692857669e-01 -8.856107158149504e-01
-4.740178424515934e-02 2.366544074188950e-01
-1.738804800937066e-01 5.641621312657747e-01
1.000000000000000e+00 0.000000000000000e+00
-2.310471739362919e-01 2.284590828053446e-01
-7.732391828212557e-01 4.084297293644588e-01
-3.405861307177133e-01 5.067248453407126e-01
2.778723724516488e-01 5.770638762281906e-01
5.689975992801197e-01 4.051139129143549e-01
2.448130518983861e-01 -2.171290231720659e-01
7.360023704581317e-03 -1.463454185234483e-01
