
1.030176307216376e+00 1.486961208035278e-01
3.703752338356801e-01 -3.551929622584029e-01
-1.358893280382458e-01 1.830477497496962e-01
-7.021780539986836e-01 7.301700374481074e-02
5.449492289488659e-01 1.275157582303093e-01
-3.279982532176928e-01 -2.217131245483384e-01
-2.118158174121973e+00 4.473897208253370e-01
8.258245775142543e-01 1.972468275020940e+00
6.637585391480000e-01 7.137868545539998e-01
-9.834996674130636e+00 1.450094476263303e+01
2.468849699782472e+01 -5.559960797299831e+00
-2.270909563801475e+01 -1.110607556016131e+01
8.990796831596660e+00 5.613108907276694e+00
4.969336527107813e+00 2.473570669528189e+01
2.599689181245282e+01 1.738384008956775e+01
-5.869806944939961e-03 5.043671482600374e-02
5.515332276934238e-02 9.423102093038480e-02
-2.808881481781617e-01 4.302863309710214e-01
6.226241624836669e-01 -5.574238150292047e-01
-3.701890768495535e-01 1.540088992038939e-01
-4.768384588639667e-01 4.593919237834771e-01
1.000000000000000e+00 0.000000000000000e+00
-5.334562597817243e-01 2.874159278444670e-01
-7.027919586192191e-01 2.839597233357324e-01
-5.351279390677602e-01 4.279925168502189e-01
-4.221945824872370e-03 3.760428085906293e-01
6.079228362212491e-02 8.253495812547988e-01
9.229651814078060e-02 -2.925987563972879e-01
1.597975905520208e-01 -1.010510258915267e-01
