
0.168271418968030818505e-1 -0.580820195327030781411e-1
-0.119163531944182051209e0 -0.175160604198799142641e0
-0.507650473202331139515e-1 -0.176293975185865237651e0
0.791940798916570427643e-1 0.133637916162571637304e0
-0.143852360965955036553e0 0.332480845783013456815e-1
0.886419450124666794861e-1 -0.133459531051533642485e0
0.113079627450695176962e0 -0.442527686469733100467e0
0.276080902953527316856e-1 -0.158470009180084651159e0
0.132392553960361131064e1 -0.124792707224964301023e1
-0.167825087109347640003e2 0.123703813112133645157e2
0.687713558915113730039e1 -0.748242379296262958817e0
-0.422526137444105314925e0 0.279658859779038622656e1
0.774144228254242437563e1 -0.136427294532101413714e2
0.115754412981679966786e2 -0.539756146708374181468e1
0.904106642839233801742e1 0.127234814199677512996e1
-0.267239899213189434106e-1 -0.532892918490549172660e-1
0.440090054741876520268e-2 -0.122547121671482166095e-1
0.592955453154820995819e0 0.162379373533301644042e0
0.190788899881559850206e0 0.327129470442194699445e0
-0.499991898872316896764e0 -0.520278283941884441943e0
-0.605885957321042991350e0 0.828698003186598213080e-1
0.100000000000000000000e1 0.000000000000000000000e0
-0.884515218995476193106e0 -0.290229418513815180748e0
-0.503955348751459411810e0 0.362282045389604058841e0
-0.364990809213612005832e0 -0.419502189884007918076e0
-0.482405792009115298697e-1 0.702445936096509923559e-1
-0.915338728841603211240e0 -0.251511151319708123900e0
-0.204209901975759880406e0 -0.721672381195594037486e0
0.184043386097702787053e0 0.198432609173785300569e0
