
5.850914090106162e-02 4.202708871707356e-02
-2.012492087283229e-02 -1.202625175286918e-01
8.149307766677816e-02 -1.237009276370908e-02
-2.099583517835650e-02 -2.906090391821330e-02
6.933952267201367e-03 -1.733623053014509e-02
6.696149283569999e-02 5.303428176326840e-02
1.026611395451825e+00 -8.156490814696276e-01
7.574850820879055e-01 -4.415967222705097e-03
1.323925539603612e+00 -1.247927072249643e+00
-1.386399098234944e+01 1.545800941745544e+01
-2.751973620126073e+00 7.652051734470828e+00
6.727675340457833e+00 -5.098740359018278e+00
1.280891564054845e+01 -2.790330813758842e+01
2.149471777482007e+01 -2.587204050892435e+00
1.055075341800985e+00 1.244529872013298e+01
-2.672398992131897e-02 -5.328929184905495e-02
4.400900547418754e-03 -1.225471216714828e-02
5.929554531548209e-01 1.623793735333012e-01
1.907888998815602e-01 3.271294704421949e-01
-4.999918988723177e-01 -5.202782839418846e-01
-6.058859573210434e-01 8.286980031865972e-02
1.000000000000000e+00 0.000000000000000e+00
-8.845152189954775e-01 -2.902294185138150e-01
-5.039553487514593e-01 3.622820453896035e-01
-3.649908092136127e-01 -4.195021898840074e-01
-4.824057920091127e-02 7.024459360965073e-02
-9.153387288416037e-01 -2.515111513197072e-01
-2.042099019757599e-01 -7.216723811955938e-01
1.840433860977030e-01 1.984326091737855e-01
