
-7.453957464809559e-01 -1.733707402636338e-01
-6.255185451669933e-02 -2.261946162396593e-02
5.675178045167042e-01 1.385007328820745e-01
-3.534787860747496e-03 -2.234668157807918e-03
3.660620797953564e-03 7.624488493051082e-03
7.489305343417035e-01 1.756054084214417e-01
5.621210348199535e-01 3.235881320954819e-02
4.093115176557325e-01 2.911991346475646e-02
-7.596758075393554e+00 -3.181126780208199e-01
3.685206524812475e+01 1.019063886845354e+00
7.423244931275362e+00 2.214801744324365e+00
4.910266018403370e+01 1.153040578012746e+00
-1.238943835508505e+02 -8.898339505867511e+00
-3.942279730348921e-01 3.111413967803303e-01
-3.727441469839682e+01 -1.211954653899076e+00
-3.715943213587755e-03 4.316924443501007e-03
4.160929889390939e-04 -6.461872681575013e-03
-2.419048117591599e-01 7.489413474259160e-01
7.330880721696630e-02 -5.114229375373386e-01
3.456962508327128e-02 -6.441237852482216e-03
2.336032541410858e-01 5.880260800056028e-02
3.708890833292796e-01 2.890034990942723e-01
-3.881497582868615e-02 -5.421212574657244e-03
-7.630590865070890e-01 3.491809022222832e-01
-4.438597338283311e-01 1.642847064271086e-01
1.000000000000000e+00 0.000000000000000e+00
-2.475065954777960e-01 -9.989973612448133e-02
5.584086592071343e-01 -3.957446561039980e-01
-1.471342761195919e-02 4.869224647574757e-02
