
-1.869440493690645e-01 -2.244063459737647e-01
1.094287003926399e-02 2.645780413379880e-01
7.276395650009358e-02 -1.464217269372495e-01
9.907621972496014e-02 -1.043648770492431e-02
-8.256948606225503e-02 3.272959915552605e-02
8.747901816045468e-02 -1.384321166239353e-01
9.013085332547006e-01 -2.071063048214213e-01
2.786484012823209e-01 -1.215453286078629e+00
6.637585391480000e-01 7.137868545539997e-01
-9.078031347632232e+00 -9.564198696082837e+00
-7.411134063691592e+00 1.274946624016068e+00
1.264870212563464e+01 -3.603612232385598e-01
1.206673965730291e+01 7.745373260397971e+00
1.439553665568875e+01 -1.010377721772082e+01
-2.988708309670673e+00 1.818825435684866e+00
-5.869806945015498e-03 5.043671482610243e-02
5.515332276921959e-02 9.423102093052352e-02
-2.808881481786838e-01 4.302863309702419e-01
6.226241624848443e-01 -5.574238150288040e-01
-3.701890768500411e-01 1.540088992042548e-01
-4.768384588640416e-01 4.593919237838469e-01
1.000000000000000e+00 0.000000000000000e+00
-5.334562597823213e-01 2.874159278453448e-01
-7.027919586196721e-01 2.839597233350852e-01
-5.351279390679992e-01 4.279925168502426e-01
-4.221945824790185e-03 3.760428085906684e-01
6.079228362145472e-02 8.253495812553011e-01
9.229651814091062e-02 -2.925987563971779e-01
1.597975905523643e-01 -1.010510258915975e-01
