
0.502306856108470632845e0 0.206822766352094441800e0
0.643190997028939249200e0 0.255781409131339277285e0
0.703336532558886369862e0 0.309466855669482241966e0
0.556690804198268856542e0 0.193384016638656241373e0
0.124836432594202919084e0 -0.911688968859956476172e-2
0.462475423280624744267e0 0.193584137216469500894e0
-0.593753398865075861972e1 -0.103120967720642455812e1
-0.422562414250285063371e1 -0.654239381593711002939e0
0.255746785418880163867e1 0.395151906809075939439e-1
-0.153517688640174979680e2 0.316203854236670621881e1
0.101777200753165282816e3 0.162806251878360088662e2
-0.813533483421929642029e2 -0.138501561437154258310e2
-0.114110500186689960103e3 -0.252707840742272015974e2
-0.209848151853357241525e2 -0.448926351618863228067e1
0.129462269050707458065e3 0.221087455318604953793e2
-0.258957770480559973150e-1 -0.331903857468260228717e-3
-0.123118238282420232365e-1 0.130491835582748441555e-1
0.184724953681295673202e0 0.314739818567459736021e0
0.302802008061491834758e0 -0.220796601879976692274e0
-0.342958364002790950446e0 -0.571382138837967382881e-1
-0.494249979571366734020e0 0.224833142854359155295e0
0.100000000000000000000e1 0.000000000000000000000e0
-0.580794596552429519764e0 0.730002712682995742212e-1
-0.468744558297701773708e0 0.367950181011144368575e0
-0.383227564152696696469e0 0.251071996884282142872e0
-0.155079480186127224587e0 0.392953507748932178174e-1
-0.193234814616178919870e0 0.519881915017773646817e0
-0.103838400029055683748e0 -0.430685049295639151695e0
0.157387010780528287157e0 -0.168061746066125356454e-1
