
-9.904494703514161e-02 -1.793585245723169e-01
-3.297004125513035e-01 -1.946629783730599e-01
-2.394034502644578e-01 -1.545457066063968e-01
2.238951576061241e-01 3.835838920611220e-03
2.221546519805314e-02 2.192940483560528e-01
-1.691547176975214e-01 -5.259562823686016e-02
-2.119977557679647e-01 -2.084930818762269e-01
-1.578404876666447e-01 -1.877035612676672e-01
6.161527250812839e-01 -7.568119257574604e-01
-1.199074199332481e+01 6.326010474909087e+00
5.773666904493784e+00 -2.494501589364735e+00
2.129680782366202e+00 3.732061526414283e+00
5.339099512731021e+00 -4.044051524996092e+00
5.894106303809071e+00 -4.775853729540734e+00
6.651642480593783e+00 -2.281958949912995e+00
4.257602279794940e-02 9.198226183304518e-04
7.018787604987893e-02 2.596369905159781e-02
1.372388288107773e-01 -3.006915724004279e-01
-3.151014304669871e-01 4.816516872676017e-01
1.709135543648488e-01 -1.733021448712482e-01
2.389912744725770e-01 -5.260883884897021e-01
-7.671239236937696e-01 2.906097103715549e-01
2.701955038750837e-01 -7.739220518186313e-01
1.000000000000000e+00 0.000000000000000e+00
-5.017989704528258e-01 -1.259014613683736e-01
1.405695444074294e-01 -3.924537209152531e-01
-6.010799519411244e-01 2.100021856033849e-01
-1.971032738118666e-01 4.431786943767470e-01
-7.757895599136741e-02 1.609651225195612e-01
