
0.785592786988844039701e0 0.434609877069369210812e0
0.322684717302491530066e0 -0.154926313029640280383e-1
0.661278304454244052787e0 0.287427172819883191673e0
0.958587923151497944027e-1 -0.657588123315806432148e-1
0.256795988810921745917e0 -0.370454751674743959627e-1
0.550643741158493657041e0 0.179257626433512531756e0
0.350679746514803244162e2 0.302621536097500186228e1
0.796982144271046460873e1 0.214826321611256272929e1
0.899869529226870418909e0 0.324737315592091631169e-1
-0.243361524679400073268e3 -0.162506986985881488605e2
-0.143723900819883566082e3 -0.180172162531415719511e2
0.361045355563442517788e3 0.277443354801374564705e2
-0.414327154178517026335e2 0.162821395517567138259e2
0.189434328577086078402e3 0.246092288339086364447e2
-0.525226681055302066170e3 -0.495273972025375802952e2
-0.698721296632611703963e-1 0.324650064513927616004e-1
-0.107344736760696571738e0 0.713575655237556503852e-1
-0.825489735030249290664e-1 0.129316262435386055554e0
0.519313158206808217498e0 -0.247851416197145852499e0
-0.358246285915594376686e0 0.751096323881671553866e-1
-0.517227830723921204307e0 0.324637302964250639608e0
0.100000000000000000000e1 0.000000000000000000000e0
-0.533982707994935674827e0 0.196556034701387681316e0
-0.505182269482974419933e0 0.253355982146657813636e0
-0.541061747172944238361e0 0.312575068012199716789e0
-0.241437759708482495676e0 0.288298608367984532158e0
-0.143823455379253744489e0 0.786959312498682335034e0
-0.517232276845718070619e-1 -0.170288125992661604661e0
0.155486370412636413748e0 -0.830603025730846886718e-1
