
-5.756850702066406e-01 -5.451146581321061e-01
-5.896088828268109e-01 -6.932369322872395e-02
4.254630040359292e-01 2.654424371704558e-03
-2.619143964863758e-01 2.616196247871735e-01
-9.660747612456405e-02 -2.670959625541984e-01
8.375994666930164e-01 2.834950333449328e-01
5.893558593101900e-01 -1.165995435052714e+00
4.622534155967313e-01 -2.863096768532977e+00
1.828900393154580e+00 6.857499549431465e-01
-5.790378030411928e+00 -3.283706625564563e+01
-1.740565135312358e+01 3.382761890229450e+01
4.555390362995459e+00 -7.835887224081265e+00
4.661340701512962e+01 -3.153904057762785e+01
1.604355774630968e+01 -2.658282075972431e+01
8.994254707524215e+00 2.971625480162672e+00
-2.615269661559230e-02 1.373770409058201e-02
-8.891461265115936e-03 3.148031087080699e-02
5.061328125807749e-02 3.544582166411085e-01
3.802027190849294e-01 -3.334506496456282e-01
-3.381761032683762e-01 1.861611996764995e-02
-4.628611130221002e-01 2.893393151711290e-01
1.000000000000000e+00 0.000000000000000e+00
-5.468279900083064e-01 1.463723772268228e-01
-5.388565700817047e-01 3.640814366980878e-01
-4.428366545083284e-01 3.225157844368467e-01
-8.195250578533320e-02 1.218715834021690e-01
-1.223511875682970e-01 6.194828072221603e-01
-3.887714930339786e-02 -3.818108502715771e-01
1.537466129887972e-01 -4.630874195673139e-02
