
2.698492431297351e-01 6.983394729955944e-02
7.780852117387210e-02 -2.787901704277629e-02
5.392161589142652e-01 1.672881226809462e-01
-5.105381524861542e-01 -2.943179552123239e-01
4.634521510891915e-01 1.097158391138659e-01
8.995082801448646e-01 2.987516223903288e-01
4.069752453020967e-01 1.387778780781446e-16
-1.615091731130500e+00 0.000000000000000e+00
9.476614412209148e-01 0.000000000000000e+00
-2.799823962487164e+01 -1.776356839400250e-15
7.473362530113028e+00 1.332267629550188e-15
1.293324090864472e+01 3.108624468950438e-15
-1.994809254253371e+00 0.000000000000000e+00
-3.452174111465534e+00 2.220446049250313e-16
-5.974258476324049e+00 -1.776356839400250e-15
-6.782161864117309e-02 2.834575843037160e-02
-1.008562506662985e-01 5.915335840488659e-02
-7.446692441883598e-02 1.366244866537331e-01
5.195251053738150e-01 -2.620444077397627e-01
-3.663035957376727e-01 8.630488267359818e-02
-5.164639251994881e-01 3.316218620932729e-01
1.000000000000000e+00 0.000000000000000e+00
-5.362195309078492e-01 2.141272155974663e-01
-5.096961255124808e-01 2.614476128625415e-01
-5.411312124110373e-01 3.142332103190880e-01
-2.450759257352106e-01 2.745032114264981e-01
-1.443178807119068e-01 7.963180996485877e-01
-6.845968029850363e-02 -1.784597897431761e-01
1.610788836240707e-01 -8.776517454997670e-02
