
0.759555653030539929850e-1 -0.183901231025516720040e-1
0.119571934019059541563e0 -0.215946352891723211200e-3
0.923358679199775087703e-1 0.106082330344652483784e-1
0.177965900510098900487e0 0.424086445735202515329e-1
0.133578348489157109908e0 0.487789091465000810031e-1
0.987345639913678888505e-1 0.496972352175464627523e-1
-0.160291097734512463639e1 0.747912823876891805740e0
-0.211750309699173637707e1 0.205041469487914008001e0
0.132392553960401756716e1 -0.124792707224982645680e1
-0.253829354275430952616e2 0.184991328043288909624e2
0.224087446600193407262e2 -0.310762522055329755786e2
-0.932685845667043976134e1 0.210938695854565419763e2
0.154083705134090107915e1 0.265232566803264005282e2
-0.146046690825269819044e2 -0.263885265212898546556e1
0.203036116943751209045e2 -0.181589825909908834448e2
-0.267239899213065298717e-1 -0.532892918490482230257e-1
0.440090054742508508788e-2 -0.122547121671342211823e-1
0.592955453154801175790e0 0.162379373533458117360e0
0.190788899881449218067e0 0.327129470442061442596e0
-0.499991898872196245988e0 -0.520278283941878957940e0
-0.605885957320974605407e0 0.828698003186250492638e-1
0.100000000000000000000e1 0.000000000000000000000e0
-0.884515218995301932868e0 -0.290229418513826600026e0
-0.503955348751529383345e0 0.362282045389690160052e0
-0.364990809213483708285e0 -0.419502189883997018673e0
-0.482405792008897795002e-1 0.702445936096269207366e-1
-0.915338728841438946588e0 -0.251511151319814509693e0
-0.204209901975699137979e0 -0.721672381195660172625e0
0.184043386097649394067e0 0.198432609173765573917e0
