
-4.876569954654512e-01 -2.548051453479308e+00
-1.074549666518302e-01 -4.496255862337872e-01
1.088927914514810e+00 -8.449148847359148e-02
2.086368227474678e-01 4.782013324298716e-01
-2.264482199430165e-02 -3.262584162634058e-01
1.554859265939373e-01 6.111437980344684e-01
-4.361868743409832e-01 3.995048079623102e-01
1.713759881647034e-01 -2.776568978904332e-01
-1.731316974577699e-01 1.062513696686020e+00
-1.480214003344191e+00 -1.239000835718921e+00
1.756635415164949e+00 -2.457686510986196e+00
3.676673812786245e+00 -3.250429685096701e+00
4.044757869481088e+00 2.447659554895358e+00
5.511011669187948e+00 5.349080236139043e+00
6.774673027476501e+00 1.047667014985289e+01
1.399334727924859e-02 1.273498780731762e-02
6.761507338494165e-02 -1.222425336184237e-02
-1.814365879159826e-01 7.379878185656168e-01
3.335097420558339e-01 -7.951243576170881e-01
-1.821870533512320e-01 1.990572042579250e-01
-2.567928056560430e-01 5.041545206259795e-01
1.000000000000000e+00 0.000000000000000e+00
-3.480662149260924e-01 2.641259144871008e-01
-7.831536217886121e-01 4.286610043369167e-01
-4.286337806600857e-01 4.878958653318955e-01
2.663002003688937e-01 4.076655399155166e-01
3.141862896419187e-01 5.514798080045271e-01
1.964504970404253e-01 -3.322089073987673e-01
7.471112263572341e-02 -1.181221887330289e-01
