
1.312486330405820e-01 2.404465344669993e-01
6.921174106304709e-02 2.046185033943572e-01
-1.668721075103118e-01 7.822456052512701e-02
-2.598001218360011e-02 -1.979543630382365e-01
3.941582521130925e-02 8.830514804284548e-02
-1.052686208569818e-01 -4.249217142876276e-02
-6.642249648613612e-01 -1.068075111293469e-01
-9.433756513674214e-02 8.557260859454907e-02
6.637585391479999e-01 7.137868545539998e-01
-9.936996500572089e+00 -1.738022969969187e+00
7.024669983508225e+00 2.935387815430413e+00
-2.666901898571680e+00 -7.104278821522488e+00
1.049283276391248e+01 2.730163292241560e+00
4.145656914692835e+00 3.587596941885336e+00
1.181611971185816e+01 9.331243246752425e+00
-5.869806945016626e-03 5.043671482610250e-02
5.515332276921785e-02 9.423102093052350e-02
-2.808881481786817e-01 4.302863309702336e-01
6.226241624848491e-01 -5.574238150287936e-01
-3.701890768500464e-01 1.540088992042537e-01
-4.768384588640445e-01 4.593919237838486e-01
1.000000000000000e+00 0.000000000000000e+00
-5.334562597823311e-01 2.874159278453461e-01
-7.027919586196705e-01 2.839597233350779e-01
-5.351279390680008e-01 4.279925168502412e-01
-4.221945824789922e-03 3.760428085906693e-01
6.079228362144692e-02 8.253495812552996e-01
9.229651814091075e-02 -2.925987563971765e-01
1.597975905523669e-01 -1.010510258915955e-01
