
0.159758624874396438272e1 -0.717755385615595728780e0
0.149772669821495492903e1 -0.611216674856861248960e0
0.906330873454451109309e0 -0.354894635816877348491e0
0.358867645095554630509e0 0.374287392959841690526e-2
-0.366386578972252721955e-1 0.142311099657592513549e0
-0.237385023589847122077e0 0.201461632360803768235e0
-0.124932068907125433128e1 0.880914265144472352631e-19
-0.204775932593802700984e1 0.677626357803440271255e-19
0.829026306519873822979e-1 -0.474338450462408189878e-19
0.948212892211266776109e0 0.528548559086683411579e-18
-0.353207890946249064134e1 -0.975781955236953990607e-18
0.416540704504115270402e1 0.119262238973405487741e-17
0.131569413632166821206e2 -0.216840434497100886801e-18
-0.155160792412410041751e2 0.433680868994201773603e-18
0.182982281652131975828e2 -0.173472347597680709441e-17
-0.136064488758196338688e-2 -0.682106672213592778046e-1
-0.493754125891340541629e-1 -0.235113404400154256288e0
0.156870201016023303663e0 0.903545791549355581146e0
-0.253514715593254961313e0 -0.961695959585891270893e0
0.184680524648038721765e0 0.311704179317811605867e0
-0.166981156075937877293e-1 0.497362019599314697732e0
0.100000000000000000000e1 0.000000000000000000000e0
0.504526408609539992015e-1 0.144097616840360566830e0
-0.549226651884637972372e0 0.602298861250648937145e0
-0.227104841554435284755e0 0.574991890587567292198e0
0.147108374825653262638e0 0.454661299490194501286e0
0.803386664321620435540e0 0.310148496650593082145e0
0.768146788398891523789e-1 -0.982345322409875497166e-1
-0.825450921481213483345e-1 -0.202669464038513039820e0
