
-4.236403301823564e-02 -2.616091304131452e-01
9.471401199402271e-02 -8.690051757143082e-03
8.705637052963407e-02 -2.788827279130373e-02
7.661154006466282e-04 3.412603678048933e-02
7.829347819365021e-03 3.185970736149094e-02
1.398433191992609e-02 2.826158467033757e-02
-2.912498992417263e-01 5.495498226736295e-01
1.751276148673684e-01 -5.076063886365253e-02
-4.192232643778807e-01 1.170555517058068e+00
-1.948118008247319e+00 -2.998312711160948e+00
2.990194903237396e+00 -1.361286966197848e+00
6.092270254687688e+00 -3.582107565239135e+00
-2.856792878220033e+00 1.528529643967298e+00
5.857949576688855e+00 8.251687048717658e+00
3.550085099503927e+00 9.308936681692865e+00
1.028282977673250e-02 8.542691627368726e-03
5.357886605544789e-02 -1.852098755561317e-02
-1.507264614916415e-01 7.613365938672080e-01
2.834192895181326e-01 -7.856210897261198e-01
-1.557025640078182e-01 1.762911198821576e-01
-2.215313118617314e-01 4.878412781858775e-01
1.000000000000000e+00 0.000000000000000e+00
-3.350951195296143e-01 2.374712698687991e-01
-7.913572370707976e-01 4.459569768980487e-01
-4.167956172599168e-01 4.772561607862538e-01
3.267291134298960e-01 4.001442503589050e-01
3.036936010998132e-01 4.763489017316741e-01
2.265268410815366e-01 -3.468462181846088e-01
6.089580399108045e-02 -1.061055271537283e-01
