
0.609076252545267944606e-1 0.108101453429951943424e0
-0.217402556186981248451e-1 -0.299066492034948490536e-1
0.321101521467672436157e-1 0.586704403328945831111e-1
0.746193722381517887887e-2 0.810588387586577696631e-2
-0.115190204275286421480e-1 -0.162638843950683112569e-1
0.169171233348316523051e-1 0.318362093869515260829e-1
-0.105597297456411502866e1 0.460297617429730486548e-1
0.710495368992438644691e0 0.400131201274179948099e0
0.172429611296790550657e1 -0.147741148363054404784e1
0.100381084885854029234e2 -0.577884078070075009890e1
-0.161250633967986537051e1 0.171212871014020419857e1
-0.192523962916515460984e2 0.120019790587508404442e2
0.263614866246837491748e2 -0.260098053137669611538e1
0.172229357490346807660e2 -0.649660228304764303560e1
0.444250407761977966700e2 -0.274802255182414781019e2
-0.215444085038002997445e-1 -0.302972343292896936992e-1
-0.700440597889230193797e-2 -0.464607438794574204799e-2
0.396983710792203665137e0 0.236387328213250779850e0
0.193696530228722416881e0 0.662224284398067975047e-1
-0.361195018516012285027e0 -0.302229732983521747240e0
-0.567947675117724440461e0 0.158468349782410499149e0
0.100000000000000000000e1 0.000000000000000000000e0
-0.700005232217322974743e0 -0.141736983912014381261e0
-0.460012323042138281028e0 0.288543426604066512864e0
-0.250576760581510347146e0 -0.864968813011629527335e-1
-0.201139493652941198068e0 0.128777614032786136890e0
-0.388539061369870651272e0 0.491598612203514353810e-1
-0.130533550293761662004e0 -0.531685220354942395730e0
0.142185031083155136828e0 0.837638906898693725577e-1
