
-0.316693648458352679909e0 -0.152236594694948697897e0
0.214836374120819180718e0 -0.250195180689922019456e0
0.242314417363849487158e-1 -0.367872621525260710031e-1
0.244618987378359282475e0 0.179071729654794225165e0
0.986308026587521799848e-1 -0.205233356333392915890e-1
0.720746610799933974212e-1 -0.268351349598455273305e-1
-0.876902617975797539723e0 0.152940375892116396748e1
-0.216034606376584262656e1 0.658403026054907201774e0
0.327734183838090840885e0 -0.206882747790636261175e0
-0.625605558663240581864e1 -0.151599266394458442203e1
-0.128938372817387972996e1 -0.861229404457870435091e1
0.670417845617042144294e1 0.141039463578370961412e2
0.966494066203105729566e1 -0.688941563526873647014e1
-0.143300987463454755850e2 0.120459248760068180772e2
0.130644504834987124310e2 -0.170204748697168604579e2
-0.651577724322536382286e-1 -0.271031803473417729749e-1
-0.191706916962686552922e0 -0.105633975240901266964e0
0.159582121678388598126e0 0.501290252138932207243e0
-0.125023158840730050503e0 -0.570058432621651716560e0
0.110209778662992021969e0 0.189869209998304468940e0
-0.169978008321510591085e0 0.343584345067449347473e0
0.100000000000000000000e1 0.000000000000000000000e0
-0.394438158134017640184e-1 0.105733875799566858730e-1
-0.350211697722802844837e0 0.498941442424039143780e0
-0.355607642775943311392e0 0.477702942853259339163e0
-0.111616103769671525271e0 0.426888943067989746029e0
0.476131417404176214016e0 0.467650680354781450517e0
0.549510541956003057476e-2 0.392501952976308938733e-1
-0.582459494330942536980e-1 -0.157735761696753855912e0
