
-0.461420993028052797600e-2 -0.441119274224177460377e-1
0.312938086094700165874e-1 0.223255958244577063759e-1
0.943865664143377736689e-2 0.508518489293729096248e-1
-0.355815559484521271811e-1 -0.887761248191863857043e-2
-0.815902841467410341262e-1 -0.843493956795955532892e-2
0.401957658787326551622e-1 0.529895399043363846149e-1
-0.870774183786502497693e0 0.117293929708728355123e1
-0.507708357302010118619e0 0.283951104126303455341e0
-0.433489307337965758477e1 0.271187766766018020607e1
0.378355595622855744621e2 -0.247596408897770580738e1
-0.229100874548458491829e2 0.264837939420981248670e2
0.310961005552511244778e2 -0.255350738594803177949e2
-0.110279177807714812865e2 -0.663429928955924748460e2
-0.147682258608198515738e2 0.355477988965561143182e2
-0.109438800841421420354e2 0.501400989186665447597e2
0.510246706207303428794e-2 -0.141855756379865813489e-2
-0.113900500885118637306e-1 0.468621280942393986268e-2
0.548420886409519240572e0 -0.696613535046137481233e0
-0.428279637713757863711e0 0.506363579887806338766e0
0.509940884036939556622e-1 0.119407258532063308054e-1
0.680549412820534481774e-1 -0.195795582128405829380e0
-0.572556543055814110206e0 -0.554876811477229301111e0
0.214518360638949548097e0 0.635754325717580389034e-1
0.100000000000000000000e1 0.000000000000000000000e0
0.578447533301504575169e0 -0.509856828966493895265e-1
-0.681760132519163558802e0 -0.480469432734343286325e0
0.140090867983706604343e0 -0.460304908221205927872e-1
-0.662931510418524658928e0 0.209929886640500450618e0
-0.144923986277277850293e-1 -0.196364320424174061678e-1
