
6.521418119738551e-02 -6.906549733675436e-02
-2.825750105374834e-01 8.913165447741644e-02
-4.720518081249163e-01 -1.552343448388785e-01
9.052702257181861e-01 1.863119605879656e-01
1.050387712901290e+00 1.139876885586345e+00
3.145652086373622e-01 2.580464951305483e+00
-1.530220975759851e+00 1.660214306871152e+00
1.004315435960770e+00 -1.432892354623686e-01
-4.507805197213838e-01 7.913116690623515e-02
-1.415135533430462e+01 3.872063967930583e+00
1.703335440177075e+01 -8.832829890793652e+00
-5.652559296659780e+00 1.296786320416380e+01
1.472599141165986e+01 -2.176775968854271e+01
3.018146853166623e-01 1.199928045443829e+01
-2.537741184878985e+00 -3.672828996249907e+00
1.129081143367649e-02 -1.778474879878406e-02
2.238987925574560e-02 -9.131942280996894e-02
-1.191929110652010e-01 8.056043366500343e-01
1.142751554891620e-01 -8.657939926216836e-01
3.125547624305045e-03 2.295405516921951e-01
-1.626062814388906e-01 5.567872043868793e-01
1.000000000000000e+00 0.000000000000000e+00
-1.973653952508789e-01 1.880356652677205e-01
-7.255741393267023e-01 3.873569813242064e-01
-2.984011372758166e-01 5.100681123729284e-01
2.341286842098407e-01 6.150496535402634e-01
6.448407104412387e-01 3.577257198113395e-01
2.460006599850965e-01 -1.637663175326141e-01
-1.699448008617792e-02 -1.498796726902246e-01
