
2.731439240092856e+00 -2.239389059860720e+00
-2.653727143628619e-02 -2.802450963553811e-01
9.117954174897465e-01 -2.378080656508195e-01
-1.171148004127661e-01 -1.204760144322940e+00
-4.042523896932412e-02 4.169962501862496e-01
2.904370049786624e-01 1.295036138043272e+00
4.313293232567376e+00 -1.535152301634663e+00
9.015322289588148e+00 -6.346059922078510e+00
7.100032742944162e-01 1.228448786097514e-01
-1.384555963945079e+00 -5.383027232555833e+00
-2.367762232984687e+01 -7.525867689136039e-01
1.450861306483531e+01 9.209969946714255e+00
4.216655975503321e+01 -1.245260951830974e+01
9.691745155294880e+01 -5.621445339130180e+01
-4.078200379108814e+01 1.783563675086558e+01
-8.599507419784808e-02 5.467564974071349e-02
-1.473357691794463e-01 1.424187746012223e-01
-1.152249107160934e-01 3.223808344729556e-02
5.542467880120863e-01 -1.132332319683629e-01
-3.542328172948435e-01 -4.458177536120850e-03
-5.530094664131822e-01 2.730668942880677e-01
1.000000000000000e+00 0.000000000000000e+00
-5.729127990373861e-01 1.051035538725676e-01
-4.666739092754472e-01 1.837539285316904e-01
-5.558367905939585e-01 2.838620380466606e-01
-2.511288771317709e-01 3.377328144253864e-01
-2.097353871653853e-01 7.564293657879889e-01
1.678670477787996e-02 -1.323014589602048e-01
1.439425902440422e-01 -4.795556696877075e-02
