
-2.732849850343612e-01 -2.210195144336899e-01
7.477260764030771e-02 -5.686129773125330e-02
-1.394993219767980e-03 6.449205078095075e-03
6.123937203987290e-02 3.662899425497347e-02
1.062230709766415e-01 5.642196084941319e-02
2.120456129944883e-01 1.843905201787163e-01
-8.782056627946466e-01 1.153777585785483e+00
-4.276395221003974e-01 2.279921495293196e-01
-6.701959028822395e-01 -5.014527189336516e-02
-7.902538275361596e-01 4.358614662673918e-01
-1.515339794996499e+00 -2.399957823068232e+00
7.593724449161789e+00 8.052864820568454e+00
1.235638703034989e+01 -1.866882577161175e+01
-5.685626454140287e+00 1.040024768518946e+01
1.446740200590102e+00 -5.133126840365187e+00
6.015069442692580e-03 -1.416189290048291e-02
1.065687621628327e-02 -7.189823580838203e-02
-1.397293615924368e-01 7.696426659666545e-01
1.365454217529536e-01 -8.066729628623271e-01
-5.246023397965649e-04 1.854773709682249e-01
-1.748465940599318e-01 5.566428590593199e-01
1.000000000000000e+00 0.000000000000000e+00
-2.349060933012047e-01 1.578917182451216e-01
-7.467964910707348e-01 3.272455697498104e-01
-2.855593939417297e-01 4.683776261318838e-01
2.556765351208602e-01 6.806792515236294e-01
6.247723171972596e-01 2.819530799324219e-01
2.981634515402933e-01 -1.524947327653078e-01
-2.251635982394765e-02 -1.301179038117336e-01
