
-0.203458409365237883820e-1 0.201059138465845534699e0
0.128058644297963520703e0 -0.493302619431235284190e0
-0.275722965845583506053e0 -0.588411421231074766545e0
-0.508953719108432559167e0 0.118026741376706727292e1
0.460862967963042099355e0 0.157265649488768303012e1
0.173209664387922762695e1 0.116863071099525773382e1
-0.200187144051939154392e0 -0.147977050961169920534e1
0.248192621431009437718e0 0.115251884118749962286e1
-0.439773365848525110889e0 -0.127234175820960306695e0
-0.444641546649604599371e1 -0.109283679364893824837e2
0.265483446235754405509e1 0.175695496836329033506e2
0.774967902143449669568e1 -0.155639895362908864066e2
-0.245052640860395806374e0 0.151951504968647218043e2
0.565793690437448636502e1 -0.393919941728220507067e1
-0.835144709831306525523e0 -0.337044359408393802728e1
0.512347557426639885577e-2 -0.194927716996989576206e-1
-0.674464179117794079344e-3 -0.893870937217209930660e-1
-0.962156307232272311547e-1 0.769562259458316632070e0
0.751255545185607078292e-1 -0.815359022136731103833e0
0.367708406102809088970e-1 0.203829056634061162904e0
-0.168230112999861439313e0 0.540601189785137911756e0
0.100000000000000000000e1 0.000000000000000000000e0
-0.191072803505047658391e0 0.140356484678188506423e0
-0.681093563029644097546e0 0.345730141226501391197e0
-0.261481566494479588069e0 0.504545271267148796878e0
0.191377195073080938952e0 0.652549497306832074987e0
0.689630344667055564538e0 0.311624256632771573451e0
0.260070124417886142044e0 -0.118356531580076398606e0
-0.349737565898813513442e-1 -0.143776935017792508579e0
