
0.842437313948116947321e-1 0.902687197441349615119e-3
0.152226915669724627208e0 -0.593606059173029933728e-2
0.123374463226557909038e0 -0.551450609460266639444e-2
0.274391667206865043095e0 -0.243928681845423178131e-1
0.222321430657264371757e0 -0.210401560238656627452e-1
0.180126470484247203717e0 -0.180820138468203383162e-1
-0.206603972278448889759e1 -0.479408174385104075442e0
-0.224521442500685099630e1 -0.117630996712694847606e0
0.511587761077098646828e0 0.184035459162421551139e0
-0.435617870749875739800e1 -0.917106917876503485785e0
0.826688225077765680496e1 0.588081462141340815435e1
-0.722374861023692143008e1 -0.652313425800354218086e1
0.112394993688200974984e2 -0.199171026459455246431e1
-0.192872839726524355295e2 -0.193989708335832350579e1
0.284522191541841373685e2 0.724435131576421432326e1
0.186279271071996192197e0 0.298137949701164085533e-1
0.450252067317322792351e0 -0.414001789325614715697e-1
-0.191859871146240281711e0 0.449818326035045986235e0
-0.188154741161371004773e0 -0.916116134534164207803e0
0.106017046146270297222e0 0.555821292162111457616e0
0.556829697613890595078e0 0.536524773492473411242e0
-0.611572625316242948800e0 -0.750640612177745533066e0
0.455982072792058615388e0 0.714673331166840093611e0
0.130673751679840726699e0 0.328875120250869662698e0
0.507844780721566312271e0 0.421205936021436739045e0
0.541803924925666464984e0 0.547184824072374144133e-1
0.100000000000000000000e1 0.000000000000000000000e0
-0.130078085870558383524e0 -0.628421380356156381543e-1
-0.592061996184406505147e-1 -0.191333059952596228233e0
