
-2.898972147535572e+00 1.505982412613700e+00
7.774151321391691e-01 1.672270720181608e+00
3.296876573844060e-01 -1.305474923535787e+00
1.472239007889095e-01 -1.326276754463724e+00
-1.787121100541015e+00 8.788639200122499e-01
1.583795134697028e+00 -2.553748816052944e-01
7.041340630251300e-01 -1.194261421439158e+00
-1.325170846830741e+00 -9.103187614123041e-01
1.298700226745604e-01 9.314231490779519e-01
-5.530694185209998e+00 -1.832762942534097e+01
-1.421583284344885e+01 1.446925581386380e+01
2.171772210154945e+01 -1.190858913735750e+01
1.042731884389063e+01 1.406873148296897e+01
-1.402427712241916e+00 -1.427709783156556e+01
-4.896624658680627e+00 4.258897942371996e+00
1.799423246945565e-02 2.348649947226795e-02
8.869079061366497e-02 1.016824160234890e-02
-2.423084680808367e-01 6.880598597669144e-01
4.359677681020684e-01 -7.926763101559080e-01
-2.389105961785553e-01 2.239195080596586e-01
-3.196343114562287e-01 5.247650731129371e-01
1.000000000000000e+00 0.000000000000000e+00
-3.870015088834944e-01 3.057088815710295e-01
-7.801777979957627e-01 3.946712260348723e-01
-4.607262019402832e-01 4.966151645416986e-01
1.848578065316783e-01 4.164305921950173e-01
2.958940322792616e-01 6.728994739666780e-01
1.594973893277333e-01 -3.188932060801060e-01
1.022083947335339e-01 -1.301604978325975e-01
