
-0.359844171263996072532e-1 -0.760839620091064317697e-2
0.560764482109043009382e-1 0.523224899354809591965e-3
0.737112309702050006019e-1 0.381376096682468152183e-2
-0.839702278774622311360e-1 0.161235785143280058503e-1
-0.111319383568065170229e0 0.165219364867853279849e-1
-0.147305662719965309293e0 0.155213244574112856520e-1
0.988134594171285507045e0 0.318650506391842782208e0
-0.691396138351260645136e0 0.898080040132417186825e-1
-0.139132511987213274408e1 -0.243815318206085261465e-1
0.218036220794379836749e2 0.103468256615503891483e1
-0.192814043291810343454e2 0.475285943462016020715e-1
0.252862401909985965737e2 0.154807677458714741496e1
-0.235385746237435765846e2 -0.786356006981103958058e1
0.862693161429128078672e1 0.373599998244289281278e1
0.565675451420873762242e1 0.169654332428291248851e0
0.944469581035952958970e-3 -0.750080990625885577641e-2
0.117172221752303521338e-1 -0.442911807492680463889e-1
-0.226269647480437561727e0 0.785369000383579519595e0
0.224610720531090617971e0 -0.792132926759576584533e0
-0.432212686137225944465e-1 0.138925664735639685742e0
-0.146176628347578251385e0 0.598043699757907471913e0
0.100000000000000000000e1 0.000000000000000000000e0
-0.302165896081879715068e0 0.171834502459158480167e0
-0.900282763833314572872e0 0.292630044479665917629e0
-0.342263280952793626255e0 0.379808843260274525222e0
0.455433805221778172659e0 0.792477783603801044939e0
0.501038775456185838211e0 0.147975272655948877551e0
0.419571047347301472280e0 -0.197744662448020687472e0
-0.177318342093318970499e-1 -0.970077449639929177027e-1
