
-1.412371415852013e-01 -1.702617537474974e-02
1.183843645846209e-01 1.151197004512185e-01
-4.003602444230138e-02 -2.166388119208950e-02
1.033108935282482e-01 5.560233242027286e-02
1.403641905032611e-01 8.183598598996855e-02
3.792624805695315e-02 -3.857615704552317e-02
7.446011189392700e+00 1.740734566869687e+00
7.872382967945681e-01 -9.177067744068486e-01
6.637585391480000e-01 7.137868545539999e-01
-4.196251814189046e+01 -4.719599485422610e+01
-3.084270950596797e+01 -8.154332593187831e+00
7.651778757111086e+01 3.013954048210858e+01
-2.914011789286795e+01 3.942843628899585e+01
4.848050170933752e+01 -1.356919561426980e+01
-8.190536165598715e+01 -6.217527641072600e+01
-5.869806945016002e-03 5.043671482610267e-02
5.515332276921878e-02 9.423102093052382e-02
-2.808881481786844e-01 4.302863309702377e-01
6.226241624848484e-01 -5.574238150288001e-01
-3.701890768500439e-01 1.540088992042553e-01
-4.768384588640427e-01 4.593919237838482e-01
1.000000000000000e+00 0.000000000000000e+00
-5.334562597823252e-01 2.874159278453474e-01
-7.027919586196728e-01 2.839597233350817e-01
-5.351279390680003e-01 4.279925168502421e-01
-4.221945824789998e-03 3.760428085906685e-01
6.079228362145087e-02 8.253495812553019e-01
9.229651814091087e-02 -2.925987563971772e-01
1.597975905523659e-01 -1.010510258915971e-01
