
1.517068170225380e+00 1.277783880638427e-01
1.903207369405038e+00 1.202425266781565e+00
1.200298810179436e+00 2.109081325784282e-01
-3.013568475208617e-03 2.049251178219988e+00
-6.410036413388300e-01 -3.800406104070559e-01
-1.514054601750171e+00 -2.177029566283831e+00
1.998642042198727e-01 3.559184937965282e-01
4.366778914510615e-01 2.519465554326454e-01
2.439147778442189e-01 3.194420052370198e-01
-1.116192307175224e+01 -2.777422919785684e+00
4.266376625584211e+00 -7.830413256354691e-01
6.359190666480020e+00 5.489286335923573e-01
1.740751634356416e+00 1.780464313500683e+00
1.117040372122031e+01 4.612101364037241e+00
-1.156124070593458e+00 -1.773107202506473e+00
2.076352224271414e-02 7.828727146807121e-02
1.415754915683434e-01 1.902332068497709e-01
-7.613599555765844e-01 -9.719521028097303e-02
1.000000000000000e+00 0.000000000000000e+00
-4.286142102165014e-01 1.145388296237641e-02
-5.537592653821276e-01 7.882617620728577e-02
2.078659857176648e-01 4.800516764702046e-01
-4.468337596312176e-01 7.427156133322019e-02
-4.866133681832207e-01 -4.524268361149500e-01
-5.097733630816674e-01 -8.041984775248409e-02
-2.846499392867411e-01 2.717952547174214e-01
-3.848329409914549e-01 7.355161238746944e-01
1.797478129942530e-01 -1.281554751459928e-02
2.056994547602812e-01 -1.651205704564840e-03
