
1.481332867780538e+00 -1.134621720524250e+00
-1.110843921045616e+00 2.447644117061887e-02
3.266584113714943e-01 5.496525234053415e-01
-5.000575761788035e-01 1.090733932122980e+00
1.994475712096722e-01 -4.944598796169309e-01
4.347139388396093e-01 3.139226425980653e-01
-2.027161472174662e-01 -1.292193239815638e-01
-2.532476703509128e-01 -2.894823180761384e-01
6.519919169358651e-01 2.793424715470680e-01
-1.145414790536887e+01 -2.431922387727311e+00
3.907633874026202e+00 1.909729599591284e+00
2.835362695082190e+00 -2.122999599434888e+00
8.183915578761434e+00 6.799861060986987e-01
5.012512966227376e+00 -1.946634151420959e+00
6.670205232799226e+00 3.111727222619245e+00
1.265789705569568e-01 -4.293636534245701e-01
-1.505597075919421e-02 3.858518328333839e-01
-8.874845513883762e-01 1.773794536556164e-01
6.409719614415582e-02 -9.533854013275982e-01
6.650427592865941e-01 -3.905473070191723e-01
1.042411856182159e-01 -2.117972295620107e-01
2.669551379483144e-01 -6.462553524957977e-01
7.904037877752327e-01 -1.841752958498391e-01
-6.773325992875032e-01 4.662026992049383e-01
7.354811233003793e-01 -5.265163335665157e-02
-1.737061402012814e-01 8.943600451815910e-01
1.000000000000000e+00 0.000000000000000e+00
5.534402558134189e-01 6.812245637537051e-02
-4.390107716874307e-01 -2.071097361044938e-01
