
8.121447281856871e-01 -1.371386853233794e+00
-4.639921905537698e-01 5.511166378528126e-02
9.548376075338278e-01 2.750518661785287e-01
-1.382932026396118e-01 1.228676164320387e-01
-1.098815090273644e-01 -6.132523508356202e-01
7.370791909917884e-01 2.177199339742837e-01
-6.870183763769999e-01 9.400115308519998e-01
7.752784799659997e-01 8.691393860049998e-01
6.637585391480000e-01 7.137868545539998e-01
-8.245499007073281e+00 9.303281992132035e-01
1.195439348065685e+01 -6.761510255574685e+00
-8.153644114756215e+00 8.749530785774100e-01
4.825275225971664e+00 5.821692280861306e+00
1.242095184263394e+01 1.485525417911525e+01
1.522442405553857e+01 4.941969744836721e-01
1.265789705569568e-01 -4.293636534245702e-01
-1.505597075919420e-02 3.858518328333841e-01
-8.874845513883766e-01 1.773794536556165e-01
6.409719614415599e-02 -9.533854013275985e-01
6.650427592865944e-01 -3.905473070191725e-01
1.042411856182160e-01 -2.117972295620107e-01
2.669551379483144e-01 -6.462553524957978e-01
7.904037877752331e-01 -1.841752958498394e-01
-6.773325992875033e-01 4.662026992049384e-01
7.354811233003792e-01 -5.265163335665145e-02
-1.737061402012816e-01 8.943600451815910e-01
1.000000000000000e+00 0.000000000000000e+00
5.534402558134190e-01 6.812245637537059e-02
-4.390107716874307e-01 -2.071097361044939e-01
