
0.812144728185686809994e0 -0.137138685323379392353e1
-0.463992190553769513523e0 0.551116637852814166392e-1
0.954837607533828790522e0 0.275051866178528440024e0
-0.138293202639611773121e0 0.122867616432038405500e0
-0.109881509027364401975e0 -0.613252350835620421439e0
0.737079190991788472075e0 0.217719933974283755816e0
-0.953028863463791498433e0 0.770192481740090040547e0
0.125874602177935790946e1 -0.550836470783309743488e0
0.663758539147999999952e0 0.713786854554000000023e0
0.508194770053691948679e1 0.247343522130650407260e1
0.373463344564394872176e1 -0.923981253664535949130e1
-0.125121166023642668803e2 0.426523117028692463730e1
0.166369021248534545970e2 0.835808366056889687039e0
0.161885971708544295113e2 0.399821344584403390917e1
0.258623708328887495327e2 0.567874888384769820147e1
0.126578970556956859527e0 -0.429363653424570260712e0
-0.150559707591942116964e-1 0.385851832833384107929e0
-0.887484551388376555669e0 0.177379453655616498332e0
0.640971961441560266338e-1 -0.953385401327598613007e0
0.665042759286594478815e0 -0.390547307019172570958e0
0.104241185618215922511e0 -0.211797229562010749348e0
0.266955137948314413549e0 -0.646255352495797936541e0
0.790403787775233293827e0 -0.184175295849839467437e0
-0.677332599287503431533e0 0.466202699204938483774e0
0.735481123300379225705e0 -0.526516333566514820275e-1
-0.173706140201281533848e0 0.894360045181591086828e0
0.100000000000000000000e1 0.000000000000000000000e0
0.553440255813419122949e0 0.681224563753705901345e-1
-0.439010771687430829274e0 -0.207109736104493856554e0
