
0.812144728185686810102e0 -0.137138685323379392374e1
-0.463992190553769513523e0 0.551116637852814166595e-1
0.954837607533828790522e0 0.275051866178528440186e0
-0.138293202639611772945e0 0.122867616432038405676e0
-0.109881509027364401935e0 -0.613252350835620421601e0
0.737079190991788472075e0 0.217719933974283755924e0
-0.797328229009192316484e-1 0.173834815026663229215e1
-0.223569547455752326809e0 -0.269703474293819817163e1
0.663758539148000000006e0 0.713786854553999999915e0
0.158871132334649537259e2 -0.258034230863549425457e2
-0.136814250919936749550e2 -0.299243198050257243770e1
0.105440069924890298877e1 0.243730463113294628374e2
0.109615407992947916632e2 -0.166807101304060030143e2
0.121326260111971765193e2 -0.124081750171035713479e2
0.298584505415358161286e2 -0.229349398885360175274e2
0.126578970556956859500e0 -0.429363653424570260631e0
-0.150559707591942117100e-1 0.385851832833384107875e0
-0.887484551388376555561e0 0.177379453655616498210e0
0.640971961441560266745e-1 -0.953385401327598612845e0
0.665042759286594478815e0 -0.390547307019172570876e0
0.104241185618215922531e0 -0.211797229562010749307e0
0.266955137948314413494e0 -0.646255352495797936432e0
0.790403787775233293718e0 -0.184175295849839467329e0
-0.677332599287503431425e0 0.466202699204938483666e0
0.735481123300379225542e0 -0.526516333566514819733e-1
-0.173706140201281533943e0 0.894360045181591086774e0
0.100000000000000000000e1 0.000000000000000000000e0
0.553440255813419122949e0 0.681224563753705901617e-1
-0.439010771687430829166e0 -0.207109736104493856527e0
