
1.312486330405819e-01 2.404465344669991e-01
6.921174106304701e-02 2.046185033943571e-01
-1.668721075103119e-01 7.822456052512704e-02
-2.598001218360011e-02 -1.979543630382364e-01
3.941582521130925e-02 8.830514804284539e-02
-1.052686208569818e-01 -4.249217142876270e-02
-6.642249648613612e-01 -1.068075111293468e-01
-9.433756513674219e-02 8.557260859454884e-02
6.637585391480001e-01 7.137868545540000e-01
-9.936996500572089e+00 -1.738022969969188e+00
7.024669983508224e+00 2.935387815430411e+00
-2.666901898571681e+00 -7.104278821522488e+00
1.049283276391248e+01 2.730163292241558e+00
4.145656914692836e+00 3.587596941885335e+00
1.181611971185816e+01 9.331243246752427e+00
-5.765305632296675e-02 7.611549079231213e-02
-4.735627343665421e-02 1.218464123389794e-01
-3.714070862734632e-01 -1.932756290147475e-01
1.000000000000000e+00 0.000000000000000e+00
-5.575550183411375e-01 2.233794777396700e-01
-4.193456997706020e-01 4.865688844782895e-01
6.766322603549495e-01 1.938652494080936e-02
-7.958478384725588e-01 5.685003702314537e-01
-6.351676731689921e-01 -2.217401385958764e-01
-4.993182832645431e-01 2.603199263789696e-01
2.803005498780884e-02 2.856048526392556e-01
-3.937227936432826e-01 7.364807384000435e-01
1.222077473888834e-01 -1.211811615870227e-01
3.003608739601106e-01 -5.762848501761397e-02
