
4.555227467171326e-01 -1.723320523699976e-01
5.424553036194770e-01 1.694632930126752e-01
3.869386355197548e-01 2.216892128324152e-01
3.763746376708781e-01 5.459967470106944e-01
1.959342552458204e-01 4.820706288409365e-01
6.850379959553823e-02 4.025389395953782e-01
-7.953148519445807e-01 8.036336043297507e-01
-9.228286927775722e-01 7.994845915017902e-01
-1.619752492941950e+00 5.934541547002732e-01
1.441654063929380e+01 -1.735022464725487e+01
-1.408863172557972e+01 1.958996365033530e+01
1.676465518564639e+01 -4.051967927840917e+00
9.978945123031592e+00 -3.026719724360720e+01
-1.083062885417044e+01 1.492994742204349e+01
1.149989818048714e+00 -4.609321244017965e+00
1.685470782161422e-01 7.230714295850343e-02
7.605744221276839e-02 3.397450687771203e-02
-1.415566107263401e-01 -2.764768563162324e-01
1.000000000000000e+00 0.000000000000000e+00
4.541076166308915e-01 4.736569814074645e-01
3.647718701939192e-01 4.710983569619471e-01
3.943858939584122e-01 3.198146528214796e-01
1.011383565336495e-01 2.545032800222217e-01
-3.370476752271012e-01 -3.303214543107967e-01
-2.120473731699436e-01 -1.492247129538465e-01
-1.669248237056772e-01 4.316319832728697e-01
-2.744387526243942e-01 3.164580654728952e-01
-2.188493008009815e-02 3.140624288402014e-01
1.500306430855445e-01 -2.333750624650172e-01
