
0.322898240885147693775e0 0.142565011300840825562e1
-0.560877002151635587976e0 -0.101326697972414311822e1
0.314326631425540726037e-1 0.390396583168514109223e0
0.650757755676528663186e0 0.646901709467026679590e0
-0.110230965333995046323e0 -0.290070817427646995915e0
-0.650749834850533803871e-2 0.104738335658688530187e0
0.267785186526644193999e2 0.211438617719270916910e2
0.811991851253168699619e1 0.108977938508828994099e2
0.679463845358993717715e0 -0.397994935736970467194e-1
-0.157874423762474491412e3 -0.953769016638915001355e2
-0.103318326862085481221e3 -0.801142299384960123870e2
0.257742731128990017198e3 0.178971922435456994374e3
-0.668371540147821680961e2 -0.557842421528917073413e2
0.176051363146608511559e3 0.172517929411884235191e3
-0.362341543807709673297e3 -0.274726959146202618145e3
0.172273514867367062492e0 -0.309059587170222324916e-1
0.405426266848386081617e0 0.256841624697435760058e-1
0.262149109030880733657e0 0.153440208610973587340e0
-0.745097058865764190288e0 0.257846478160071514521e0
0.223742924002522609980e0 -0.446727501580171571552e0
0.203485641413769516065e0 -0.421616447536034886329e0
-0.940408172738457315959e0 -0.506993465777290055921e-1
0.265379139781575562981e0 -0.959050914295541867083e0
0.100000000000000000000e1 0.000000000000000000000e0
0.152806340625041542125e0 -0.272724121916956914599e0
0.285848902812630401590e0 -0.106828086996319764006e0
0.925047444479617820434e-1 -0.597894466397772710844e0
-0.847109847165879993220e-1 0.123729753089478626877e0
-0.211152948199364232061e0 0.262310289268519034050e0
