
-1.661052557917374e-01 1.562047513282954e-01
9.911754909142673e-02 4.998901202725347e-02
8.946826712219463e-02 -6.051206715334015e-02
6.529202594799940e-03 -5.533591645074686e-02
-3.185126721648032e-02 -4.777521175894053e-02
1.595760531969375e-01 -1.008688348775486e-01
-5.366028574424840e-01 -7.933155977776377e-01
-4.245349148526418e-01 -1.967307256580872e-01
-1.536212233181578e+00 4.079225106118508e-01
6.040322535755156e+00 -5.574088060404851e+00
-9.173086324794363e+00 2.272345245606474e+00
1.734725650137454e+01 -6.553941861846850e+00
8.691111080440081e+00 2.021568820694222e+01
-6.963177911263365e+00 -7.836272352239120e+00
-7.472925367825884e+00 1.880234450269368e+00
2.244774869489291e-01 9.582741384885525e-02
9.335131148253711e-02 3.729934451517859e-02
-4.698808262006011e-02 -1.878942542654363e-01
1.000000000000000e+00 0.000000000000000e+00
7.261497834149406e-01 5.800945979196050e-01
5.183497901331291e-01 4.241936992647238e-01
4.290719840313977e-01 5.199443482527731e-01
3.512959757899012e-01 1.320579379872520e-01
-2.773452470108875e-01 -2.730890595625928e-01
-1.949331373016164e-01 -1.678894436220990e-01
-2.627307205962500e-01 3.119709304382454e-01
-2.917578683372975e-01 3.371211685585029e-01
-6.409418183141304e-02 3.445559868811299e-01
1.332457481027814e-01 -2.789312688509127e-01
