
-1.864008904337118e-01 -1.171809486884368e-02
1.130026267600840e-01 -6.976885121599655e-02
-6.699911563045005e-02 1.277609638424432e-01
-3.692811817795598e-02 8.691403813213389e-02
-1.359492909801906e-02 -1.016758510574527e-01
6.898784022982082e-02 8.750675538358660e-02
-1.394119956445506e-01 -2.692271020700092e-01
6.534360988239757e-02 3.817657504073523e-01
3.582273677984493e-02 -9.075989369807921e-01
-2.864930820270360e+00 4.148789857609578e+00
-1.988136910310461e-01 1.206373076390397e+00
5.693644957170395e+00 2.057539162799564e+00
4.233638863428460e+00 -4.397871707355628e+00
6.947446519177774e+00 -1.899637155803256e+00
5.819131652458832e+00 -6.062278320601181e+00
2.764713023999196e-02 5.646529557504039e-02
-1.462348184262702e-02 3.055875813084139e-02
-4.167682638802839e-02 6.879117291966688e-02
-4.316817752119255e-01 -1.800501410870679e-01
4.330183181784692e-01 3.324274249669123e-01
6.864293232942017e-01 -1.282491858354444e-01
-7.897284055294669e-01 -8.459890090780291e-02
1.000000000000000e+00 0.000000000000000e+00
3.998472320680807e-01 4.670382819005604e-01
-1.941720483233049e-02 -1.689854815158800e-01
3.525884197481940e-01 -2.482381714159615e-01
-7.751309828113070e-02 -1.573470427712458e-01
-1.783493180205818e-01 2.495635044895660e-01
-1.733686662904514e-01 -8.052952500932409e-02
