
-1.869440493690646e-01 -2.244063459737646e-01
1.094287003926408e-02 2.645780413379879e-01
7.276395650009351e-02 -1.464217269372495e-01
9.907621972496007e-02 -1.043648770492442e-02
-8.256948606225503e-02 3.272959915552613e-02
8.747901816045474e-02 -1.384321166239353e-01
9.013085332547006e-01 -2.071063048214213e-01
2.786484012823207e-01 -1.215453286078629e+00
6.637585391479999e-01 7.137868545540000e-01
-9.078031347632232e+00 -9.564198696082839e+00
-7.411134063691595e+00 1.274946624016068e+00
1.264870212563464e+01 -3.603612232385585e-01
1.206673965730291e+01 7.745373260397971e+00
1.439553665568875e+01 -1.010377721772082e+01
-2.988708309670675e+00 1.818825435684866e+00
-5.765305632294293e-02 7.611549079230398e-02
-4.735627343664885e-02 1.218464123389931e-01
-3.714070862737393e-01 -1.932756290147219e-01
1.000000000000000e+00 0.000000000000000e+00
-5.575550183412690e-01 2.233794777401670e-01
-4.193456997704887e-01 4.865688844785139e-01
6.766322603544214e-01 1.938652494083711e-02
-7.958478384722583e-01 5.685003702319052e-01
-6.351676731690358e-01 -2.217401385958993e-01
-4.993182832643524e-01 2.603199263790273e-01
2.803005498792201e-02 2.856048526391443e-01
-3.937227936431761e-01 7.364807384000430e-01
1.222077473888454e-01 -1.211811615869377e-01
3.003608739601575e-01 -5.762848501767458e-02
