
-0.651838548895428188703e-1 -0.158414355023327448218e0
0.869122555799622393397e-1 -0.118113535839559617472e0
0.234506207762927680808e-1 0.348941552183008901837e0
-0.138049062042426595465e0 0.463302779708827502741e0
-0.349353084614774421837e0 0.609638126897117666912e0
0.203232916931969444843e0 -0.304888424685500099612e0
-0.284068334797372860174e1 0.343389829798770649175e1
-0.920140257106806481340e0 -0.203210798070238456061e1
-0.244426447158937010283e1 -0.614641640302323278991e0
-0.292420440281196605432e2 0.108167142806861845850e3
-0.574465667253596601327e1 -0.800287464543343896109e2
0.230644192502893979335e2 0.275990432340634732188e2
0.884414059075608132571e2 -0.523188401802497784800e2
-0.502938351258251859430e2 0.322301989415395026169e2
-0.585453467865749463336e2 0.756551231275724918174e2
-0.120352296124061608623e0 -0.174754373955205270203e-1
-0.339434892570139279977e-1 -0.236755081424550162098e-1
-0.720222621036034134519e0 0.222703410676455329742e0
-0.265900124961997685332e0 -0.757079633988361067629e0
-0.271345961666118066244e0 0.219560180979734020609e0
0.439452915545793196229e0 0.564075927026108684290e-1
-0.821169713625483304264e0 -0.509092309691436511207e0
0.448893535725324787419e0 0.715640077726534478190e0
-0.334866702854285313548e0 0.341984057472660425486e0
-0.499064702992786281147e-1 0.125149830728131701452e0
0.100000000000000000000e1 0.000000000000000000000e0
0.232787157700681801307e0 -0.848677880869129794584e-1
0.284034809358258070956e0 -0.124187708976787978890e-1
-0.127029605630547684608e0 -0.559282515606581417897e-1
