
1.385786703787471e-01 1.928135224733465e-01
-8.314011652919859e-02 4.246962731544270e-01
1.025208588227240e-01 2.507169773237158e-01
-3.568421067797584e-01 5.555602911836799e-02
4.905108299066666e-02 -1.238537573818980e-02
2.182634364010112e-01 -2.483695515917145e-01
2.913474053935494e-01 6.520324742748633e-01
1.924489869232037e-01 4.033615540501478e-01
6.637585391479999e-01 7.137868545539998e-01
-1.398725491378927e+01 -7.721247195703972e+00
5.281943600668355e+00 -1.647813149548379e+00
5.002590525317638e+00 1.292191134998938e+00
1.406911910417800e+00 7.498663631311022e+00
1.155756962232298e+01 7.351523556400939e+00
1.953672003172498e+00 -5.126528056940187e+00
-5.765305632294983e-02 7.611549079229793e-02
-4.735627343664543e-02 1.218464123389889e-01
-3.714070862736806e-01 -1.932756290146389e-01
1.000000000000000e+00 0.000000000000000e+00
-5.575550183410869e-01 2.233794777401179e-01
-4.193456997704380e-01 4.865688844784371e-01
6.766322603545266e-01 1.938652494099963e-02
-7.958478384721697e-01 5.685003702317275e-01
-6.351676731690350e-01 -2.217401385958812e-01
-4.993182832643688e-01 2.603199263789561e-01
2.803005498786609e-02 2.856048526391288e-01
-3.937227936431956e-01 7.364807384000095e-01
1.222077473888794e-01 -1.211811615869413e-01
3.003608739601296e-01 -5.762848501767849e-02
