
-1.408998797032025e-01 1.505628598552029e-03
-2.834001850716403e-02 2.736062455312108e-04
5.959358833059470e-01 1.893078750812044e-02
7.678686937361126e-01 3.189382745052544e-02
1.328932066146302e+00 7.795120278203793e-02
-6.269688140329100e-01 -3.339945604907746e-02
3.706650774080821e+00 1.300322055295635e-01
-2.921770186920093e+00 2.814351928917658e-02
-3.562137965055280e+00 -9.579963091278731e-02
2.187778847752195e+02 7.529438532072461e+00
-1.392682926095424e+02 -2.496659564779542e+00
4.511330203492745e+01 -2.604009914760113e-01
-9.466776346258050e+01 -7.287064494752016e+00
5.175524924770085e+01 3.422139845112373e+00
1.525196432669339e+02 6.678083707299635e+00
-5.506817737397697e-02 -3.931738079540868e-02
-8.967504775690218e-03 -2.718468062949731e-02
-7.826006478789560e-01 2.993583819922431e-01
-4.661889164990249e-02 -8.555772507291253e-01
-2.127413942790757e-03 1.062431538194957e-01
5.355862287692250e-01 -9.697865114446923e-02
-5.654691256384934e-01 -2.090378986950208e-01
4.803134956848066e-01 4.769066680884019e-01
-4.943198181328065e-01 2.574670838804342e-01
-2.024154544281689e-01 1.227697296968772e-01
1.000000000000000e+00 0.000000000000000e+00
1.216010059224804e-01 4.471018737003001e-02
4.516010558026761e-01 3.081566554569939e-03
-1.408974377674989e-01 -8.323107892610697e-02
