
-1.083162676165539e-01 5.899219873658217e-01
3.800826217013955e-02 -1.533447566681520e-02
6.747096167060190e-02 1.959598056898016e-01
-2.275705181459798e-03 -1.632395432600428e-03
8.840222627836543e-03 -1.106406428613238e-02
5.355445949839886e-02 4.754373664792383e-02
-5.588130076631752e-01 1.075697962526000e+00
2.936964675990225e-01 1.614336856547967e+00
5.063811406696423e-01 -6.409548438336129e-01
-1.504343929484539e+00 -3.164023624671892e+00
-3.222862518314229e+00 -1.942501850987277e+00
-3.521814823077835e-01 9.458201612687672e+00
2.359240893700437e+01 -4.528597927628120e+00
6.501875795037344e+00 1.408943830921423e+01
1.161055583183175e+01 -2.191724765814310e+01
1.916072173321807e-02 5.079647831760938e-02
-2.619966587742266e-02 8.372478534485886e-02
2.281416791189446e-01 1.139860961848774e-01
-5.902557760905720e-01 -2.367789634959572e-01
3.803215927949395e-01 1.585434512600005e-01
6.479948189329549e-01 -1.013345784964807e-02
-5.473657896541930e-01 -5.187737540018962e-01
1.000000000000000e+00 0.000000000000000e+00
2.822070642784511e-01 8.889034274942385e-01
6.559658040082190e-02 -4.351922266692146e-01
3.696000832290800e-01 -3.570190939872871e-02
-1.903280521255808e-01 -4.912208140695262e-01
-3.699221843321426e-01 2.582446117966791e-03
-2.212103198577622e-01 -6.110941982571209e-02
