
5.525238258950365e-01 -7.215477866340178e-01
7.756436927403795e-01 1.131606405093155e-01
-1.529812131514664e-01 5.287479244480155e-02
-6.427239496295758e-01 3.451105954931341e-01
3.423532007483031e-01 -4.783180114370801e-01
9.020012373453921e-02 3.764371911408836e-01
-1.192483859775137e+00 1.240576898818475e+00
-1.183453807497327e+00 -1.124888495216400e+00
4.541741178507506e-01 -6.258784090910021e-01
-1.896601564892711e+01 4.234026819814947e-01
1.236345122850330e+01 -1.523653642200581e+01
-4.057107518505259e-01 2.273682777137342e+01
1.070569311814042e+01 -5.704324003822331e+00
-1.056194572848448e+01 -5.823971673855755e+00
5.649454886804974e+00 -1.868089561263525e+01
1.924180011205513e-02 5.070595268737921e-02
-3.173223996263801e-02 7.704365581262032e-02
1.907066152290292e-01 1.100583284177524e-01
-5.641981291243202e-01 -2.376432124555713e-01
3.984577917667162e-01 1.783156015312169e-01
6.472658402947988e-01 -3.134323094851599e-02
-5.532290992277624e-01 -4.549545153063717e-01
1.000000000000000e+00 0.000000000000000e+00
2.855088432584817e-01 8.282299527517054e-01
6.253551327000390e-02 -3.876618436835938e-01
3.481673986488580e-01 -6.395796799877015e-02
-1.573232597782064e-01 -4.358150685728347e-01
-3.362636637160191e-01 3.468533167867277e-02
-2.164560641180588e-01 -6.876710434495706e-02
