
0.253938810136064109524e0 0.145362548923166259821e0
-0.652440766848208863492e-1 -0.254505730201607915841e-1
0.140824714360136679029e0 0.986574109253410426711e-1
0.163432287911098580090e-1 0.372256954493601891879e-2
-0.368186224698569126686e-1 -0.183856597077263968863e-1
0.771301773279699713656e-1 0.652714889936395660920e-1
-0.696419542222410438025e0 0.787777841218840775084e0
0.146748430198416781852e1 0.653737670341877551540e0
0.151237578134901912966e1 -0.352386935780236250327e0
0.828305172713235933566e1 -0.592758449251325967872e1
-0.461850227498903159956e1 -0.413575421020917286148e1
-0.153447085507216987232e2 0.101380675285775341595e2
0.332451906762814654028e2 0.388087559136491047802e1
0.219973610417135423782e2 0.462061207799961690904e1
0.335827363629470803143e2 -0.198528765333488509091e2
0.280420419358469261031e-1 0.518235694104998635118e-1
0.555030161845341734808e-3 0.549877407102819150594e-1
-0.233067537589641056724e0 0.126806479649942458111e0
-0.276017268778479607380e0 -0.614549077765110335347e0
0.395294896713037185190e0 0.414841682493045760992e0
0.439437004517109509546e0 0.193230721221206091403e0
-0.327938332288564239348e0 -0.507930602178482332838e0
0.754534361728000789091e0 0.505051995171188978508e0
0.742597523790406341914e-1 0.217127683959917049746e0
0.581826553856358751656e0 0.321696468604224048549e0
-0.293973196610419824027e-1 0.995152565590394769915e-1
0.100000000000000000000e1 0.000000000000000000000e0
0.250369432947818274681e-2 0.191385364154972545414e0
-0.178708373144107058705e0 -0.238788533915618218033e0
