
3.484029546562002e-01 4.226382514449539e-03
1.300547135053425e-01 2.451872594338246e-03
-1.364986012557174e-01 2.555426945598606e-03
-1.764442813266972e-01 -3.319358687158394e-03
1.742459501341061e-01 2.022937901083058e-03
-1.719586733295031e-01 -9.070238272911868e-04
-8.957781461024560e-01 7.904217878974662e-03
6.567001129944896e-01 8.602487249025681e-03
5.375871045830845e-01 1.549946350702941e-02
-5.700736301261292e+00 6.248877731951774e-02
7.715026424931329e+00 -7.314038705576875e-02
-7.198980473976551e+00 -8.289225223143237e-02
1.423969076391124e+01 8.244489861987159e-02
8.660680558596940e+00 2.002315886021169e-01
1.449020141108349e+01 1.871659718536725e-01
-2.390656070775530e-01 1.163204011672081e-01
-7.174408808414831e-01 2.987881960388040e-01
-1.251623056673559e-02 -1.982792515084550e-01
1.740243891705447e-01 -1.922927903387452e-02
3.802960988315638e-01 2.238172246795317e-03
-1.377854954824608e-02 -1.914600783834813e-01
1.000000000000000e+00 0.000000000000000e+00
6.106195116224610e-01 8.653078162186531e-02
-6.666445201328492e-01 7.253648199279950e-01
-2.864833881920194e-01 -2.189344436942641e-01
-5.030567983040551e-01 9.494488436010845e-02
-5.232424475625996e-01 2.652884736379629e-01
3.155293240782744e-03 -6.368059755817358e-02
-1.138562795087709e-01 -1.933713663874243e-01
