
-5.794461546773461e-01 -2.965977508323081e-01
-2.772677496373604e-02 -2.834896670577660e-02
-6.217525893557127e-02 -5.839542745811579e-02
1.774091506730305e-01 2.717984605626457e-01
3.324888727071261e-01 5.096344314164657e-01
6.229507392596402e-01 9.554959999743194e-01
-1.946016415241448e+00 -1.110223024625157e-16
-7.126284498615908e-01 5.551115123125783e-17
-5.940476472225579e-01 0.000000000000000e+00
2.484748928483604e-03 2.168404344971009e-18
2.666093773553491e-01 5.551115123125783e-16
-1.420500143031833e-01 -2.081668171172169e-16
2.860673739667797e+01 -5.329070518200751e-15
-1.524172741662187e+01 2.664535259100376e-15
8.120823127127405e+00 -1.776356839400250e-15
1.016114258695245e-01 3.582027029044211e-02
1.737617952485253e-02 -2.267897639711753e-02
6.582514538950437e-03 3.018138250130892e-01
-2.251454653720333e-01 -4.082320838397783e-01
7.013405555229670e-01 3.637447141823972e-01
7.138759282629309e-01 -1.103518035985679e-01
-3.027443791068451e-01 1.666164357534360e-01
1.000000000000000e+00 0.000000000000000e+00
6.258162264961857e-02 4.139114928907795e-01
9.052768651974342e-02 -4.794895225970087e-02
1.824560612643074e-01 -2.842443063410856e-01
1.124511178008935e-01 -6.597473889292345e-02
-5.842405157400071e-02 1.077159088003450e-01
-1.497274367799429e-01 -1.758126820366330e-01
