
4.593488961809749e-01 1.710952265509658e-01
4.429048945149011e-02 9.064430330882167e-02
8.729185465844259e-03 -7.184947568649946e-02
-2.278012675673999e-01 -1.872081102531499e-01
2.555928681089071e-01 7.743858900777206e-02
-2.315476286135750e-01 1.611288370218406e-02
-6.592219882491350e-01 -1.056813781030569e+00
1.459921088089085e+00 -6.046506896955604e-01
1.033044574311223e+00 -7.724427576631816e-01
1.109334920529578e+00 -5.136796806303947e+00
6.449900248729241e+00 1.419236247779042e+01
-1.376553374585533e+01 -3.723113004450128e+00
1.298901588148665e+01 -1.316812260324111e+01
2.108971781625095e+01 -1.335896934008185e+01
2.619434137152963e+01 -1.739107786705174e+00
7.793692928351270e-03 2.569459995917595e-02
-4.531980348633836e-02 9.111454431791850e-03
-4.431761441852656e-01 2.577671925637501e-01
6.754892206281125e-02 -4.473601295596249e-01
3.144642403663588e-01 2.467314689995321e-01
7.889538038915501e-02 7.569632459193176e-02
8.351375804594584e-02 1.351562703101339e-01
3.058828259479711e-01 3.598460336359937e-01
-4.012445909634893e-01 -3.541947612637319e-01
5.764838345329022e-01 3.796147491695113e-01
-1.958722724501462e-01 1.130062711571296e-01
1.000000000000000e+00 0.000000000000000e+00
4.341270431330100e-01 6.829730577535273e-02
-8.399118814871760e-02 -1.738814333770449e-01
