
-0.228300483109968410279e0 -0.266166929241524519482e0
0.615806639559254313339e-1 0.320852598025917523185e-1
0.913002803104341232471e0 0.948389619938689790570e0
0.158773398349726878106e0 0.127524137259324906750e0
0.562928971007406183465e0 0.567031048364218640250e0
0.695270847602415319693e-1 0.138642791982199612501e0
-0.177050544026587065756e2 -0.204904117127321488707e2
-0.185432132315614477784e2 -0.211729556743354933868e2
-0.761493339714015144391e1 -0.586251983322075655158e0
0.747714738753519519099e3 0.906706151786683915594e3
-0.120003398483056077217e4 -0.156904753410907755740e4
0.271339292846650401575e3 0.310852726602969114095e3
0.201050359011422121414e4 0.275164128707575865329e4
-0.447030969602123712164e3 -0.541219868255243464872e3
0.743992643185227882086e2 0.962082849953045858987e2
-0.175001131914667454164e-1 -0.806745768634316640154e-2
0.604874097642286943772e-3 -0.885510371595658162912e-2
-0.904389851024539531904e0 0.310150147407062442754e0
0.199352532255068811871e0 -0.612235559475785099293e0
0.143584989692920638973e0 0.137565762551145591379e0
0.567767838340327644973e0 -0.174190261893512036376e0
-0.597276980797602763005e0 0.317140380005913165133e0
0.511017327241885558286e0 0.249208666401796088253e0
-0.589531978906270670831e0 -0.417820522309945389255e-1
-0.346528119724051592699e0 -0.452808947308164372664e-1
0.100000000000000000000e1 0.000000000000000000000e0
-0.158134330416268294783e0 -0.189683121983173694372e-1
0.628776021853716772416e0 0.888172823285207644944e-1
-0.101751911300463798610e0 -0.452617630120603279720e-1
