
-5.270530412298382e-02 -4.405898383816979e-02
1.618406416549980e-01 -1.479583147692964e-01
2.189337171372948e-01 -5.972998374684602e-02
3.991004729769996e-01 5.750346462566790e-01
9.566002851625778e-02 7.180514316126284e-01
-2.513059256411793e-01 7.063064916937233e-01
-1.967569949952760e-01 -1.213885796130384e-02
-1.627742677716606e+00 -6.403279731726460e-01
-4.528187068147788e-01 -1.781517479970923e-02
9.329982159358437e+00 6.087557535174847e+00
-1.487391392580825e+01 -6.750603357907718e+00
1.586620435682459e+01 2.609954194228040e+00
6.049593864295913e+00 2.333511833098526e+00
-7.125606620336730e+00 -4.199005320320778e+00
1.007407904187572e+01 4.858131631467545e+00
8.732109262866787e-02 2.690973250321807e-02
5.634551162440595e-03 -2.946327116619869e-02
2.237143998614220e-02 2.955188886046611e-01
-2.984803492381439e-01 -4.090532881550606e-01
6.706599629418920e-01 3.285126556808445e-01
7.014906034625199e-01 -1.298412245586474e-01
-3.378168718889843e-01 1.092249374464620e-01
1.000000000000000e+00 0.000000000000000e+00
8.440151170235946e-02 4.415524291782515e-01
1.158974417771778e-01 -6.108554530409346e-02
1.947386932978090e-01 -2.847670834677679e-01
1.312366154340560e-01 -1.139450004678520e-01
-6.961122749281545e-02 9.780568991285640e-02
-1.647669742109013e-01 -1.639444339515070e-01
