
-1.279102663271422e+00 1.070394251121941e-01
-1.999986307211467e-01 9.202716413756605e-01
-2.616348184864908e-01 -1.641102105086717e-01
9.413801459084159e-01 5.118619252299136e-01
-3.178022032107803e-01 -1.263316036457899e-01
-5.302168464513946e-01 -5.586381722946013e-01
2.242508045841022e-01 -1.441142507636311e+00
-2.132298319898755e+00 -2.598870309710991e+00
5.649918936112744e-01 3.738707201761483e-01
-1.070924081941861e+01 -9.025861353604819e+00
-7.751937226451931e+00 1.169929792790077e+01
1.653542705645736e+01 -6.836519969414358e+00
8.126204330371024e+00 -4.473576107143309e+00
-8.322964291487196e+00 -2.666475935245759e+01
2.583036489047575e+00 1.349943746074813e+01
-7.460250418468162e-02 1.107961534706065e-01
-6.988618996263540e-02 2.301047656690658e-01
-3.823275393915901e-01 -2.478268040757250e-01
1.000000000000000e+00 0.000000000000000e+00
-5.991539157193002e-01 1.667244357406770e-01
-5.340939549499970e-01 5.045316006446237e-01
7.857088564924357e-01 -1.697980269282488e-01
-8.381951379887288e-01 5.441180988805453e-01
-5.640178734378183e-01 -1.402609062481916e-01
-4.828947135956300e-01 3.471253661718732e-01
-8.291749715129468e-02 3.765836679747890e-01
-2.910648947389308e-01 8.533773074691764e-01
1.003980485428518e-01 -1.214171422851190e-01
2.798044728262274e-01 -5.646597111348123e-02
