
-3.911964939601214e+00 -6.091204240118624e-01
-1.318876148762388e+00 -1.883306230682276e+00
-1.165692154430921e+00 4.547980231735368e-01
2.203134484056549e+00 -2.435906050067349e+00
-8.235110965678092e-01 7.954248208639576e-01
-1.767223115821384e+00 2.403596702101810e+00
-5.100142820319464e-01 2.196550475769319e+00
-4.825884724657724e+00 3.106005915129500e+00
5.541682501161146e-01 -3.022657439912505e-01
-1.273182834762392e+01 1.068354071057906e+01
-7.387428367586770e+00 -1.962915735810200e+01
1.998391006490347e+01 1.274044786233392e+01
2.335604652556851e+00 9.162018308138068e+00
-3.279691526231137e+01 3.425525409183134e+01
1.039622369506707e+01 -1.984555901871714e+01
9.736918528016371e-03 6.645197516898180e-02
-8.841724280688798e-02 1.428326210803258e-01
1.066283803377092e-01 2.168229013484316e-01
-5.091240404761468e-01 -3.647264384754707e-01
5.011798567507043e-01 1.149137009395352e-01
5.302517919864265e-01 -5.295522655465804e-02
-2.370732589142053e-01 -4.345048177470131e-01
1.000000000000000e+00 0.000000000000000e+00
6.627384845965906e-02 7.886484092448215e-01
2.280236003545410e-01 -2.644664007766791e-01
1.605996573699402e-01 2.565437486809369e-02
1.364385733540557e-01 -4.017403509120272e-01
-1.721794448342780e-01 -4.385908443512952e-02
-2.514682624687182e-01 -1.094615174825100e-01
