
-1.149470024135458e-01 -2.011206267470129e-01
4.307385464985711e-02 1.041528148775946e-01
-8.835629410456398e-02 -3.068091933833574e-02
-1.436584831543624e-02 -5.292228482812567e-02
4.075058675153590e-02 2.025558393504156e-02
-3.502619933732024e-02 1.411769306116002e-02
-8.978356096142954e-01 1.036545566355423e+00
-1.278958907932359e-01 -5.994365779430441e-01
3.027761715487801e-01 5.360267264361833e-01
5.732493728728343e-01 -5.056100321554309e+00
2.883631850877877e+00 -3.968341342787884e+00
-3.419297420799124e+00 7.924790353727840e+00
9.034113977966200e+00 -8.945945490059115e+00
3.446442508967532e+00 3.690094977604680e+00
1.871845790108746e+01 -3.164866205788583e+00
8.771445321747054e-02 -4.660464589389439e-02
7.183132062873530e-02 -1.276695142035246e-01
1.750525510608651e-01 3.893851374087538e-01
-7.276577984459291e-01 -5.689003490940283e-01
6.308934216782780e-01 1.691162510408344e-01
6.881177381449194e-01 -1.946233277899252e-01
-4.948628151521933e-01 -2.083524303565971e-01
1.000000000000000e+00 0.000000000000000e+00
2.544287770366560e-01 5.140057847533295e-01
4.506484972232036e-01 7.893212930589769e-03
1.972917605223037e-01 -3.165926324485943e-01
5.609778538695274e-01 -3.719847566211253e-01
-1.289258944087585e-01 2.299018381057941e-02
-2.531445307107920e-01 -1.382990163895733e-01
