
6.547225689662256e-05 -4.148217505633590e-04
2.276152593430331e-02 -3.007307631324591e-03
2.650375465124733e-02 -9.604433496803946e-03
5.109784913199749e-01 1.146488215649729e+00
9.148951113581678e-01 1.240248767665055e+00
1.423989859151754e+00 1.246251039730222e+00
-1.106018088201101e+00 1.574218749031134e+00
-2.626108786409259e+00 -3.487363897794727e-01
-4.413070001102949e-01 -1.934724944905051e-01
1.444754750908471e+01 9.846392876169002e+00
-2.033032862013561e+01 -1.511836688840283e+01
1.329702684458236e+01 1.569726457634649e+01
2.342959454474711e+01 -1.642276220210985e+01
-2.116442840649222e+01 8.812002498804672e+00
1.807533727701822e+01 -3.249767294447782e+00
7.426997008542233e-02 4.032307434833723e-02
-3.695619275359704e-03 -1.580700959061297e-02
1.242759517708394e-02 2.734704088206276e-01
-3.133068720326123e-01 -3.353698791061167e-01
6.239888686614111e-01 3.505809935735622e-01
6.804779336688725e-01 -1.222431549572349e-01
-4.113858009898734e-01 1.263684780739352e-01
1.000000000000000e+00 0.000000000000000e+00
1.210107187172490e-01 4.275665531922982e-01
1.001747383916933e-01 -8.966490452809725e-02
2.049141431013685e-01 -2.940727610363685e-01
8.101507117444604e-02 -1.383785897516124e-01
-8.106084070270819e-02 1.108926869035989e-01
-1.566920748057688e-01 -1.449692557046314e-01
