
0.350562345154663406789e0 -0.602186092856353504725e0
-0.277689178220626689281e0 0.404305558138114514127e0
0.357763081278138355676e0 -0.489500034243815071721e0
0.216148265547975295553e0 -0.269227651444302099948e0
-0.276828599094750783485e0 0.324827048881984957598e0
0.353819997254678426560e0 -0.391327252480235744235e0
-0.854434848123216167024e0 0.324986537605544966670e1
0.223077681243612051970e1 -0.211890556160307595517e1
0.109530055164849590840e1 0.188430511639984189987e0
0.177088492487218951508e2 -0.418015576080685646726e2
-0.440756775033054476031e1 -0.687849010100519311526e1
-0.189840157023845718075e2 0.444353293438146686838e2
0.280111852327301323121e2 -0.177024215388604089852e2
0.280891494618652560328e2 -0.764205607152014933410e1
0.389327043626153416096e2 -0.599011469573226235236e2
0.916090244422198789803e-1 0.259706726756055835370e-1
0.124549869893673782914e0 0.531574922908485444348e-1
0.624265434282569032625e-1 0.319520703503222794399e0
-0.744785563650757511094e0 -0.516950283897823967803e0
0.561727627495924882893e0 0.135451590012502818967e0
0.578035499924643901082e0 -0.496455868370169944506e-1
-0.602108597747244957371e0 -0.532687606947855405402e0
0.100000000000000000000e1 0.000000000000000000000e0
0.377985934534690030815e0 0.496156777473259644613e0
0.630654908575536809557e0 -0.428713220406718136923e-2
0.139789641442247748274e0 -0.131952208553836261240e-2
0.826362886800969508917e0 -0.488263412082260029625e0
-0.106821230868218297671e0 0.676212132582086270351e-1
-0.303977651704246093706e0 -0.109450199636334824314e0
