
-2.737623536832020e-01 -7.791175069360123e-02
-2.710609854520972e-02 6.130738893325398e-02
6.924929194393827e-03 -9.510929753078642e-02
1.341420209132624e-02 8.322854666468241e-03
-2.195652690975719e-02 -4.719129021281642e-03
3.167143008216183e-02 -4.201915445773490e-03
-8.686126806748008e-01 1.012804930061774e+00
2.340369468801373e-01 1.130050947460427e-01
-5.441858745229053e-01 1.295381156411308e+00
-8.894310746647264e-01 1.856048188427085e+00
7.572266836637123e+00 -2.325865117212170e+00
6.773810576541810e-01 -3.471055289720330e+00
-2.521569771729509e+00 -1.066864257685403e+01
3.063277186576940e+00 1.588261440365712e+01
7.999803627096223e+00 1.532168255910398e+01
1.409049026470710e-02 8.864361990798073e-02
2.953937964443077e-02 6.494892669452904e-02
-4.331079429102110e-01 -2.116560470553023e-01
1.000000000000000e+00 0.000000000000000e+00
-2.888432711550694e-01 4.672382982714940e-01
-3.941882579782915e-02 6.178081176533980e-01
2.610210990343058e-01 1.087264774253150e-01
-3.984192037395889e-01 6.604919564785359e-01
-5.912128804060457e-01 -3.435837232288349e-01
-3.350105330225086e-01 1.166803107915451e-02
1.646798242592871e-01 4.074823176043561e-01
-3.434110211492460e-01 3.885987717392673e-01
1.074221804157809e-01 6.803065649960514e-02
2.591219206938123e-01 -1.152755895361310e-01
