
-3.960163512891238e-01 1.280226698233605e-01
1.310451281660376e-01 -7.425970112536633e-01
2.355856249052534e-01 1.592727327463271e-01
6.560838320857836e-01 4.980708559759663e-01
-4.432736787574493e-01 9.066466235127066e-02
-2.772514166333529e-02 -6.681385349567498e-02
1.595146799355636e-01 3.963067746316314e-01
-7.753487987162293e-01 7.075055596646175e-01
4.005301943597847e-01 -5.555506124368369e-01
-8.984369169017935e+00 7.522663443434586e+00
-2.810155302007183e+00 -5.430203733185033e+00
1.068498667225497e+01 4.466581719789660e+00
6.634285931079331e+00 -2.982241545319736e+00
1.906309381797593e+00 6.532736389907988e+00
2.350083237938604e+00 -4.540421898114846e+00
1.860989355459482e-02 4.960390511064027e-02
-4.567774527366267e-02 7.197581186550350e-02
1.526031299370417e-01 1.349926635041750e-01
-5.363945608412986e-01 -2.581548153007616e-01
4.347073902753377e-01 1.851705970192862e-01
6.304039445148861e-01 -5.500394293094202e-02
-5.027104398512796e-01 -3.784231188563647e-01
1.000000000000000e+00 0.000000000000000e+00
2.378817753515217e-01 7.642633740890613e-01
9.325337373717257e-02 -3.366121333792949e-01
3.009276449451998e-01 -8.128227663660349e-02
-8.594649040025168e-02 -4.014498834769124e-01
-2.777684236935487e-01 4.056598083983896e-02
-2.164312503579870e-01 -8.146674528910526e-02
