
-2.246131446461586e-01 9.474107285816015e-02
8.475763579127005e-01 6.286079612025761e-01
-1.148473968302893e-01 -7.182064646215411e-01
4.770794238422791e-01 -4.542866259123432e+00
-2.424049119717139e+00 2.009106786391416e+00
2.162768632583955e+00 1.777934010093295e-01
5.402650239953264e-01 6.602446116611195e-01
-1.564258080803851e-01 -7.489238480269786e-01
9.623147904087636e-01 1.079710939605338e+00
-6.889225130302751e+00 -2.338436337212856e+01
-4.387656531711373e+00 4.427924127177611e+00
7.000775413901969e+00 4.933752497116272e+00
7.950513926285365e+00 5.779253307749601e+00
1.231788860497278e+01 -3.142723878782999e+00
8.544602299881033e+00 -1.308073981125920e+01
-4.691744760161885e-02 5.295213403460790e-02
-4.223358251964072e-02 7.354181143245851e-02
-3.681291666285423e-01 -1.309418684360553e-01
1.000000000000000e+00 0.000000000000000e+00
-5.045670394493158e-01 1.850063704824449e-01
-3.601954558510868e-01 3.995170428087390e-01
6.630182516749666e-01 1.878595622918470e-01
-7.691159924925968e-01 4.819604015697416e-01
-6.966347913294092e-01 -2.389748156990995e-01
-5.746410129032626e-01 1.926327619727889e-01
1.140069174809563e-01 2.075279021319142e-01
-5.297284094770571e-01 6.842418332384357e-01
1.717349295604944e-01 -1.462789009915130e-01
3.004225905995084e-01 -4.123641433133497e-02
