
-0.744889384225615713684e-1 0.296067218760665923859e0
0.775823008943680791506e-1 0.980696559500145986489e-1
0.789780451846360385568e-1 0.797806844913523318275e-1
0.569632935801885616004e-1 -0.356614331727320362223e-1
0.490768571971390694729e-1 -0.100089798733541178074e0
0.175256448423730097612e-1 -0.260405785587933887634e0
-0.362503633342560842561e0 -0.546511116209162253147e1
-0.990940350216277829809e0 -0.284841411779604781942e1
-0.153621223318157436202e1 0.407922510611849980719e0
0.183794350795950848752e2 0.887158769616579316424e1
-0.306025950376688211218e2 -0.279386739954401094217e2
0.252046707490527700044e2 -0.205478165320107857561e2
0.339211796627744843861e2 0.151819515558154332927e3
-0.121762237572118982602e2 -0.710812623231390878151e2
-0.614322026921340849301e1 0.160895405159302927120e2
0.224477486948928736129e0 0.958274138488560067934e-1
0.933513114825370671435e-1 0.372993445151788439245e-1
-0.469880826200608236285e-1 -0.187894254265434171818e0
0.100000000000000000000e1 0.000000000000000000000e0
0.726149783414941108384e0 0.580094597919607180838e0
0.518349790133129546279e0 0.424193699264724385120e0
0.429071984031397189664e0 0.519944348252775567602e0
0.351295975789902768018e0 0.132057937987252766538e0
-0.277345247010888385181e0 -0.273089059562592458805e0
-0.194933137301616767200e0 -0.167889443622099032128e0
-0.262730720596249159830e0 0.311970930438244144694e0
-0.291757868337297997545e0 0.337121168558502825555e0
-0.640941818314123457377e-1 0.344555986881129151865e0
0.133245748102781777240e0 -0.278931268850912783460e0
