
1.355156554810050e-01 -3.406501496022898e-02
1.961624428888143e-01 -4.490364609028684e-02
1.496737369018071e-01 -3.004654418642316e-02
2.838154889465109e-01 -5.865476515056532e-02
2.164248944492401e-01 -3.868470202234622e-02
1.649124776583327e-01 -2.491676012037018e-02
-1.366209209489794e+00 -9.312968200481220e-03
-2.076727219559526e+00 2.857404176580702e-03
5.126537199295368e-01 4.196828840563583e-01
-7.540049405615710e+00 -8.575657366025780e+00
6.001122500345458e+00 9.032212415642077e+00
-9.569259220245829e-01 -4.180940276239075e+00
6.840911770440548e+00 -7.173744033224141e+00
-1.464440878964885e+01 1.702431612828699e+00
2.029596202073583e+01 1.017334072832533e+00
1.094059905931900e-01 -5.312355628899659e-02
1.442082187540529e-01 -1.541213126360000e-01
1.900497493282884e-01 4.027675028145910e-01
-8.141764828426470e-01 -5.383440653698630e-01
6.037966888185037e-01 1.812014954191978e-01
7.106994527287381e-01 -1.545748523136714e-01
-6.802146860051261e-01 -2.517393446654646e-01
1.000000000000000e+00 0.000000000000000e+00
3.540934986089625e-01 4.418528952627139e-01
5.584728010548554e-01 -2.749569929230719e-02
2.436944707188390e-01 -2.886566454317662e-01
6.607083757419843e-01 -5.181524882808436e-01
-1.459928528523188e-01 4.256576014763779e-02
-2.613599431871984e-01 -1.135356996615880e-01
