
-0.596053673065353561218e0 -0.167677921128778131680e1
-0.759607126453159770083e-1 -0.503348054910107715150e0
-0.118932575790277031171e0 -0.617432398925429302701e0
0.109039084828004982368e0 0.157465624885991636951e0
0.226945952008665240062e0 0.546701786836577596166e0
0.487014588237348578919e0 0.151931358640178967986e1
0.956011998117542746711e1 0.318743113419625525747e2
0.423577336701395085758e1 0.168427617726023371898e2
-0.143879114785633509016e1 -0.653057272919923360649e-1
-0.122144066598067014932e2 -0.939097022567660261322e2
0.272762964990010566453e2 0.183718338818714943012e3
0.581807502772576359690e2 0.108032295618313895699e3
-0.233921113936571004668e3 -0.862752353604710422674e3
0.117423826015793284563e3 0.415946139798498234930e3
-0.385783505704019299837e2 -0.105149327871858247127e3
0.230428364514134834449e0 0.965284272845090183889e-2
0.707337662855937309168e-1 0.438931424762703617740e-2
0.303891071089188593223e0 0.325666336481734789972e-1
0.334459492047125426796e0 0.792464873811842071013e-1
0.100000000000000000000e1 0.000000000000000000000e0
0.403469488941112454800e0 -0.261895664526369767835e0
0.497642719872823255703e0 0.720358291077834973087e0
0.475988633284004173383e0 -0.700261503355601782337e0
0.130137256073079954276e0 -0.105897991113968315436e0
-0.104592946452302756427e0 -0.134057610305615808156e0
-0.473351528938193758813e0 -0.861353675971322447683e-1
-0.182163275044581084597e0 0.183886775165583988789e0
-0.159368036010321903896e-1 0.233019521308930869442e0
-0.528300027680891415189e-1 -0.135708712766011095949e0
