
-0.289584120479731404216e0 0.173713060103198813999e0
-0.188849053961640375783e0 0.137644500552611283791e0
0.153562376406155524954e0 -0.139333003755412164797e-1
-0.121648949272543249614e0 0.106552997923978472322e0
0.104980400659687284408e0 -0.191027068057591070971e-1
-0.659089936923664680864e-1 -0.247596157449875687870e-1
-0.358865556605658441976e1 0.140839941929767498705e1
-0.465189749346719078364e1 0.218624272386012450720e1
-0.595354622484628749450e1 0.214585298387834474488e1
0.188745146109672516099e3 -0.170275412188466529623e3
-0.233259525544507779815e3 0.218821984744513824792e3
0.770770366117251783666e2 -0.494352807310614260176e2
0.297718911998531589630e3 -0.288282213457248666116e3
-0.888783560156836684590e2 0.470690482907364947177e2
0.259915305217853742394e2 -0.405063425298562023655e2
-0.915858342260536118262e-2 -0.210004117641489302320e-1
0.785314667915599201943e-2 -0.120121230574890354757e-1
-0.883244210353149430839e0 0.360042383170152727537e0
0.303237716492128108749e0 -0.764055227802994155650e0
0.120314456313554113585e0 0.115126282874810427898e0
0.532102038096681290581e0 -0.134010071934111055247e0
-0.348386235390110118090e0 0.240464262279876972268e0
0.403564571779318050006e0 0.321512056053194599447e0
-0.722970135092733443233e0 0.594084419999108277310e-1
-0.407792589146504858618e0 0.557952090770544383258e-1
0.100000000000000000000e1 0.000000000000000000000e0
-0.153718521126097943191e0 0.144047918326833504583e0
0.620076798453119011655e0 -0.690658670827873466644e-2
-0.760466802854586507461e-1 -0.797608528531894309807e-1
