
-5.452223851327684e-01 -2.271164467355902e-01
-3.618662786716941e-01 -1.331833692965083e+00
-7.206358198213769e-01 -2.581642449153147e-01
3.050019343074709e+00 -1.021899796261839e+00
-7.307724207182021e-01 3.354537796641036e-01
-2.504796957941941e+00 1.249016242997429e+00
7.589771300510368e-01 5.089479659091540e-01
6.025645257602702e-01 1.772035000286460e+00
5.375871045830847e-01 1.549946350702971e-02
-1.510576777593557e+01 2.985635085430944e-01
1.535412243380330e+00 -5.033018341347084e-02
9.993397026127422e+00 -1.857601202265045e+00
4.254969306399405e+00 4.209121165623999e+00
1.547268118089030e+01 1.594671172080412e+01
-6.553163911506108e+00 -6.343563973618405e+00
-2.390656070775747e-01 1.163204011671786e-01
-7.174408808415553e-01 2.987881960386813e-01
-1.251623056667540e-02 -1.982792515085599e-01
1.740243891704734e-01 -1.922927903384655e-02
3.802960988314761e-01 2.238172246728010e-03
-1.377854954826269e-02 -1.914600783835412e-01
1.000000000000000e+00 0.000000000000000e+00
6.106195116223381e-01 8.653078162195818e-02
-6.666445201329003e-01 7.253648199278673e-01
-2.864833881920010e-01 -2.189344436942554e-01
-5.030567983040588e-01 9.494488436005036e-02
-5.232424475626160e-01 2.652884736378818e-01
3.155293240784337e-03 -6.368059755815610e-02
-1.138562795087560e-01 -1.933713663874197e-01
