
-0.441838750460476996346e-1 0.625686645545102243640e-2
0.239438724820506082922e-1 0.123305380447154469167e-1
0.414189431561174308386e-1 -0.710621478423597394223e-2
-0.936562130097750765933e-2 -0.107426734035748708188e-1
-0.333916644350718557956e-1 -0.274177724275018805146e-1
0.535494963470252072939e-1 0.448580694812384838581e-2
-0.933919920025081511225e0 -0.708805691036819024203e0
-0.499835023672003073966e0 -0.197979597273522659072e0
-0.595354622484628397258e1 0.214585298387834267210e1
0.285655545305693582755e2 -0.260777811790523898205e2
-0.433919816480702655384e2 0.747854584916389311059e1
0.562274056837001372650e2 -0.138922697500019689193e2
0.413149887904791904142e2 0.435329091464087438758e2
-0.365260567785148360341e2 -0.617112671339047126270e1
-0.611977834266204257403e2 0.783598217980127080724e0
-0.915858342260536910322e-2 -0.210004117641489098998e-1
0.785314667915598061329e-2 -0.120121230574890309644e-1
-0.883244210353149203374e0 0.360042383170152532706e0
0.303237716492127721256e0 -0.764055227802993803610e0
0.120314456313553652284e0 0.115126282874810171247e0
0.532102038096680989444e0 -0.134010071934111096379e0
-0.348386235390110378732e0 0.240464262279876599791e0
0.403564571779317728296e0 0.321512056053194544966e0
-0.722970135092733163455e0 0.594084419999108156760e-1
-0.407792589146504749683e0 0.557952090770543472934e-1
0.100000000000000000000e1 0.000000000000000000000e0
-0.153718521126098038655e0 0.144047918326833153870e0
0.620076798453118836340e0 -0.690658670827883415554e-2
-0.760466802854586461789e-1 -0.797608528531892597377e-1
