
-2.000441881667492e-01 -4.263320996873221e-02
2.774172454299288e-02 -1.400582919266290e-02
1.358126262670923e-01 3.049112971330895e-02
-1.344069026452330e-03 4.153891885927899e-03
-3.264872305768761e-02 9.561644625338064e-03
2.013882571932015e-01 3.847931808280430e-02
-2.229813273717171e-03 2.235079026879487e-01
-2.688914738515859e-02 1.329679086308029e-01
-4.145441639463677e+00 -6.960085104897534e-01
2.240598076096681e+01 4.166520231941531e+00
-1.188871346725474e+01 2.496003501833938e+00
3.468476741642399e+01 3.647632617922120e+00
-3.031474521244498e+01 -1.926502925275406e+01
-6.032149576038712e+00 2.390501337176758e+00
-2.416535138886094e+01 -2.420111208499515e+00
-4.717787955123395e-02 -1.858071459284678e-02
-8.280330248214163e-03 -1.828604323237742e-02
-8.214019170507116e-01 2.780435577260044e-01
-6.229353014177375e-03 -7.481027834878816e-01
4.246755686980748e-02 1.721092966417117e-01
5.757346436299480e-01 -9.311208303387544e-02
-6.750667575418021e-01 -6.787673825752677e-02
5.492772111835145e-01 4.412129377992365e-01
-4.676370227877281e-01 1.626177102641283e-01
-2.136158506855943e-01 5.196429172864760e-02
1.000000000000000e+00 0.000000000000000e+00
5.339229472699940e-02 -1.183497021666985e-02
4.752591328500165e-01 6.686796872021167e-02
-1.327325498453968e-01 -7.462845174014285e-02
