
6.434304599514011e-01 1.025268167957269e-01
2.851279928454232e-01 1.016610199407641e-01
7.042703759792197e-01 1.479892639747025e-01
2.140137554935867e-01 6.755622678226866e-02
-1.237326697324430e-01 -2.807263006445577e-02
3.954486674171487e-01 8.313346336413438e-02
5.205967547545487e+00 7.727551422651793e-01
3.947870701046327e+00 4.826309373023163e-01
2.024067902242885e+00 8.138357260183249e-02
-3.056801902633109e+01 -2.926947679057934e+00
-5.885979814437665e+01 -1.123648968851393e+01
5.166595131449447e+01 9.313053563534606e+00
1.069888572203505e+02 1.799793293202939e+01
4.973187250173521e+01 4.007667473742817e+00
-7.642083819401940e+01 -1.507098525297145e+01
3.561545485326203e-02 3.834477008158110e-02
2.879849521620284e-02 3.469947080449727e-02
-3.523560478365645e-02 4.530904639367695e-02
-4.559433487893821e-01 -5.842280131959396e-01
3.727724745439055e-01 4.023452673831919e-01
4.756601527976120e-01 2.007989258949854e-01
-4.283287774067535e-01 -7.335941971969184e-01
7.856457234885812e-01 4.797607640535997e-01
3.411699490151445e-01 3.796552190447049e-01
6.044352133336838e-01 3.177649008795360e-01
-6.694232413346554e-02 4.754551855458274e-02
1.000000000000000e+00 0.000000000000000e+00
-2.115434025729231e-01 2.205366242777167e-01
-1.959759749075622e-01 -2.333418893945047e-01
