
-0.882155929485087770490e-3 -0.631547415039347822342e-1
0.921322126782678919974e-1 -0.112358815865098812254e-1
0.106147923558649895533e0 0.201465799542393577988e-1
0.309270362628477503776e-1 0.132838514521755994135e0
-0.127162641735259866545e-1 0.158258741775338493323e0
-0.701117038057514549285e-1 0.171002956857150894030e0
-0.894613977416745391935e0 0.137534362721770093258e1
-0.146909711791811996903e1 0.402571502043612849671e0
-0.119660888601723974420e1 -0.563058032995806984696e0
0.175220633482955757878e2 0.107081615329037437949e2
-0.242529953471642736457e2 -0.817887643114986870492e1
0.179017594825577387677e2 0.116481093399090302985e2
0.296523458331797157977e2 -0.250639616248716094599e2
-0.158745098872945297796e2 0.134084476483635026967e2
0.491280249002310873650e1 -0.350297752563306339420e1
0.526922361815260080134e-1 0.126247080580218365493e0
0.416679558165634134788e-2 0.300091281338844861976e-1
-0.457410595553841582684e-1 0.384650580128734826530e0
-0.292109232573840983460e0 -0.272417589436682123533e-1
0.477473274868509330146e0 0.585491469172989624742e0
0.552895076576677788711e0 -0.759297531275007072337e-1
-0.638453935174940633956e0 0.506923564129593296379e0
0.100000000000000000000e1 0.000000000000000000000e0
0.186275150477659616683e0 0.277080221001132587184e0
0.645415769992751032740e-1 -0.823725648899295814686e-1
0.190983213732964939832e0 -0.517369171096648697978e0
-0.682054165124967123104e-1 -0.145739184800856917782e0
-0.565217207262000638545e-1 0.770159203207645509277e-1
-0.663641149994267248464e-1 -0.767815914637573170552e-1
