
0.219786351697275400883e0 0.654678181777055382968e-1
0.247627823099737581625e0 -0.311658883469569434168e-1
-0.391924452303348983559e0 0.213674962058245800471e0
-0.535123591709774900217e0 0.447009362938617182178e0
-0.489363748416048206753e0 0.915521922982465126547e0
0.315337240012499499416e0 -0.512477181116322720448e0
-0.469160427557251886880e1 0.542103773645579010889e1
0.275683538331072158995e1 -0.791950763538203956083e0
-0.210333986783736154704e1 0.116152003204325132181e1
-0.704901000270502131051e2 0.145588979074182673451e3
0.767575887770801137608e2 -0.722548952073667594825e2
-0.238762109038341895605e2 0.509625818274024273112e1
0.242700755313983677665e2 -0.142563199886566276509e3
-0.261456809129193755159e2 0.876983589250746704419e2
-0.530909990253752335013e2 0.148236576344754503676e3
0.915819618217810917880e-1 0.208520448356414086807e-1
0.472425858417690736261e-1 0.224818861626661016539e-1
-0.320707188554142144958e0 -0.454337220639133377101e0
0.100000000000000000000e1 0.000000000000000000000e0
0.112525311375608118230e0 0.246289345831459047676e0
0.189067631949751057633e0 0.475836436094714161204e0
0.295834342674415522563e0 0.418354839498495248223e-1
-0.236219810579170935282e0 0.357941562056424771607e0
-0.408901627465453443625e0 -0.464572203794441455227e0
-0.259859786271693052301e0 -0.174024710426803841295e0
0.769370099772393692839e-2 0.660107143461414250284e0
-0.270102220561680000216e0 0.244453520842333463958e0
0.872484338316909851851e-1 0.332270569114536363890e0
0.144951396198427753936e0 -0.159518416212922998753e0
