
1.350675581319842e-01 -2.183613205737188e-01
9.511053771966350e-02 2.326576574511082e-01
-1.710564861061579e-01 1.792201428477671e-01
-1.088210066427827e-01 -1.396873053407451e-01
1.732517204116999e-01 -4.871690555635931e-02
-2.624655148920151e-02 3.580486259144639e-01
-1.082472435875779e+00 9.942574217999585e-01
7.804057445028401e-02 -8.952913006494055e-01
3.839907126369241e-02 -9.320473325933844e-02
-7.614309232380677e+00 9.001531767678805e-01
7.656644484486117e+00 -9.197652889020713e+00
-2.182122627476639e+00 1.344441881027571e+01
1.297566948021922e+01 -9.932188549666197e+00
-1.044755716340132e-01 -1.038762762344407e+00
7.532269899216583e+00 -6.431099727162629e+00
3.667964063119532e-02 5.957298976395131e-03
-6.515034890468860e-02 -4.686003631512345e-02
1.005618499926891e-01 2.421774228496334e-01
-4.744240536732431e-01 -3.448570811582916e-01
5.948489690488729e-01 2.338268733727702e-01
6.497142516007143e-01 -1.680770294593848e-01
-3.765938953172155e-01 -1.820296634323007e-02
1.000000000000000e+00 0.000000000000000e+00
1.005453724130664e-01 5.113810906729872e-01
1.868309650015900e-01 -1.670123903403551e-01
1.729938814099805e-01 -2.554461891910295e-01
1.156731358451830e-01 -2.976792852913416e-01
-1.174223421921937e-01 6.822156528384120e-02
-1.986984678659859e-01 -1.331073282298299e-01
