
-5.852574216733212e-01 1.037380391923180e-01
-2.627986350718475e-02 5.920026094663277e-01
7.463193598660328e-02 -2.198700696780841e-01
5.930469378930507e-01 1.552314802430573e-01
-2.539801616892224e-01 -5.394936162632858e-02
-7.789516219729849e-03 -2.589695194353752e-01
3.572378350554894e-01 -7.224500416747255e-01
-1.097429572865542e+00 -1.595139257726815e+00
6.637585391480004e-01 7.137868545540003e-01
-9.446855401039988e+00 -1.558175666548155e+01
-7.631684875402017e+00 1.210650544675021e+01
1.322388624136652e+01 -5.301604591337424e+00
1.294470103320392e+01 -1.741961228792207e+00
6.058731090636418e-01 -1.532584585780094e+01
2.012678245219431e+00 4.537665600401705e+00
-5.765305632300551e-02 7.611549079231779e-02
-4.735627343665857e-02 1.218464123389569e-01
-3.714070862730339e-01 -1.932756290147085e-01
1.000000000000000e+00 0.000000000000000e+00
-5.575550183407962e-01 2.233794777389475e-01
-4.193456997707117e-01 4.865688844779141e-01
6.766322603557651e-01 1.938652494091647e-02
-7.958478384728913e-01 5.685003702306781e-01
-6.351676731689321e-01 -2.217401385958297e-01
-4.993182832648192e-01 2.603199263788271e-01
2.803005498760429e-02 2.856048526393939e-01
-3.937227936434459e-01 7.364807384000140e-01
1.222077473889655e-01 -1.211811615871421e-01
3.003608739600217e-01 -5.762848501753448e-02
