
-1.886430091385706e-01 5.413314563680563e-02
2.168789173989885e-01 4.855986491981584e-02
-1.953669889798151e-02 -1.072817339774973e-02
9.295478649053565e-02 -2.780014064115479e-02
1.892546468629464e-01 3.997553586532122e-02
9.568822264803482e-02 -2.633300499565085e-02
1.641853401570594e+00 -4.791466656904160e+00
-1.334374466710902e+00 -1.454904035928218e+00
4.646698732889585e-01 2.056708908177456e-01
-2.398011462810142e+01 1.593773464189458e+01
-7.816892415044164e+00 1.916085350917066e+01
2.929264745022075e+01 -4.314546377736735e+01
1.027581180955765e+00 2.790084420524409e+01
2.100306074429401e+00 -3.394848690745714e+01
-2.252844786047860e+01 5.454216655304887e+01
9.863136997745151e-02 -1.353285236104379e-01
1.108383604242979e-01 -3.878162529445911e-01
2.964978229492509e-01 4.022842345445184e-01
-9.056520986413485e-01 -3.622222756095985e-01
6.285828940446043e-01 2.206215066892324e-01
8.050502616769877e-01 -2.381665379434674e-01
-8.686307053702408e-01 1.366053528220452e-01
1.000000000000000e+00 0.000000000000000e+00
2.763841275298392e-01 1.826190334001888e-01
6.132368719723891e-01 -2.390718970291627e-01
2.818555876585069e-01 -4.605804914993449e-01
4.851549743671716e-01 -8.395190360384124e-01
-1.302469319474056e-01 7.483473981798423e-02
-2.232368153519941e-01 -8.691660836531792e-02
