
-0.351932019471015064502e-2 -0.919341173530722823448e-4
0.286657040199072501713e-1 0.876421998792092211782e-2
-0.112500182261796189285e-1 -0.329234071631889916506e-2
0.125341074931014486433e-1 0.326476062531946565204e-2
0.102247508903419700477e-1 0.369079281918727874624e-2
-0.901478729839129799614e-2 -0.317282650796639337181e-2
-0.111748899793262914401e1 0.159824426580405475038e0
0.416729712966220743980e0 -0.236890076363797630232e-1
-0.595354622484628706732e1 0.214585298387834426176e1
-0.325392803090257785384e2 0.174956631411985030801e2
0.157943799270348635214e2 -0.499851171267790264901e1
0.486446893936917812706e2 -0.198752299479561176480e2
-0.484040302829620901291e1 -0.245596062323100107873e1
-0.368038837128066186263e2 0.183165321526337332887e2
-0.100297882590055687763e3 0.480450666875510590051e2
-0.915858342260535973250e-2 -0.210004117641489695309e-1
0.785314667915601155540e-2 -0.120121230574890504029e-1
-0.883244210353149685302e0 0.360042383170153289723e0
0.303237716492128536521e0 -0.764055227802995128397e0
0.120314456313555193383e0 0.115126282874810527529e0
0.532102038096681889819e0 -0.134010071934111223949e0
-0.348386235390109320605e0 0.240464262279877456432e0
0.403564571779318704647e0 0.321512056053194430284e0
-0.722970135092733960180e0 0.594084419999110879022e-1
-0.407792589146504980997e0 0.557952090770546879769e-1
0.100000000000000000000e1 0.000000000000000000000e0
-0.153718521126097479789e0 0.144047918326834061727e0
0.620076798453119419044e0 -0.690658670827870365487e-2
-0.760466802854588014434e-1 -0.797608528531897455823e-1
