
0.127118307494365898687e0 0.945689892676478182574e-3
0.193375668304949379470e0 0.193145809395220708352e-2
0.133780395607888985272e0 0.883322971185889355963e-3
0.381075960253536368834e0 -0.955761180292915719903e-2
0.189736291994709955279e0 0.718364244598569448553e-3
0.819638323648825754781e-1 0.602459670065141450723e-2
-0.515519780148946401709e0 -0.259374141812636891161e-1
-0.180655369593306455852e1 -0.137467127291224253745e-1
0.537587104583084523244e0 0.154994635070296902591e-1
-0.121910983680167402639e2 -0.241420879820444858979e0
0.354477019574978443705e1 0.382364565157128407020e0
0.646176404212265572454e1 -0.330963222802114083514e0
0.254388788864433681232e1 -0.370018281156558176200e-1
-0.871700061664842238904e1 -0.190319924439608471959e0
0.964721047937240287588e1 0.278422707936100599180e0
-0.239065607077552290014e0 0.116320401167203829422e0
-0.717440880841478805972e0 0.298788196038787892559e0
-0.125162305667222154628e-1 -0.198279251508459235465e0
0.174024389170537015068e0 -0.192292790338780201001e-1
0.380296098831562189501e0 0.223817224678270910575e-2
-0.137785495482423925060e-1 -0.191460078383487580030e0
0.100000000000000000000e1 0.000000000000000000000e0
0.610619511622442932928e0 0.865307816218632875629e-1
-0.666644520132842882665e0 0.725364819927979725370e0
-0.286483388192018662585e0 -0.218934443694261611981e0
-0.503056798304050664856e0 0.949448843601032686356e-1
-0.523242447562594149824e0 0.265288473637955452938e0
0.315529324078148156892e-2 -0.636805975581716606924e-1
-0.113856279508769895923e0 -0.193371366387422760662e0
