
-1.572057241215379e+00 -1.293627455216417e-01
-1.219032268429209e+00 -1.077293144683713e-01
-4.701929442197916e-01 -5.874392411299181e-02
-9.452486823136976e-01 -8.929131380233218e-02
-3.645113149648233e-01 -4.777823362267325e-02
-1.403778493452837e-01 -2.358838615636229e-02
-7.207952660205289e-01 1.603914662795622e-01
5.349216168686554e-01 2.259142475990959e-01
-3.630302809965025e+00 1.436685780086939e-01
-2.119980739676976e+01 -5.803282905286020e+00
1.639019149185728e+01 7.710991119093991e+00
2.830082264782517e+01 -2.047232472349523e+00
-1.522614876655317e+01 -1.114783800805359e+01
-1.525596775567467e+01 4.006169514425815e+00
-5.483686865992564e+01 -9.815281219509906e-01
-4.806595806308377e-02 -4.408526904645000e-02
-5.673649915157951e-03 -2.844328232925245e-02
-7.850992239435350e-01 3.145524246417852e-01
-1.568296928847546e-02 -8.851435540044064e-01
1.998865605525872e-02 8.720580412827818e-02
5.378859490913497e-01 -1.098472431053079e-01
-5.075126725468397e-01 -1.907442966615505e-01
4.671758733021094e-01 4.597638797486648e-01
-5.271862255744266e-01 2.621216707871836e-01
-2.234923852698926e-01 1.354244633142054e-01
1.000000000000000e+00 0.000000000000000e+00
1.134035022497329e-01 7.540027423354954e-02
4.684253179876238e-01 -9.634328400277226e-03
-1.399788410132581e-01 -8.904195142909310e-02
