
-3.942057384592881e+00 -1.020610347824592e+00
5.975275545027059e-02 1.693907221989321e+00
1.719951997985696e+00 -1.864478083743784e+00
2.932921608821856e+00 -7.969718247527668e-01
-2.103838069549374e+00 -6.617612390215970e-01
1.009135775771024e+00 1.817582172577358e+00
1.937548040751473e-01 2.963260071889023e-01
-1.688823673003027e-01 -8.301566169760621e-01
6.647171602660035e-02 1.000136719608745e+00
2.474747517719301e+00 -8.102163973377186e+00
-7.146208024456023e+00 -1.185919786934269e+00
9.390001938869066e+00 1.569147171136818e-01
4.270473131561388e+00 5.583101101817682e+00
8.134355072717533e+00 -2.180550496684443e+00
8.077191458943172e+00 3.321736940059693e+00
-2.397763962514263e-02 8.731166950040554e-02
1.585569183073925e-02 9.251260565102098e-02
-4.253526171872916e-01 -1.900852117382182e-01
1.000000000000000e+00 0.000000000000000e+00
-4.965834711628194e-01 3.743859292315468e-01
-2.557993464678924e-01 6.105667534512008e-01
4.162595198693936e-01 2.130335838252168e-02
-6.431793419331814e-01 6.795153565305622e-01
-6.202646782288975e-01 -3.053677674436748e-01
-3.857223931658754e-01 1.453473024343595e-01
1.331501667514922e-01 3.684510962843723e-01
-3.312159021900999e-01 5.325487633892568e-01
1.139670637048229e-01 -4.606655779567181e-02
2.940775973071489e-01 -7.732820246111534e-02
