
-0.742617729231884801796e-1 -0.533808647232936551430e-2
-0.205253504381189706403e0 -0.114601205724422083521e-1
-0.161376346449359818583e0 0.632150062973840576780e-2
0.102391853521434102046e0 -0.970361994664903984508e-2
0.174422180639646730545e-1 0.199108685953602445558e-2
-0.281300805982456218795e-1 0.150417064189784053645e-1
-0.543147213169617242115e-1 0.104016099946427313506e0
-0.119120908740302727661e0 0.391019553817876997900e-1
0.129276551933198262086e1 -0.172269211778746209767e-1
-0.177179707016219344460e2 -0.552676966949051418163e0
0.659937572202704551133e1 -0.672345868847634072028e0
-0.353836133352888184008e0 0.121305113398655727735e1
0.118484162311433405788e2 0.261937255727198971961e0
0.845920922275434344559e1 0.512409737013599597038e0
0.796296619244907927931e1 -0.186410248019114554519e1
0.426936311084630504988e-1 0.649897979048266125079e-1
0.278376746402810024232e-1 0.919981339884720487096e-1
-0.156387336886897517613e0 0.238941321508243949439e0
-0.330430902581670458572e0 -0.764561133619197071196e0
0.409016437136215795623e0 0.422968304660322914641e0
0.483544427942147975733e0 0.251051451365320985851e0
-0.230135453231235810620e0 -0.690103219520413014806e0
0.829311188389305420604e0 0.551993158588295929480e0
0.278675910349283938881e-1 0.485145731284354985878e0
0.582474210612574797529e0 0.324486579237565511425e0
0.375471982710622780030e-1 0.969109281105242409058e-1
0.100000000000000000000e1 0.000000000000000000000e0
-0.788795574192853693560e-1 0.619105489250227781254e-1
-0.195525642911312792834e0 -0.259499900858347333130e0
