
-0.559100737974363930336e0 0.962123032423932314592e0
-0.447598316275845980555e0 -0.643387396740906446395e-1
0.333989008746084299628e0 0.147062960956954499140e0
-0.282238193176005646421e0 0.147650214499908747322e0
-0.599098373530177574710e0 0.390967121000908087488e0
0.199524950538480314011e0 -0.468917574762326456116e0
-0.958145857812197079741e1 -0.703132055764445069264e1
0.114268788368957097904e1 -0.537953340622012450740e1
-0.147505256027702322762e0 -0.186645402108078812945e1
-0.265634452218751791128e2 -0.881058544110500722196e2
0.136540480177180394566e3 0.804813694296723461385e1
-0.110359818292969358890e3 0.147138699822117207903e2
-0.693326244885533221132e2 0.194400009584435517845e3
-0.224317996093867192929e2 -0.143985293924047667427e3
0.958960697104285012329e2 -0.106294155173385445626e3
-0.497965194772452250981e-2 -0.580162728588927995139e-1
0.542033571745206704537e-2 -0.159425580675490972660e-1
0.354943624156999816414e0 -0.193048430535056140400e-1
0.300633983087789744443e0 0.212273206613137060893e0
-0.323376585463583593959e0 -0.416704498399500256230e0
-0.666562496940741229859e0 0.825630103869261013522e-1
0.100000000000000000000e1 0.000000000000000000000e0
-0.914860200236342405752e0 -0.172105527477792941669e0
-0.316783195928287877939e0 -0.150515254666881242423e0
-0.142097076093715578700e-1 0.556368890893276623766e-1
-0.460284945255324015156e0 0.170992409672756644765e0
-0.978789447031895336939e-1 0.102312811951347243218e0
-0.253685668877851915729e-1 -0.374275217213952904219e0
0.151988078037375992988e0 0.831498322785834247795e-1
