
-1.024895502907462e-01 1.570356560715079e-01
-3.215571632667628e-01 1.688340913747185e-01
-2.330383668466065e-01 1.407797732934605e-01
2.029050600033096e-01 5.217381698407172e-03
3.170302076786351e-02 -1.979347703334429e-01
-1.454012596536261e-01 4.023110234842478e-02
-1.844159479246631e-01 1.938633657110539e-01
-1.569290779066247e-01 1.667959582694213e-01
6.637585391480003e-01 7.137868545540004e-01
-1.238989781000290e+01 -6.071269690763766e+00
5.666818148982610e+00 2.289251233887029e+00
2.140096967263522e+00 -3.439368012766463e+00
5.800374331696777e+00 4.073311235153426e+00
6.137791068741350e+00 4.337033959448213e+00
6.589523478306124e+00 1.997958455610343e+00
-5.765305632298859e-02 7.611549079228824e-02
-4.735627343664086e-02 1.218464123389660e-01
-3.714070862732908e-01 -1.932756290144357e-01
1.000000000000000e+00 0.000000000000000e+00
-5.575550183404848e-01 2.233794777395688e-01
-4.193456997703959e-01 4.865688844780405e-01
6.766322603552541e-01 1.938652494141668e-02
-7.958478384721821e-01 5.685003702308672e-01
-6.351676731689962e-01 -2.217401385958135e-01
-4.993182832645736e-01 2.603199263787152e-01
2.803005498761953e-02 2.856048526391797e-01
-3.937227936433381e-01 7.364807383999181e-01
1.222077473890030e-01 -1.211811615870217e-01
3.003608739600149e-01 -5.762848501763800e-02
