
-1.412371415852013e-01 -1.702617537474970e-02
1.183843645846209e-01 1.151197004512185e-01
-4.003602444230139e-02 -2.166388119208950e-02
1.033108935282482e-01 5.560233242027290e-02
1.403641905032611e-01 8.183598598996850e-02
3.792624805695316e-02 -3.857615704552321e-02
7.446011189392696e+00 1.740734566869694e+00
7.872382967945668e-01 -9.177067744068463e-01
6.637585391480003e-01 7.137868545539999e-01
-4.196251814189041e+01 -4.719599485422612e+01
-3.084270950596797e+01 -8.154332593187844e+00
7.651778757111077e+01 3.013954048210863e+01
-2.914011789286798e+01 3.942843628899580e+01
4.848050170933751e+01 -1.356919561426974e+01
-8.190536165598702e+01 -6.217527641072604e+01
-5.765305632296469e-02 7.611549079230651e-02
-4.735627343665091e-02 1.218464123389805e-01
-3.714070862734999e-01 -1.932756290146928e-01
1.000000000000000e+00 0.000000000000000e+00
-5.575550183410655e-01 2.233794777397687e-01
-4.193456997705435e-01 4.865688844783021e-01
6.766322603548756e-01 1.938652494091082e-02
-7.958478384724306e-01 5.685003702314663e-01
-6.351676731690029e-01 -2.217401385958718e-01
-4.993182832645040e-01 2.603199263789432e-01
2.803005498780529e-02 2.856048526392181e-01
-3.937227936432667e-01 7.364807384000240e-01
1.222077473888933e-01 -1.211811615870029e-01
3.003608739601064e-01 -5.762848501763173e-02
