
9.950555748290869e-01 2.770202714647494e-01
-8.248627941461553e-02 4.716204596346363e-02
6.133587123273300e-01 2.200142299287008e-01
2.251192674205765e-03 -8.445829178320879e-03
-5.406675078704604e-02 2.588466731865767e-02
3.758153562703718e-01 1.666106112106853e-01
6.743301002414674e+00 6.407642266560211e+00
5.051508600535271e+00 1.833738184690783e+00
1.061228020331278e+00 -6.756904412510467e-02
-3.918508750354171e+01 -4.343415015246256e+01
-3.947872969520537e+01 -2.765982181832075e+01
6.015560484775509e+01 6.589897365006820e+01
4.293670212121573e+01 -2.982966505816331e+00
6.934077332182115e+01 3.412762307429806e+01
-9.235559984752902e+01 -1.016910785537282e+02
7.744496515705433e-02 4.649149935287812e-02
8.700604014471436e-02 1.046454227161095e-01
1.561951172768131e-02 3.357699584797606e-01
-6.700531839654360e-01 -5.046847224335762e-01
5.584439428437975e-01 1.121629163597260e-01
5.416744674882632e-01 -2.703509883155977e-02
-4.950799075235043e-01 -5.185523896139832e-01
1.000000000000000e+00 0.000000000000000e+00
2.387035912183450e-01 5.264115830203563e-01
6.022279429034805e-01 -7.358961221101576e-02
1.433344825657445e-01 8.269958807985608e-02
7.522319891678769e-01 -5.325226606666652e-01
-5.479433826225505e-02 1.830010759651132e-02
-3.049501564520241e-01 -1.062811157430763e-01
