
9.640616743297522e-01 1.295897982896404e+00
9.626406724776824e-01 1.364841558193900e+00
1.300009123979036e-01 5.427650310594093e-01
-8.627623838015601e-01 -1.371176672640107e+00
-2.231719823805507e-01 -2.482206425236980e-01
6.722302404291954e-01 1.090242970830322e+00
-7.735069167708135e-01 8.852020084089501e-02
5.745683204181988e-01 1.558996836871908e-01
-1.616642043240822e-01 1.293689080560771e-01
-9.566327914577228e+00 -4.417745792184449e-01
9.139584813384806e+00 4.730207935324824e-01
2.196787528635136e-02 -9.113369768750188e-01
8.451333372385285e+00 -3.404931514558769e-01
4.431822907818566e+00 2.396617207010920e+00
1.114994542192000e+00 7.822677306742467e-01
1.265789705569569e-01 -4.293636534245702e-01
-1.505597075919432e-02 3.858518328333841e-01
-8.874845513883765e-01 1.773794536556164e-01
6.409719614415615e-02 -9.533854013275986e-01
6.650427592865945e-01 -3.905473070191724e-01
1.042411856182159e-01 -2.117972295620107e-01
2.669551379483145e-01 -6.462553524957979e-01
7.904037877752330e-01 -1.841752958498394e-01
-6.773325992875034e-01 4.662026992049386e-01
7.354811233003793e-01 -5.265163335665146e-02
-1.737061402012816e-01 8.943600451815912e-01
1.000000000000000e+00 0.000000000000000e+00
5.534402558134192e-01 6.812245637537070e-02
-4.390107716874307e-01 -2.071097361044939e-01
