
-0.175594915185908652309e-1 -0.309115126158892922206e-2
0.205903574262453151132e-1 0.550129009938151386107e-1
-0.871245841695379392331e-2 -0.246000296592586040615e-1
0.186328695286388328599e-1 0.184169109117830192846e-1
0.579719207419917163045e-3 0.138837824097559058855e-1
-0.107337801005185848324e-2 -0.153257596502012376603e-1
-0.907184678812093465918e0 0.949788839002177816056e0
0.481387663257381008531e0 -0.136270547136706617240e0
-0.405356994492626721444e0 0.347589963649994013986e1
0.167173303247653437138e2 0.156960140801109967260e2
0.398098226466934947652e1 -0.113834371857693062713e2
-0.645217166120233535887e1 -0.211134282671027059437e2
-0.135420678697385573350e2 0.439705156660256393873e1
0.120220911563652815791e2 0.275045722953953373242e2
0.303120426581215294138e2 0.568070388710255185713e2
0.126578970556956859500e0 -0.429363653424570260685e0
-0.150559707591942117236e-1 0.385851832833384107902e0
-0.887484551388376555615e0 0.177379453655616498210e0
0.640971961441560266745e-1 -0.953385401327598612899e0
0.665042759286594478869e0 -0.390547307019172570876e0
0.104241185618215922545e0 -0.211797229562010749321e0
0.266955137948314413494e0 -0.646255352495797936486e0
0.790403787775233293827e0 -0.184175295849839467343e0
-0.677332599287503431479e0 0.466202699204938483693e0
0.735481123300379225651e0 -0.526516333566514819597e-1
-0.173706140201281533902e0 0.894360045181591086774e0
0.100000000000000000000e1 0.000000000000000000000e0
0.553440255813419122895e0 0.681224563753705901617e-1
-0.439010771687430829193e0 -0.207109736104493856554e0
