
0.108196989687818467915e-2 -0.174859557160819287012e-1
-0.248003016835036796686e-1 0.209575275449173489064e-1
-0.167338077612574494767e0 0.261232990344001912339e0
-0.207467264763680608690e0 0.350666983209520967716e0
-0.598935407593901591051e0 0.835550692222285834609e0
0.206385294866798427245e0 -0.333181027493356632721e0
0.308095423091513956728e1 -0.329907157345507938049e0
-0.161962636525255884138e1 0.202445092559533273275e0
-0.763195286945139681053e1 -0.197344366094555365816e1
0.339745993312824011934e3 0.545589637213918223352e2
-0.165193115674888619970e3 -0.192068675044615499795e2
0.341893415892923340713e2 0.382032238425476311852e0
-0.192706791616094281969e3 -0.296982185289279572576e2
0.820230055472771334077e2 0.690253866087363669030e1
0.240501130736403024260e3 0.332521471487594936084e2
0.126578970556956859500e0 -0.429363653424570260658e0
-0.150559707591942116998e-1 0.385851832833384107875e0
-0.887484551388376555561e0 0.177379453655616498291e0
0.640971961441560266677e-1 -0.953385401327598612845e0
0.665042759286594478761e0 -0.390547307019172570849e0
0.104241185618215922525e0 -0.211797229562010749321e0
0.266955137948314413467e0 -0.646255352495797936324e0
0.790403787775233293664e0 -0.184175295849839467329e0
-0.677332599287503431425e0 0.466202699204938483720e0
0.735481123300379225542e0 -0.526516333566514819360e-1
-0.173706140201281533875e0 0.894360045181591086720e0
0.100000000000000000000e1 0.000000000000000000000e0
0.553440255813419122895e0 0.681224563753705901413e-1
-0.439010771687430829166e0 -0.207109736104493856527e0
