
0.121478996525586602707e0 0.227941917428773282935e-2
0.170846832113240310183e0 0.743487947610454591254e-2
0.142276070270332169186e0 -0.456922511177245349999e-2
0.240130077246576788315e0 0.164069029698774821959e-1
0.200347549381860673987e0 -0.147768957170834623941e-2
0.166202371041070871778e0 -0.138215469797402974976e-1
-0.924704998204456381423e0 0.147520002853262215342e1
-0.196410876366766815970e1 0.376469354725103068327e0
0.833636434622991423808e0 -0.388365788853735022050e-1
-0.170183723544978945108e2 -0.816936807797541750253e1
0.109074087132408872377e2 -0.695289887192948907399e1
0.455695216489789140782e0 0.150416460594828095571e2
0.100742696124070397058e1 -0.227572974004827731083e1
-0.110128287630607128323e2 0.808821641064533438173e1
0.141903884533145418900e2 -0.215314550183071770767e2
0.126578970556956859486e0 -0.429363653424570260658e0
-0.150559707591942116897e-1 0.385851832833384107902e0
-0.887484551388376555561e0 0.177379453655616498237e0
0.640971961441560266880e-1 -0.953385401327598612845e0
0.665042759286594478815e0 -0.390547307019172570876e0
0.104241185618215922518e0 -0.211797229562010749321e0
0.266955137948314413522e0 -0.646255352495797936486e0
0.790403787775233293664e0 -0.184175295849839467370e0
-0.677332599287503431425e0 0.466202699204938483666e0
0.735481123300379225542e0 -0.526516333566514819733e-1
-0.173706140201281533875e0 0.894360045181591086720e0
0.100000000000000000000e1 0.000000000000000000000e0
0.553440255813419122895e0 0.681224563753705901278e-1
-0.439010771687430829166e0 -0.207109736104493856527e0
