
1.267382958355465e-02 -5.553138942320278e-01
2.308821760789453e-02 1.902683642718956e-02
1.110629029898678e-01 -1.806200381508276e-01
-1.574303077182102e-03 3.439455392341327e-04
3.948818335214472e-03 1.071614775883594e-02
7.137707555469049e-02 -3.816445234479303e-02
-1.069497123087366e-01 -1.070270791083880e+00
7.697911842363437e-01 -1.559270635930394e+00
6.637585391480003e-01 7.137868545540003e-01
-2.528731451300494e+00 3.216865236179641e+00
-5.656968892681956e+00 1.183038173122163e+00
1.527097606619586e+00 -9.804041450291475e+00
2.583545405328490e+01 7.041576766745327e+00
1.272035888190945e+01 -1.362272835713908e+01
7.838347066939688e+00 2.215440150030626e+01
1.265789705569569e-01 -4.293636534245701e-01
-1.505597075919425e-02 3.858518328333840e-01
-8.874845513883767e-01 1.773794536556163e-01
6.409719614415604e-02 -9.533854013275984e-01
6.650427592865943e-01 -3.905473070191726e-01
1.042411856182159e-01 -2.117972295620107e-01
2.669551379483144e-01 -6.462553524957977e-01
7.904037877752331e-01 -1.841752958498395e-01
-6.773325992875034e-01 4.662026992049383e-01
7.354811233003795e-01 -5.265163335665124e-02
-1.737061402012816e-01 8.943600451815912e-01
1.000000000000000e+00 0.000000000000000e+00
5.534402558134189e-01 6.812245637537059e-02
-4.390107716874307e-01 -2.071097361044938e-01
