
0.654722568970879671528155799891e-4 -0.414821750563075458714268504465e-3
0.227615259343040371142025705878e-1 -0.300730763132428854968376734150e-2
0.265037546512478274885049526660e-1 -0.960443349680396135889324049580e-2
0.510978491319971688547165319823e0 0.114648821564971153318777343869e1
0.914895111358157105110819161092e0 0.124024876766503481734536372272e1
0.142398985915173255610302680927e1 0.124625103973019880283505911221e1
-0.110601808820110105530039618064e1 0.157421874903113496716294410502e1
-0.262610878640925962885250363619e1 -0.348736389779472994991590256563e0
-0.441307000110294597854841372448e0 -0.193472494490505148755575064585e0
0.144475475090846945561182453885e2 0.984639287616900487288028982180e1
-0.203303286201356066959778502202e2 -0.151183668884028383704654291215e2
0.132970268445823558750652222132e2 0.156972645763464916991860264084e2
0.234295945447471207516726958667e2 -0.164227622021098349050492684026e2
-0.211644284064922189313465095304e2 0.881200249880466293365779930993e1
0.180753372770182094986639708731e2 -0.324976729444778207058036121021e1
0.126578970556956859523529663224e0 -0.429363653424570260658010957246e0
-0.150559707591942116999141708535e-1 0.385851832833384107887067464676e0
-0.887484551388376555550809162152e0 0.177379453655616498203159875141e0
0.640971961441560267179927733551e-1 -0.953385401327598612850763746224e0
0.665042759286594478777121193112e0 -0.390547307019172570852297368666e0
0.104241185618215922536788150135e0 -0.211797229562010749329167503822e0
0.266955137948314413529783898789e0 -0.646255352495797936427856970048e0
0.790403787775233293747310928733e0 -0.184175295849839467340606834233e0
-0.677332599287503431459490520477e0 0.466202699204938483710668369491e0
0.735481123300379225594018972030e0 -0.526516333566514819584870867338e-1
-0.173706140201281533901630168295e0 0.894360045181591086732634689071e0
0.100000000000000000000000000000e1 0.000000000000000000000000000000e0
0.553440255813419122908632501355e0 0.681224563753705901499596283024e-1
-0.439010771687430829193845938031e0 -0.207109736104493856559533909399e0
