
-1.748638045092399e+00 1.907398144401722e+00
-3.442545538657238e-01 2.661909270473926e-01
8.823867367927325e-01 6.800317054420681e-01
4.396243075582554e-01 -2.691317966578521e-01
-2.175907328374024e-01 2.502594346291312e-01
4.814234329772299e-01 -4.233074036311347e-01
-4.361868743409819e-01 -3.995048079623090e-01
1.713759881647013e-01 2.776568978904336e-01
-1.731316974577705e-01 -1.062513696686017e+00
-1.480214003344209e+00 1.239000835718948e+00
1.756635415164931e+00 2.457686510986165e+00
3.676673812786277e+00 3.250429685096706e+00
4.044757869481095e+00 -2.447659554895357e+00
5.511011669187928e+00 -5.349080236139011e+00
6.774673027476469e+00 -1.047667014985286e+01
1.265789705569569e-01 -4.293636534245703e-01
-1.505597075919427e-02 3.858518328333842e-01
-8.874845513883765e-01 1.773794536556163e-01
6.409719614415610e-02 -9.533854013275987e-01
6.650427592865945e-01 -3.905473070191725e-01
1.042411856182159e-01 -2.117972295620108e-01
2.669551379483144e-01 -6.462553524957978e-01
7.904037877752336e-01 -1.841752958498394e-01
-6.773325992875032e-01 4.662026992049384e-01
7.354811233003791e-01 -5.265163335665139e-02
-1.737061402012817e-01 8.943600451815911e-01
1.000000000000000e+00 0.000000000000000e+00
5.534402558134190e-01 6.812245637537059e-02
-4.390107716874308e-01 -2.071097361044939e-01
