
-1.869774730317524e-03 9.891668537756261e-03
-9.211298725647593e-02 -7.098282690099628e-03
3.615467794447640e-02 -5.419226308887789e-02
-2.797720681289090e-02 -8.473904779404059e-01
5.307317394707737e-01 2.752456358959663e-01
-3.524185590957047e-01 2.313648045301274e-01
4.145877256251058e-01 -5.187932784693469e-01
-4.553717371294129e-01 4.295220833516262e-01
8.679095395562664e-01 -1.090045411162021e+00
-1.099694346133290e+01 2.218427506427066e+01
-6.181126844659408e-01 -6.663948611259637e+00
7.587767321870815e+00 -1.570135754636351e+00
4.102954482303222e+00 -4.926953939734114e+00
8.450496052132843e+00 7.438338607927857e-01
5.929865223015124e+00 1.028531096754142e+01
1.265789705569568e-01 -4.293636534245702e-01
-1.505597075919420e-02 3.858518328333840e-01
-8.874845513883765e-01 1.773794536556164e-01
6.409719614415602e-02 -9.533854013275984e-01
6.650427592865944e-01 -3.905473070191726e-01
1.042411856182159e-01 -2.117972295620107e-01
2.669551379483144e-01 -6.462553524957978e-01
7.904037877752331e-01 -1.841752958498394e-01
-6.773325992875032e-01 4.662026992049386e-01
7.354811233003792e-01 -5.265163335665152e-02
-1.737061402012814e-01 8.943600451815910e-01
1.000000000000000e+00 0.000000000000000e+00
5.534402558134190e-01 6.812245637537058e-02
-4.390107716874307e-01 -2.071097361044938e-01
