
-3.410296265066725e-01 -8.092889711861665e-01
8.627219419472970e-02 8.757753993870533e-03
-9.794541448014824e-03 -2.790316019309504e-01
-4.842798703758733e-03 7.061328655684181e-03
2.464306834123131e-02 1.235987427593755e-02
2.864938449281177e-02 -8.401500003279450e-02
-1.549447845033023e+00 -1.559962995062067e+00
-7.253543429522690e-01 -2.240848568108291e+00
4.461677526328816e-01 3.724302125528838e-01
1.077639649041545e+00 4.022264202563399e+00
4.384912469950528e-01 5.086071372834617e+00
-6.085286567083224e+00 -1.053843587106300e+01
2.407223968078027e+01 -4.319299067762206e-01
-6.097697814414493e+00 -2.188581775877853e+01
2.268943753105426e+01 2.512260499801789e+01
1.265789705569568e-01 -4.293636534245703e-01
-1.505597075919426e-02 3.858518328333842e-01
-8.874845513883766e-01 1.773794536556164e-01
6.409719614415615e-02 -9.533854013275989e-01
6.650427592865943e-01 -3.905473070191725e-01
1.042411856182160e-01 -2.117972295620108e-01
2.669551379483144e-01 -6.462553524957978e-01
7.904037877752331e-01 -1.841752958498394e-01
-6.773325992875032e-01 4.662026992049383e-01
7.354811233003793e-01 -5.265163335665152e-02
-1.737061402012814e-01 8.943600451815912e-01
1.000000000000000e+00 0.000000000000000e+00
5.534402558134190e-01 6.812245637537062e-02
-4.390107716874309e-01 -2.071097361044938e-01
