
-0.102407847324145649645e-1 0.156790088058052026288e1
0.303070701547258171334e0 0.127568089246270794388e1
0.386446060712419340216e0 0.674905303956476171465e0
0.499546128385656645324e0 0.976078375775119964886e0
0.447958386236854594006e0 0.471494011836037983177e0
0.333953715369712605439e0 0.193084057231102909898e0
-0.797482559047932806407e0 -0.153382418453463159201e1
-0.290173138677697055321e0 -0.218867354445229858454e1
-0.236968981131790072496e1 -0.739402055361929220752e0
-0.348488044499915114189e1 0.478624897982520462122e2
0.533432573373523860431e1 -0.571794161319232686694e2
0.186741856103933133691e2 0.100280437559889439806e2
-0.108086925012842934718e2 0.812685078984751609749e2
-0.109973215848480784431e2 -0.320064503266514329902e2
-0.198681454092207707852e2 0.206026943193873334111e2
0.126578970556956859527e0 -0.429363653424570260658e0
-0.150559707591942117134e-1 0.385851832833384107902e0
-0.887484551388376555615e0 0.177379453655616498183e0
0.640971961441560267423e-1 -0.953385401327598612953e0
0.665042759286594478815e0 -0.390547307019172570876e0
0.104241185618215922552e0 -0.211797229562010749335e0
0.266955137948314413549e0 -0.646255352495797936432e0
0.790403787775233293773e0 -0.184175295849839467302e0
-0.677332599287503431479e0 0.466202699204938483666e0
0.735481123300379225705e0 -0.526516333566514819258e-1
-0.173706140201281533929e0 0.894360045181591086720e0
0.100000000000000000000e1 0.000000000000000000000e0
0.553440255813419122949e0 0.681224563753705901617e-1
-0.439010771687430829193e0 -0.207109736104493856568e0
