
0.853378817117918050126e0 0.130644099688208502493e1
-0.228116235764679066924e0 0.276149792456967963175e-1
0.481608035171400885753e0 0.299485091743178940871e0
-0.225730867429544065954e0 0.938200656188868064276e-1
0.240150222259237663970e-1 -0.505198221757553816960e-1
0.456390477895670994160e0 -0.123162528820686726407e0
0.275660451997844026619e1 0.110560261937956473099e1
0.402847041856430373346e1 0.375762358502640233973e1
0.822747477976397049049e0 -0.221170482099154086964e0
-0.702427947007828908620e1 0.607270768245353414691e1
-0.195807127373052218232e2 -0.249502018388632225659e1
0.177567603184805598033e2 -0.280691341600382067802e1
0.310438821243084057903e2 0.525392930147726279749e1
0.510916891695182572505e2 0.344011497366498471551e2
-0.240196026542300980731e2 -0.113266369839307820796e2
0.126578970556956859540e0 -0.429363653424570260631e0
-0.150559707591942117371e-1 0.385851832833384107902e0
-0.887484551388376555507e0 0.177379453655616498183e0
0.640971961441560267694e-1 -0.953385401327598612953e0
0.665042759286594478815e0 -0.390547307019172570849e0
0.104241185618215922552e0 -0.211797229562010749321e0
0.266955137948314413522e0 -0.646255352495797936486e0
0.790403787775233293827e0 -0.184175295849839467370e0
-0.677332599287503431479e0 0.466202699204938483693e0
0.735481123300379225651e0 -0.526516333566514819868e-1
-0.173706140201281533929e0 0.894360045181591086665e0
0.100000000000000000000e1 0.000000000000000000000e0
0.553440255813419122895e0 0.681224563753705901617e-1
-0.439010771687430829220e0 -0.207109736104493856581e0
