
-0.104853230222761035053e1 0.929727753443490425396e-1
0.434453782204692453086e-1 -0.604190372578975263250e0
0.322946620668008559541e0 0.464262284427433676595e0
0.772680833477647172969e0 0.186127084281257498886e0
-0.546815361036469437764e0 0.114434835412726559751e0
0.275851468749954017513e0 -0.279099859625604846465e0
0.467798029451814636001e0 -0.279461394679693039930e0
-0.126997869919091393206e0 0.115954466806022163622e1
0.220484334452317362073e0 -0.102364163540849190841e1
0.368575177099337091728e1 0.107715676487143811437e2
-0.106193129902909926369e2 0.146124291627241428403e1
0.109794036614807614602e2 -0.193602241019111704582e1
0.607143009146684859128e1 -0.737381835981085030857e1
0.106613565837294514823e2 0.572780356330093527381e1
0.829554481501124536206e1 -0.887380991176419471524e0
0.126578970556956859527e0 -0.429363653424570260685e0
-0.150559707591942117100e-1 0.385851832833384107929e0
-0.887484551388376555615e0 0.177379453655616498237e0
0.640971961441560266880e-1 -0.953385401327598612899e0
0.665042759286594478869e0 -0.390547307019172570876e0
0.104241185618215922531e0 -0.211797229562010749335e0
0.266955137948314413522e0 -0.646255352495797936432e0
0.790403787775233293881e0 -0.184175295849839467397e0
-0.677332599287503431425e0 0.466202699204938483693e0
0.735481123300379225651e0 -0.526516333566514819326e-1
-0.173706140201281533956e0 0.894360045181591086882e0
0.100000000000000000000e1 0.000000000000000000000e0
0.553440255813419122949e0 0.681224563753705901617e-1
-0.439010771687430829220e0 -0.207109736104493856568e0
