
0.225893746125869906180e1 -0.616713563781574587806e-1
0.170988805637219957046e1 0.338924719723149556997e0
0.377050532165688326135e0 0.643573850225834708178e0
0.122851368013100917720e1 0.546633444567627820097e0
0.173872178019692937527e0 0.548467560582587256674e0
-0.126190950984780869549e0 0.211399105336237325752e0
-0.366423703732413812324e1 -0.251119790049139267590e0
-0.340736886498612706305e1 -0.972090214730026402163e0
-0.523873823197891176108e1 -0.301861145472615415952e1
0.911737257276841407752e2 0.111175260571000142182e3
-0.149653356279982574326e3 -0.150238467787063582889e3
0.665179007376363563911e2 0.511545451873489857054e2
0.247161284007846171487e3 0.185251656519027387407e3
-0.898893285677616126830e2 -0.332270184670474221580e2
-0.354001325960000266801e2 -0.368616937778993769732e1
0.126578970556956859500e0 -0.429363653424570260685e0
-0.150559707591942116829e-1 0.385851832833384107902e0
-0.887484551388376555561e0 0.177379453655616498264e0
0.640971961441560266609e-1 -0.953385401327598612953e0
0.665042759286594478761e0 -0.390547307019172570931e0
0.104241185618215922531e0 -0.211797229562010749335e0
0.266955137948314413549e0 -0.646255352495797936432e0
0.790403787775233293827e0 -0.184175295849839467397e0
-0.677332599287503431479e0 0.466202699204938483693e0
0.735481123300379225597e0 -0.526516333566514819868e-1
-0.173706140201281533888e0 0.894360045181591086828e0
0.100000000000000000000e1 0.000000000000000000000e0
0.553440255813419122949e0 0.681224563753705901617e-1
-0.439010771687430829220e0 -0.207109736104493856568e0
