
1.230494444453489e-01 7.467866443555958e-02
1.593376937719983e-01 4.765762226267563e-02
-1.100695371924864e-01 4.020821120154232e-02
-1.485676662501171e-01 2.863395794492585e-02
-5.359553027021866e-02 1.141228679625738e-01
2.551822180476824e-02 -1.033126223804854e-01
-9.412804337752712e-01 9.524717740746572e-01
4.304786503748440e-01 -2.906514558814111e-01
-8.714976021985608e-01 8.537468296547549e-01
-3.122581060521799e+00 1.050552023704495e+01
7.001812292776844e+00 -9.222027339716558e+00
3.320240184236037e+00 5.204193894647821e-01
3.176420976927865e+00 -1.074382830307936e+01
7.307311193578885e-01 1.184436999297906e+01
-3.303389903522227e-01 1.728433031984636e+01
1.265789705569568e-01 -4.293636534245702e-01
-1.505597075919410e-02 3.858518328333840e-01
-8.874845513883766e-01 1.773794536556165e-01
6.409719614415604e-02 -9.533854013275985e-01
6.650427592865944e-01 -3.905473070191726e-01
1.042411856182159e-01 -2.117972295620107e-01
2.669551379483144e-01 -6.462553524957979e-01
7.904037877752332e-01 -1.841752958498394e-01
-6.773325992875032e-01 4.662026992049385e-01
7.354811233003791e-01 -5.265163335665152e-02
-1.737061402012815e-01 8.943600451815912e-01
1.000000000000000e+00 0.000000000000000e+00
5.534402558134190e-01 6.812245637537048e-02
-4.390107716874307e-01 -2.071097361044938e-01
