
-2.000441881667490e-01 -4.263320996873202e-02
2.774172454299285e-02 -1.400582919266289e-02
1.358126262670921e-01 3.049112971330881e-02
-1.344069026452337e-03 4.153891885927889e-03
-3.264872305768754e-02 9.561644625338088e-03
2.013882571932013e-01 3.847931808280408e-02
-2.229813273717268e-03 2.235079026879486e-01
-2.688914738515850e-02 1.329679086308027e-01
-4.145441639463684e+00 -6.960085104897578e-01
2.240598076096685e+01 4.166520231941561e+00
-1.188871346725476e+01 2.496003501833932e+00
3.468476741642403e+01 3.647632617922129e+00
-3.031474521244502e+01 -1.926502925275409e+01
-6.032149576038730e+00 2.390501337176753e+00
-2.416535138886099e+01 -2.420111208499517e+00
1.265789705569569e-01 -4.293636534245702e-01
-1.505597075919418e-02 3.858518328333840e-01
-8.874845513883765e-01 1.773794536556165e-01
6.409719614415588e-02 -9.533854013275986e-01
6.650427592865944e-01 -3.905473070191726e-01
1.042411856182159e-01 -2.117972295620108e-01
2.669551379483144e-01 -6.462553524957978e-01
7.904037877752332e-01 -1.841752958498394e-01
-6.773325992875034e-01 4.662026992049384e-01
7.354811233003791e-01 -5.265163335665152e-02
-1.737061402012815e-01 8.943600451815912e-01
1.000000000000000e+00 0.000000000000000e+00
5.534402558134190e-01 6.812245637537068e-02
-4.390107716874308e-01 -2.071097361044938e-01
