
-0.123393913417949376795e0 -0.223251277523549202222e-2
-0.268165067150655961684e0 -0.207529913857832257694e-2
-0.208337095691155376601e0 -0.226030506364592875405e-2
0.855650258351541252919e-1 -0.689373343830723198642e-3
0.810566157588052102804e-1 0.283629114378502489595e-2
-0.239938467336256981687e-1 0.144594072800376057866e-3
-0.473675086255249011890e-1 -0.343465935823701152774e-2
-0.127789477540864391365e0 -0.204484505301444110049e-2
0.914094472213713741594e0 -0.136275323562814495819e-1
-0.148026030676465990468e2 0.125676238126314011780e0
0.510491206919362128236e1 -0.372652823095686785764e-1
0.219800097031856624856e1 0.574558849426538721509e-1
0.903252690790348211451e1 -0.101684161994231566880e0
0.735352286165819373333e1 -0.657363721107007441995e-1
0.577007615974310887228e1 -0.239920761320882511280e-1
0.126578970556956859527e0 -0.429363653424570260712e0
-0.150559707591942117100e-1 0.385851832833384107956e0
-0.887484551388376555724e0 0.177379453655616498210e0
0.640971961441560267151e-1 -0.953385401327598612899e0
0.665042759286594478869e0 -0.390547307019172570876e0
0.104241185618215922538e0 -0.211797229562010749335e0
0.266955137948314413549e0 -0.646255352495797936486e0
0.790403787775233293773e0 -0.184175295849839467343e0
-0.677332599287503431479e0 0.466202699204938483747e0
0.735481123300379225651e0 -0.526516333566514819665e-1
-0.173706140201281533943e0 0.894360045181591086774e0
0.100000000000000000000e1 0.000000000000000000000e0
0.553440255813419122949e0 0.681224563753705901617e-1
-0.439010771687430829220e0 -0.207109736104493856568e0
