
0.510014637080608701199e0 0.286243460922702993351e0
0.274597036379934009186e0 0.518636197485072600295e-1
0.562118616117271299476e0 0.293616326430815073145e0
0.132255941081619464962e0 -0.183802680619113628152e-1
0.299315914418576674327e0 0.472583612817017807015e-1
0.618832445367441807754e0 0.299908383311834683709e0
0.268109681012638821542e1 0.672757683858986134167e-1
-0.126089158372613777462e1 -0.766784280507987701112e-1
0.788158737768076358022e0 -0.103368259499795813814e-1
-0.382481856482871343007e2 -0.429321426344713838116e0
-0.435513906843571442073e1 -0.319489860523466705721e0
0.371223008965654866533e2 0.103384562671759185504e1
-0.857897085143585633963e1 -0.900892248401962152018e0
0.773833610154809350056e1 -0.302798031140530275393e0
-0.374145981067059925605e2 -0.864490344793807381774e0
0.126578970556956859513e0 -0.429363653424570260685e0
-0.150559707591942116897e-1 0.385851832833384107875e0
-0.887484551388376555615e0 0.177379453655616498264e0
0.640971961441560266203e-1 -0.953385401327598612899e0
0.665042759286594478761e0 -0.390547307019172570876e0
0.104241185618215922531e0 -0.211797229562010749321e0
0.266955137948314413522e0 -0.646255352495797936432e0
0.790403787775233293773e0 -0.184175295849839467410e0
-0.677332599287503431479e0 0.466202699204938483747e0
0.735481123300379225705e0 -0.526516333566514820139e-1
-0.173706140201281533888e0 0.894360045181591086774e0
0.100000000000000000000e1 0.000000000000000000000e0
0.553440255813419122949e0 0.681224563753705901413e-1
-0.439010771687430829193e0 -0.207109736104493856541e0
