
-5.852574216722273e-01 1.037380391936681e-01
-2.627986350612127e-02 5.920026094657016e-01
7.463193598616141e-02 -2.198700696779431e-01
5.930469378924298e-01 1.552314802421423e-01
-2.539801616885570e-01 -5.394936162569804e-02
-7.789516219966167e-03 -2.589695194355488e-01
3.572378350546065e-01 -7.224500416755173e-01
-1.097429572866469e+00 -1.595139257726075e+00
6.637585391480000e-01 7.137868545540000e-01
-9.446855401052197e+00 -1.558175666547587e+01
-7.631684875390080e+00 1.210650544676690e+01
1.322388624136220e+01 -5.301604591359986e+00
1.294470103320535e+01 -1.741961228796082e+00
6.058731090406626e-01 -1.532584585779794e+01
2.012678245220575e+00 4.537665600422604e+00
1.265789705569568e-01 -4.293636534245702e-01
-1.505597075919432e-02 3.858518328333841e-01
-8.874845513883767e-01 1.773794536556164e-01
6.409719614415604e-02 -9.533854013275986e-01
6.650427592865946e-01 -3.905473070191724e-01
1.042411856182159e-01 -2.117972295620107e-01
2.669551379483146e-01 -6.462553524957979e-01
7.904037877752332e-01 -1.841752958498390e-01
-6.773325992875034e-01 4.662026992049384e-01
7.354811233003793e-01 -5.265163335665146e-02
-1.737061402012816e-01 8.943600451815912e-01
1.000000000000000e+00 0.000000000000000e+00
5.534402558134190e-01 6.812245637537054e-02
-4.390107716874308e-01 -2.071097361044939e-01
