
-6.069322995579211e-02 -6.371378266290471e-02
6.145550408203095e-02 -3.853878980808288e-02
1.706296091884464e-01 8.453529763854155e-02
1.041110848892539e-01 1.234068771869316e-01
9.151876668826320e-02 1.864404535101349e-01
-4.341785493346154e-02 -5.969309452402528e-02
-1.024530283891753e+00 1.386965478479647e+00
-1.669536295797123e+00 -1.840911426341976e-01
-2.401264660368249e+00 -3.535390333127346e-01
4.100663440251677e+01 3.076792330055714e+01
-4.595455272269129e+01 -1.792284774255239e+01
2.791016999074039e+01 8.504518707475015e+00
4.356570208856696e+01 -3.290207376267189e+01
-2.210625738261306e+01 1.640197795465077e+01
4.769081732600793e+00 2.085372774090362e+01
1.265789705569570e-01 -4.293636534245702e-01
-1.505597075919429e-02 3.858518328333841e-01
-8.874845513883767e-01 1.773794536556162e-01
6.409719614415604e-02 -9.533854013275989e-01
6.650427592865946e-01 -3.905473070191725e-01
1.042411856182160e-01 -2.117972295620107e-01
2.669551379483148e-01 -6.462553524957979e-01
7.904037877752332e-01 -1.841752958498392e-01
-6.773325992875036e-01 4.662026992049383e-01
7.354811233003794e-01 -5.265163335665135e-02
-1.737061402012817e-01 8.943600451815913e-01
1.000000000000000e+00 0.000000000000000e+00
5.534402558134190e-01 6.812245637537076e-02
-4.390107716874307e-01 -2.071097361044940e-01
