
0.623669218774963311364e-2 -0.241117848147284902659e-2
0.895512868380586824818e-2 -0.164888962615367518012e-2
0.578780181771950931855e-1 -0.720779458875769454832e-2
-0.164763734518984097703e-1 0.174969164353830775253e-1
0.206767956506709792868e0 -0.201724796948154418738e-1
0.102396812641487374827e-1 -0.150857379539103207639e-1
0.894701844301835140635e0 0.109566069152051919242e0
-0.916286142763790447297e0 0.240296549838705828330e-2
0.346772172816706735626e1 0.714378358922244641096e0
-0.843203911982405793016e2 -0.188063412178854603204e2
0.327433477226092326182e2 0.781225973677867762627e1
0.472687006886001850111e1 -0.117352787736472528889e1
0.234741618744435961395e2 0.836363331280730752139e1
0.122254451378870419485e1 -0.127791064816704723328e1
-0.328971325900280131202e2 -0.102926072548273654667e2
0.126578970556956859472e0 -0.429363653424570260658e0
-0.150559707591942116964e-1 0.385851832833384107875e0
-0.887484551388376555615e0 0.177379453655616498318e0
0.640971961441560266338e-1 -0.953385401327598612899e0
0.665042759286594478761e0 -0.390547307019172570958e0
0.104241185618215922525e0 -0.211797229562010749348e0
0.266955137948314413494e0 -0.646255352495797936486e0
0.790403787775233293718e0 -0.184175295849839467370e0
-0.677332599287503431479e0 0.466202699204938483802e0
0.735481123300379225542e0 -0.526516333566514820139e-1
-0.173706140201281533848e0 0.894360045181591086720e0
0.100000000000000000000e1 0.000000000000000000000e0
0.553440255813419122949e0 0.681224563753705901074e-1
-0.439010771687430829220e0 -0.207109736104493856554e0
