
1.355156554810359e-01 -3.406501496033911e-02
1.961624428888378e-01 -4.490364609038565e-02
1.496737369018213e-01 -3.004654418647949e-02
2.838154889465204e-01 -5.865476515059970e-02
2.164248944492452e-01 -3.868470202234348e-02
1.649124776583285e-01 -2.491676012033976e-02
-1.366209209488724e+00 -9.312968200438365e-03
-2.076727219559280e+00 2.857404176629608e-03
5.126537199295885e-01 4.196828840564125e-01
-7.540049405621084e+00 -8.575657366028354e+00
6.001122500343319e+00 9.032212415641872e+00
-9.569259220166043e-01 -4.180940276237712e+00
6.840911770434645e+00 -7.173744033221973e+00
-1.464440878964295e+01 1.702431612828853e+00
2.029596202072479e+01 1.017334072828895e+00
1.265789705569568e-01 -4.293636534245702e-01
-1.505597075919426e-02 3.858518328333840e-01
-8.874845513883763e-01 1.773794536556165e-01
6.409719614415582e-02 -9.533854013275984e-01
6.650427592865942e-01 -3.905473070191724e-01
1.042411856182159e-01 -2.117972295620107e-01
2.669551379483142e-01 -6.462553524957977e-01
7.904037877752330e-01 -1.841752958498394e-01
-6.773325992875032e-01 4.662026992049385e-01
7.354811233003790e-01 -5.265163335665141e-02
-1.737061402012814e-01 8.943600451815910e-01
1.000000000000000e+00 0.000000000000000e+00
5.534402558134189e-01 6.812245637537054e-02
-4.390107716874308e-01 -2.071097361044937e-01
