
-0.203458409364615787181e-1 0.201059138465916675492e0
0.128058644297997345263e0 -0.493302619431242569893e0
-0.275722965845620945967e0 -0.588411421231167904716e0
-0.508953719108470345185e0 0.118026741376709939013e1
0.460862967963115513124e0 0.157265649488787883530e1
0.173209664387941343795e1 0.116863071099556373926e1
-0.200187144052000026381e0 -0.147977050961173961432e1
0.248192621431049743191e0 0.115251884118752132209e1
-0.439773365848523901706e0 -0.127234175820952977163e0
-0.444641546649628025293e1 -0.109283679364896155776e2
0.265483446235783944033e1 0.175695496836333071768e2
0.774967902143425474296e1 -0.155639895362913009821e2
-0.245052640860115009125e0 0.151951504968651916784e2
0.565793690437440194210e1 -0.393919941728236053463e1
-0.835144709831399563731e0 -0.337044359408394718336e1
0.126578970556956859554e0 -0.429363653424570260658e0
-0.150559707591942117236e-1 0.385851832833384107875e0
-0.887484551388376555615e0 0.177379453655616498210e0
0.640971961441560267151e-1 -0.953385401327598612953e0
0.665042759286594478815e0 -0.390547307019172570822e0
0.104241185618215922552e0 -0.211797229562010749335e0
0.266955137948314413603e0 -0.646255352495797936432e0
0.790403787775233293827e0 -0.184175295849839467302e0
-0.677332599287503431479e0 0.466202699204938483693e0
0.735481123300379225651e0 -0.526516333566514819326e-1
-0.173706140201281533956e0 0.894360045181591086720e0
0.100000000000000000000e1 0.000000000000000000000e0
0.553440255813419123003e0 0.681224563753705901617e-1
-0.439010771687430829220e0 -0.207109736104493856595e0
