
0.220647089877052079545e0 -0.694285058575154015188e0
0.301178780772778699319e0 -0.737373935776883658794e0
-0.549048889617508052154e-1 -0.411078736300101725754e0
-0.383129006380214642738e0 0.351638121560127075554e0
-0.739803656107200220237e-1 0.462977506060342053156e0
0.162481916503173587618e0 0.342646937014957441353e0
-0.536650354153418221383e0 -0.193662360440066795206e0
0.155567089680731092716e0 0.115888310705613525555e0
-0.234548235199382879473e0 -0.112113124770842249620e0
-0.682574535340742546323e1 -0.451108621514274225200e0
0.464916375269885694382e1 0.158433240086217053968e1
0.427458388277450535833e1 -0.125158629137535306296e1
0.603451429354246677477e1 0.150095963695566663419e1
0.286594169302897537523e1 -0.104398294050503916814e1
0.121750231224497310360e1 -0.817333299326955280281e0
0.126578970556956783944e0 -0.429363653424570272123e0
-0.150559707591941517807e-1 0.385851832833384135197e0
-0.887484551388376618228e0 0.177379453655616711581e0
0.640971961441558844407e-1 -0.953385401327598660712e0
0.665042759286594401403e0 -0.390547307019172645714e0
0.104241185618215886177e0 -0.211797229562010780167e0
0.266955137948314288784e0 -0.646255352495798000834e0
0.790403787775233376551e0 -0.184175295849839629214e0
-0.677332599287503430937e0 0.466202699204938616887e0
0.735481123300379283601e0 -0.526516333566515758245e-1
-0.173706140201281369076e0 0.894360045181591100110e0
0.100000000000000000000e1 0.000000000000000000000e0
0.553440255813419157102e0 0.681224563753705512523e-1
-0.439010771687430865541e0 -0.207109736104493834626e0
