
3.720883770829218e-01 -9.742515761885215e-02
-2.247928031003331e-01 8.021845330948456e-02
3.481973995364416e-01 -8.957222191196165e-02
1.346583828921110e-01 -6.166800468629575e-02
-2.104451725626617e-01 7.408023273871522e-02
3.258339907828407e-01 -8.232775721578975e-02
-8.702604558919003e-01 5.990871682433474e-01
2.142214015041661e+00 -3.620344736222877e-01
1.353154431854861e+00 1.038952841768414e-01
1.529510387100098e+01 -8.018948009186138e+00
-4.901399264585333e+00 -1.628179916400796e+00
-1.966431954329141e+01 7.868203514856376e+00
3.346357076580956e+01 -1.340326846553124e+00
2.729311124338160e+01 -1.185189420584768e+00
3.897278904320768e+01 -1.093753263448073e+01
1.265789705569568e-01 -4.293636534245701e-01
-1.505597075919415e-02 3.858518328333840e-01
-8.874845513883766e-01 1.773794536556165e-01
6.409719614415588e-02 -9.533854013275984e-01
6.650427592865944e-01 -3.905473070191726e-01
1.042411856182159e-01 -2.117972295620107e-01
2.669551379483144e-01 -6.462553524957978e-01
7.904037877752332e-01 -1.841752958498395e-01
-6.773325992875033e-01 4.662026992049386e-01
7.354811233003792e-01 -5.265163335665160e-02
-1.737061402012814e-01 8.943600451815911e-01
1.000000000000000e+00 0.000000000000000e+00
5.534402558134190e-01 6.812245637537057e-02
-4.390107716874307e-01 -2.071097361044938e-01
