
1.030176307215120e+00 1.486961208029165e-01
3.703752338348574e-01 -3.551929622578559e-01
-1.358893280381802e-01 1.830477497495789e-01
-7.021780539975597e-01 7.301700374492934e-02
5.449492289481993e-01 1.275157582298897e-01
-3.279982532174844e-01 -2.217131245478359e-01
-2.118158174121087e+00 4.473897208241464e-01
8.258245775122409e-01 1.972468275019752e+00
6.637585391480001e-01 7.137868545540001e-01
-9.834996674023929e+00 1.450094476253978e+01
2.468849699765239e+01 -5.559960797372456e+00
-2.270909563791157e+01 -1.110607556000428e+01
8.990796831631682e+00 5.613108907282219e+00
4.969336527258540e+00 2.473570669513990e+01
2.599689181240554e+01 1.738384008943049e+01
1.265789705569568e-01 -4.293636534245703e-01
-1.505597075919429e-02 3.858518328333840e-01
-8.874845513883767e-01 1.773794536556165e-01
6.409719614415610e-02 -9.533854013275987e-01
6.650427592865945e-01 -3.905473070191725e-01
1.042411856182159e-01 -2.117972295620107e-01
2.669551379483144e-01 -6.462553524957980e-01
7.904037877752332e-01 -1.841752958498394e-01
-6.773325992875034e-01 4.662026992049384e-01
7.354811233003792e-01 -5.265163335665141e-02
-1.737061402012816e-01 8.943600451815912e-01
1.000000000000000e+00 0.000000000000000e+00
5.534402558134192e-01 6.812245637537057e-02
-4.390107716874309e-01 -2.071097361044940e-01
