
0.785592786988824954490e0 0.434609877069377017447e0
0.322684717302524736685e0 -0.154926313029764346112e-1
0.661278304454245609485e0 0.287427172819879153697e0
0.958587923151381659617e-1 -0.657588123315738273168e-1
0.256795988810942760628e0 -0.370454751674837473284e-1
0.550643741158504409561e0 0.179257626433501339997e0
0.350679746514771423643e2 0.302621536099490421375e1
0.796982144270863916008e1 0.214826321611821878391e1
0.899869529226862014770e0 0.324737315592179185103e-1
-0.243361524679370959931e3 -0.162506986986990809366e2
-0.143723900819859802008e3 -0.180172162532163536892e2
0.361045355563395949011e3 0.277443354803121706303e2
-0.414327154178599222044e2 0.162821395517385404915e2
0.189434328577054853435e3 0.246092288340053466922e2
-0.525226681055226580497e3 -0.495273972028003976464e2
0.126578970556956859527e0 -0.429363653424570260685e0
-0.150559707591942116964e-1 0.385851832833384107929e0
-0.887484551388376555615e0 0.177379453655616498183e0
0.640971961441560266609e-1 -0.953385401327598612899e0
0.665042759286594478815e0 -0.390547307019172570876e0
0.104241185618215922545e0 -0.211797229562010749335e0
0.266955137948314413576e0 -0.646255352495797936432e0
0.790403787775233293827e0 -0.184175295849839467315e0
-0.677332599287503431533e0 0.466202699204938483720e0
0.735481123300379225705e0 -0.526516333566514819597e-1
-0.173706140201281533956e0 0.894360045181591086774e0
0.100000000000000000000e1 0.000000000000000000000e0
0.553440255813419122949e0 0.681224563753705901481e-1
-0.439010771687430829220e0 -0.207109736104493856554e0
