
0.626021745005933032016e0 -0.283693069999941888863e0
-0.952832040010528932611e0 0.398502452159429536153e0
0.354082723252897352810e0 -0.152707629849293144387e0
-0.811127600285896629756e0 0.353842140701861257847e0
-0.725751037112651347174e0 0.322138531711159047111e0
0.185105855279962638668e0 -0.701490707019116368603e-1
-0.581159199916721162932e2 0.253430965137828068702e2
-0.356672930053681233836e0 0.575800030919106653536e0
0.175634654400053277887e1 0.653272982905162327683e-1
0.761148698357857387498e3 -0.306186627718868435571e3
0.214070828731036565118e3 -0.952150999452150901617e2
-0.770291502368063689232e3 0.321820164433282004529e3
-0.226426494192134095423e3 0.759627785929424789307e2
-0.281690454222479557279e2 0.347538896345843183015e2
0.136576233635302824143e4 -0.548207319609426642404e3
0.126578970556956859540e0 -0.429363653424570260685e0
-0.150559707591942117236e-1 0.385851832833384107929e0
-0.887484551388376555615e0 0.177379453655616498129e0
0.640971961441560267423e-1 -0.953385401327598612899e0
0.665042759286594478869e0 -0.390547307019172570904e0
0.104241185618215922552e0 -0.211797229562010749348e0
0.266955137948314413603e0 -0.646255352495797936486e0
0.790403787775233293827e0 -0.184175295849839467343e0
-0.677332599287503431588e0 0.466202699204938483774e0
0.735481123300379225705e0 -0.526516333566514819326e-1
-0.173706140201281533929e0 0.894360045181591086774e0
0.100000000000000000000e1 0.000000000000000000000e0
0.553440255813419123003e0 0.681224563753705901617e-1
-0.439010771687430829220e0 -0.207109736104493856608e0
