
5.270678800957146e+00 9.434767584112318e+00
6.196403900902771e+00 1.062877401932415e+01
3.344409883841539e+00 5.605676956330012e+00
3.330492626553583e-02 -1.280952517679397e+00
-3.425263054254183e+00 -6.034092758169193e+00
-5.303983727222682e+00 -8.153815066432919e+00
-2.351480301655940e-01 1.171186466681122e+00
2.185357540529855e-01 3.216508962360814e+00
-3.920693057177172e-02 7.015902686171912e-04
-8.298926920520158e+00 -1.627169226360700e+01
4.240132821990255e+00 1.575187070233243e+01
5.276305217643116e+00 -2.448359901648826e+00
4.008038478478200e+00 -1.297516113277130e+01
5.969011036387398e+00 2.951264034593778e+01
6.230997207600648e-01 -2.277492267382501e+01
1.265789705569569e-01 -4.293636534245701e-01
-1.505597075919420e-02 3.858518328333841e-01
-8.874845513883762e-01 1.773794536556163e-01
6.409719614415602e-02 -9.533854013275984e-01
6.650427592865944e-01 -3.905473070191724e-01
1.042411856182159e-01 -2.117972295620107e-01
2.669551379483143e-01 -6.462553524957978e-01
7.904037877752331e-01 -1.841752958498394e-01
-6.773325992875033e-01 4.662026992049384e-01
7.354811233003791e-01 -5.265163335665143e-02
-1.737061402012817e-01 8.943600451815910e-01
1.000000000000000e+00 0.000000000000000e+00
5.534402558134189e-01 6.812245637537062e-02
-4.390107716874308e-01 -2.071097361044938e-01
