
-0.114947002413545718834e0 -0.201120626747012020455e0
0.430738546498571273140e-1 0.104152814877594392699e0
-0.883562941045630180441e-1 -0.306809193383360577278e-1
-0.143658483154363120037e-1 -0.529222848281251886010e-1
0.407505867515350056400e-1 0.202555839350419440378e-1
-0.350261993373195758237e-1 0.141176930611594232429e-1
-0.897835609614292658664e0 0.103654556635541432431e1
-0.127895890793230042744e0 -0.599436577943043760112e0
0.302776171548781691941e0 0.536026726436190772810e0
0.573249372872900418707e0 -0.505610032155428274804e1
0.288363185087786373303e1 -0.396834134278785388944e1
-0.341929742079916771909e1 0.792479035372766320213e1
0.903411397796621754713e1 -0.894594549005892103553e1
0.344644250896761163215e1 0.369009497760467018116e1
0.187184579010875363041e2 -0.316486620578835482808e1
0.126578970556956859513e0 -0.429363653424570260712e0
-0.150559707591942116829e-1 0.385851832833384107902e0
-0.887484551388376555615e0 0.177379453655616498237e0
0.640971961441560267219e-1 -0.953385401327598612953e0
0.665042759286594478869e0 -0.390547307019172570958e0
0.104241185618215922552e0 -0.211797229562010749348e0
0.266955137948314413549e0 -0.646255352495797936432e0
0.790403787775233293881e0 -0.184175295849839467370e0
-0.677332599287503431479e0 0.466202699204938483774e0
0.735481123300379225705e0 -0.526516333566514819292e-1
-0.173706140201281533916e0 0.894360045181591086882e0
0.100000000000000000000e1 0.000000000000000000000e0
0.553440255813419123003e0 0.681224563753705901481e-1
-0.439010771687430829220e0 -0.207109736104493856568e0
