
1.588371749880818e+00 1.075045884554598e+00
1.411266284514936e+00 9.030611927417422e-01
5.163320106511107e-01 3.189256522057791e-01
9.436694290025829e-01 6.387525476610864e-01
1.692455377579987e-01 1.548506139176055e-01
2.844880581988404e-01 1.422619553853667e-01
-1.435227765196146e+00 -1.463049564719099e-03
-4.648403908588234e-01 -1.446640025258017e-04
-4.545477468680454e+00 1.118354033300406e-04
9.260153995956436e+00 -3.274161471796866e-02
-2.554231473231146e+01 1.620491010561942e-03
4.126294387156938e+01 2.111798599012005e-03
4.459504116404322e+01 7.121318740089677e-02
-3.541240296444204e+01 -2.823862879417316e-02
-5.385519516000072e+01 -3.847157268290324e-02
1.265789705569569e-01 -4.293636534245703e-01
-1.505597075919425e-02 3.858518328333841e-01
-8.874845513883768e-01 1.773794536556165e-01
6.409719614415593e-02 -9.533854013275987e-01
6.650427592865946e-01 -3.905473070191726e-01
1.042411856182159e-01 -2.117972295620108e-01
2.669551379483143e-01 -6.462553524957980e-01
7.904037877752332e-01 -1.841752958498395e-01
-6.773325992875036e-01 4.662026992049386e-01
7.354811233003794e-01 -5.265163335665141e-02
-1.737061402012816e-01 8.943600451815915e-01
1.000000000000000e+00 0.000000000000000e+00
5.534402558134193e-01 6.812245637537057e-02
-4.390107716874310e-01 -2.071097361044940e-01
