
-0.569562262316437040235e2 0.719376466386087384183e2
-0.551066126512005925661e2 0.801145827437664733994e2
-0.308817942599656723498e2 0.487623422086795686343e2
0.357667737085397827029e2 0.109467829402559199137e2
0.363762267914130895119e2 -0.460989647699373131726e2
0.211894525231039251283e2 -0.828844295788646546891e2
-0.228377153284364347324e0 -0.799687192127879821783e-1
0.262347991355490869463e0 0.255617691860991762465e0
-0.960761008036979233772e-1 -0.109721706795927861241e0
-0.797132376426367065527e1 -0.876919669269518216597e0
0.418909170628265914611e1 0.203372377026793278764e1
0.553362511294086044985e1 -0.975461768308728719031e0
0.359462783089136024019e1 -0.254061214054623348978e0
0.616121441503561727152e1 0.830961377358041570085e0
0.119994599177599371929e0 -0.170898612709308779934e1
0.126578970556956859472e0 -0.429363653424570260576e0
-0.150559707591942116854e-1 0.385851832833384107821e0
-0.887484551388376555453e0 0.177379453655616498210e0
0.640971961441560266067e-1 -0.953385401327598612736e0
0.665042759286594478653e0 -0.390547307019172570849e0
0.104241185618215922518e0 -0.211797229562010749280e0
0.266955137948314413413e0 -0.646255352495797936324e0
0.790403787775233293610e0 -0.184175295849839467370e0
-0.677332599287503431317e0 0.466202699204938483666e0
0.735481123300379225542e0 -0.526516333566514819563e-1
-0.173706140201281533821e0 0.894360045181591086611e0
0.100000000000000000000e1 0.000000000000000000000e0
0.553440255813419122787e0 0.681224563753705901074e-1
-0.439010771687430829138e0 -0.207109736104493856500e0
