
-9.866869025212904e-02 2.850657119986210e-01
5.204054774805945e-02 -3.909359138221616e-03
5.222771680612125e-02 6.914597551833389e-02
-4.194587139665541e-03 -7.994862257717590e-03
7.392756245047072e-03 -1.304158606614527e-02
2.485270566625022e-02 -1.398808670861599e-03
-4.299265104880711e-01 -2.090947707915314e-01
2.538207864538178e-01 3.995976925296941e-01
-2.861379243017853e-02 -1.096416994113457e+00
-1.910611379593956e+00 3.249011153382656e-01
1.169906109910797e+00 2.857730055231024e+00
2.815079892255667e+00 4.555275929655156e+00
7.438521905849472e+00 -5.503571991503146e+00
6.356898387661330e+00 -3.362138591868529e+00
7.343646525997761e+00 -1.265581485650815e+01
1.265789705569569e-01 -4.293636534245703e-01
-1.505597075919426e-02 3.858518328333841e-01
-8.874845513883762e-01 1.773794536556163e-01
6.409719614415604e-02 -9.533854013275987e-01
6.650427592865944e-01 -3.905473070191725e-01
1.042411856182159e-01 -2.117972295620107e-01
2.669551379483144e-01 -6.462553524957978e-01
7.904037877752330e-01 -1.841752958498392e-01
-6.773325992875033e-01 4.662026992049383e-01
7.354811233003793e-01 -5.265163335665146e-02
-1.737061402012818e-01 8.943600451815912e-01
1.000000000000000e+00 0.000000000000000e+00
5.534402558134190e-01 6.812245637537065e-02
-4.390107716874309e-01 -2.071097361044940e-01
