
-0.359844171264009208691e-1 -0.760839620091016622881e-2
0.560764482109046232275e-1 0.523224899354651173299e-3
0.737112309702060749717e-1 0.381376096682442594192e-2
-0.839702278774635640067e-1 0.161235785143285998559e-1
-0.111319383568067372908e0 0.165219364867861962106e-1
-0.147305662719966470352e0 0.155213244574116527645e-1
0.988134594171288461605e0 0.318650506391842626788e0
-0.691396138351262296484e0 0.898080040132421244723e-1
-0.139132511987212419667e1 -0.243815318206069054404e-1
0.218036220794379195301e2 0.103468256615499013158e1
-0.192814043291810499996e2 0.475285943462237896184e-1
0.252862401909986284458e2 0.154807677458713073733e1
-0.235385746237435977742e2 -0.786356006981099415424e1
0.862693161429131412897e1 0.373599998244289214534e1
0.565675451420872861356e1 0.169654332428274918056e0
0.126578970556956859513e0 -0.429363653424570260712e0
-0.150559707591942117066e-1 0.385851832833384107929e0
-0.887484551388376555615e0 0.177379453655616498237e0
0.640971961441560266745e-1 -0.953385401327598612953e0
0.665042759286594478869e0 -0.390547307019172570904e0
0.104241185618215922545e0 -0.211797229562010749335e0
0.266955137948314413549e0 -0.646255352495797936486e0
0.790403787775233293773e0 -0.184175295849839467370e0
-0.677332599287503431479e0 0.466202699204938483720e0
0.735481123300379225651e0 -0.526516333566514819495e-1
-0.173706140201281533902e0 0.894360045181591086774e0
0.100000000000000000000e1 0.000000000000000000000e0
0.553440255813419122949e0 0.681224563753705901278e-1
-0.439010771687430829220e0 -0.207109736104493856568e0
