
-2.254975787949018e+00 7.396205525665167e-01
-2.953712309535199e+00 3.953007179063145e-01
-1.930096224515217e+00 -1.537537808619627e-02
5.970453902044960e+00 7.494179607444753e-01
-1.173306180701503e+00 -4.794838925906603e-01
-5.730878184915339e+00 -8.362460002489844e-01
-2.993557496854670e-01 3.646272780046134e-01
3.869688095283500e+00 2.008799275686253e+00
3.199136512061000e-01 7.290586670984303e-02
-1.258434165821704e+01 6.830526263757897e-02
1.734755076094993e+01 2.397910813045687e+00
-1.240163680650364e+01 -4.920078017307427e+00
1.457903132023995e+01 4.365449713807704e+00
3.403932242199265e+01 1.742337874280507e+01
-1.994689662021468e+00 -4.433754976447389e+00
1.265789705569569e-01 -4.293636534245703e-01
-1.505597075919421e-02 3.858518328333841e-01
-8.874845513883766e-01 1.773794536556164e-01
6.409719614415604e-02 -9.533854013275984e-01
6.650427592865944e-01 -3.905473070191725e-01
1.042411856182160e-01 -2.117972295620107e-01
2.669551379483144e-01 -6.462553524957978e-01
7.904037877752333e-01 -1.841752958498394e-01
-6.773325992875034e-01 4.662026992049385e-01
7.354811233003794e-01 -5.265163335665143e-02
-1.737061402012816e-01 8.943600451815911e-01
1.000000000000000e+00 0.000000000000000e+00
5.534402558134190e-01 6.812245637537068e-02
-4.390107716874307e-01 -2.071097361044939e-01
