
-0.729571682416302427509110296701e1 -0.154960925639966810910697287171e1
-0.411351361787233235942405891693e1 -0.783994611821031666961190975449e0
-0.131612096696452681549410835230e0 0.450451808060838758583246895692e0
-0.224534120178578595963672135450e1 -0.374973135748485702907405943575e0
0.320207223941594689952661003405e0 0.343472205478757835072861492726e0
0.210083733418900003355858308349e1 0.485362881212314509917286658053e0
0.550075379798200621263070902374e2 0.266398082905224452367767192143e-9
0.566289486017180563826890016410e2 0.268880163834158222448515834184e-9
-0.860976155108317348818582231587e1 0.437650160527372952292928027192e-11
-0.247098465064029429069941366453e4 -0.126203617258288671777555876148e-7
0.440898575382384271951304611529e4 0.223882901754234989367011496885e-7
-0.826813447732072372758905961526e3 -0.440462004031885946462033147217e-8
-0.786696727249373646733683510426e4 -0.400104112680478202527040937141e-7
0.147528585868689881611995021491e4 0.803979703033490858223211666476e-8
-0.276659135528688942262301772679e3 -0.114475747556941569520490536941e-8
0.126578970556956859523529663217e0 -0.429363653424570260658010957240e0
-0.150559707591942116999141708551e-1 0.385851832833384107887067464670e0
-0.887484551388376555550809162127e0 0.177379453655616498203159875154e0
0.640971961441560267179927733330e-1 -0.953385401327598612850763746198e0
0.665042759286594478777121193099e0 -0.390547307019172570852297368666e0
0.104241185618215922536788150131e0 -0.211797229562010749329167503822e0
0.266955137948314413529783898782e0 -0.646255352495797936427856970061e0
0.790403787775233293747310928733e0 -0.184175295849839467340606834242e0
-0.677332599287503431459490520464e0 0.466202699204938483710668369504e0
0.735481123300379225594018972017e0 -0.526516333566514819584870867306e-1
-0.173706140201281533901630168292e0 0.894360045181591086732634689084e0
0.100000000000000000000000000000e1 0.000000000000000000000000000000e0
0.553440255813419122908632501355e0 0.681224563753705901499596282929e-1
-0.439010771687430829193845938025e0 -0.207109736104493856559533909399e0
