
1.215016631604167e+00 -8.905358097377498e-01
-9.410146053401495e-01 -2.977463304635131e-01
3.422947648480548e-01 9.019869581477767e-02
-9.899235924079777e-01 6.456862320329224e-01
8.366669497822064e-02 -3.549028265677495e-01
4.716490121770959e-01 1.765749394484106e-01
-6.870183763769999e-01 9.400115308519998e-01
7.752784799659999e-01 8.691393860050000e-01
8.830069020334991e-01 2.100857111472005e-01
-5.331230163059047e+00 -1.251255699528771e+00
7.134164239908761e+00 -6.230554863482440e+00
-8.728905712242559e+00 5.349349377918056e+00
6.946968267669032e+00 -1.343140780248469e+01
-1.051369551969716e+01 -5.181130509099585e+00
1.591742530720243e+00 -7.400430040628327e+00
1.265789705569568e-01 -4.293636534245702e-01
-1.505597075919421e-02 3.858518328333841e-01
-8.874845513883766e-01 1.773794536556164e-01
6.409719614415604e-02 -9.533854013275986e-01
6.650427592865945e-01 -3.905473070191726e-01
1.042411856182159e-01 -2.117972295620107e-01
2.669551379483145e-01 -6.462553524957979e-01
7.904037877752332e-01 -1.841752958498394e-01
-6.773325992875034e-01 4.662026992049385e-01
7.354811233003793e-01 -5.265163335665149e-02
-1.737061402012817e-01 8.943600451815912e-01
1.000000000000000e+00 0.000000000000000e+00
5.534402558134190e-01 6.812245637537062e-02
-4.390107716874309e-01 -2.071097361044940e-01
