
-1.956556870895920e-02 -1.254051698036469e+00
-5.781441499261413e-01 -6.670072726681054e-01
-1.003733645674232e+00 -1.181085412304345e+00
-2.715032418916930e+00 1.417783361719417e+00
2.231816274248083e-01 -5.376319945468149e-01
1.531965622989922e+00 -1.142237448073702e-02
-6.870183763769997e-01 9.400115308519994e-01
7.752784799660003e-01 8.691393860050000e-01
3.979407098949438e-01 -6.668111674419789e-01
-5.248945506927685e+00 -7.891459364239183e+00
2.546035790800015e+00 1.332785164791181e+00
-2.895107548770440e+00 1.115353196229637e+01
8.013593363001098e+00 -5.735145205448378e+00
-9.465695029850597e+00 3.619933420383030e-01
-2.398038486663607e+00 -1.914841453311506e+00
1.265789705569569e-01 -4.293636534245704e-01
-1.505597075919421e-02 3.858518328333840e-01
-8.874845513883768e-01 1.773794536556164e-01
6.409719614415610e-02 -9.533854013275987e-01
6.650427592865946e-01 -3.905473070191725e-01
1.042411856182160e-01 -2.117972295620108e-01
2.669551379483145e-01 -6.462553524957980e-01
7.904037877752335e-01 -1.841752958498393e-01
-6.773325992875038e-01 4.662026992049386e-01
7.354811233003793e-01 -5.265163335665143e-02
-1.737061402012818e-01 8.943600451815914e-01
1.000000000000000e+00 0.000000000000000e+00
5.534402558134190e-01 6.812245637537066e-02
-4.390107716874308e-01 -2.071097361044940e-01
