
-8.464200360496128e-01 3.811199375168915e-01
5.491575778135675e-02 2.205312486051050e-02
1.771262296057088e-01 -3.255538649554301e-02
-3.548983386481664e-01 2.130367670950836e-01
-3.428492560189308e-01 1.610624120836544e-01
7.703177109477404e-01 -3.254877799823100e-01
-3.603655550225717e-01 -6.605911866331733e-02
-2.688810960142312e-01 9.836585232159648e-03
-1.126130233123562e+00 -1.387973030919051e-01
2.428246079112432e+00 5.470353302208245e-01
-4.072001358212277e+00 -2.800262379521138e-01
1.390917151290815e+01 5.395323553594320e-01
1.387136872275271e+00 6.568866825059936e-01
-1.982189305472878e+00 -1.056007062416065e+00
-3.815382951387702e+00 -1.203922012726818e+00
-3.949452384612894e-02 1.107553659647102e-02
-3.188162613286358e-02 -1.658467650088361e-02
2.707203229214447e-01 3.381972990964455e-01
-3.266935143509010e-01 -3.564513819195968e-01
-1.164776259720736e-01 1.512110709996703e-01
1.000000000000000e+00 0.000000000000000e+00
-5.533522417800887e-01 2.831151491438477e-03
2.978450522822735e-01 2.105258123186979e-01
5.763316610551416e-01 2.865560244951901e-01
6.118660725806668e-02 3.404071273122207e-02
-4.633840696757799e-02 -4.680864866265841e-02
2.270121341428774e-01 7.005812025602140e-02
1.719317172572509e-01 7.264666242466764e-02
-5.416040811999867e-01 -2.690347624227928e-01
