
7.503473575747725e-02 -8.212517004668719e-03
6.299244623423111e-02 -3.122198364529896e-01
2.782468440741990e-01 -3.307927270457383e-01
-1.778829198715263e-01 4.286179759673349e-01
-3.909143471902111e-01 -3.755207635974912e-01
6.259673471335786e-01 -7.467213997270555e-02
1.296125574612264e-01 -6.683918355634220e-01
8.955397047186830e-02 -2.393363685708944e-01
1.306895751095924e+00 -1.570637628763774e+00
-1.490400997124755e+01 1.542778728524894e+01
7.889042163347247e+00 5.503719177716646e-01
-1.552433771117279e+00 2.281761737067612e+00
2.953765085315417e+00 -1.838672528091542e+01
1.336995801159655e+01 -7.450281247263195e+00
1.195024488593214e+01 2.958937995666477e+00
-3.098630340656088e-02 2.550720524451032e-02
-1.672546866099270e-02 -3.169150549379826e-02
-6.397723270909730e-01 -6.178489914253027e-01
6.767001937838429e-01 -1.308344441529292e-01
-2.183960563555667e-01 5.492965129992290e-01
-2.082962703735949e-01 2.841006730855697e-01
-3.989788000822043e-01 -3.368229957716918e-01
-2.164842801366665e-01 -8.972193395172243e-01
1.077531599462694e-01 7.202838562293395e-02
3.185085767719202e-01 -3.164243892245789e-01
5.375700534775932e-01 -3.485123175317529e-01
-3.702270879116494e-01 6.100543288759890e-01
-5.079664220216643e-01 -8.380584177957470e-01
1.000000000000000e+00 0.000000000000000e+00
