
3.720883770827310e-01 -9.742515761880258e-02
-2.247928031001878e-01 8.021845330950904e-02
3.481973995362269e-01 -8.957222191197400e-02
1.346583828920080e-01 -6.166800468632573e-02
-2.104451725625131e-01 7.408023273875683e-02
3.258339907826295e-01 -8.232775721583527e-02
-8.702604558918328e-01 5.990871682434701e-01
2.142214015041170e+00 -3.620344736218361e-01
1.353154431855010e+00 1.038952841767601e-01
1.529510387099739e+01 -8.018948009187174e+00
-4.901399264584537e+00 -1.628179916401946e+00
-1.966431954329051e+01 7.868203514858298e+00
3.346357076580794e+01 -1.340326846549883e+00
2.729311124337806e+01 -1.185189420583096e+00
3.897278904320866e+01 -1.093753263448625e+01
-4.893850169407178e-02 9.347142222438298e-03
7.597651461842843e-03 2.195680927730386e-02
5.882949114814805e-01 1.730165982202602e-01
1.493733876766939e-01 -1.816379815112009e-01
-6.292826795098670e-01 1.649790861385417e-02
1.588954805499289e-02 1.854619852218760e-01
-2.682374832539539e-02 2.283805857977060e-01
1.000000000000000e+00 0.000000000000000e+00
-6.493985550252177e-01 6.928803376101722e-01
5.624601614690887e-01 -5.818397016681508e-01
-6.675720038352099e-01 6.412938340898880e-01
2.429006805980606e-01 1.048208147931370e-01
6.715081039090117e-01 -6.824735005145507e-01
-5.338920742184449e-01 5.219808109070182e-01
