
-3.166936484583525e-01 -1.522365946949487e-01
2.148363741208191e-01 -2.501951806899217e-01
2.423144173638509e-02 -3.678726215252594e-02
2.446189873783592e-01 1.790717296547941e-01
9.863080265875229e-02 -2.052333563333922e-02
7.207466107999363e-02 -2.683513495984550e-02
-8.769026179757970e-01 1.529403758921164e+00
-2.160346063765843e+00 6.584030260549069e-01
3.277341838380906e-01 -2.068827477906362e-01
-6.256055586632403e+00 -1.515992663944577e+00
-1.289383728173884e+00 -8.612294044578706e+00
6.704178456170427e+00 1.410394635783710e+01
9.664940662031063e+00 -6.889415635268747e+00
-1.433009874634548e+01 1.204592487600682e+01
1.306445048349871e+01 -1.702047486971686e+01
-9.010380775129199e-02 1.120522338522692e-02
-4.474728919722445e-02 -3.818138429633479e-02
2.922259340384106e-01 -4.908998187452632e-02
2.899920603261517e-01 -2.379030566337642e-01
-6.980567405393626e-01 3.061439566302042e-01
5.238624996671596e-01 4.087894678737072e-02
-8.023852363300948e-01 -2.717925271092830e-01
9.658365020721865e-01 -1.535529227719745e-01
1.000000000000000e+00 0.000000000000000e+00
-6.567088850082894e-02 7.040532836255204e-01
1.201744034989102e-01 4.218042626171977e-02
6.733723488415286e-02 -4.873219053885813e-01
3.385170872879308e-01 1.608312894642996e-02
7.542219002160337e-02 7.118371233710830e-02
