
0.244864965641590484351444900576e0 -0.105343596148146160052821042331e-1
0.524791861289071892371523010259e0 -0.144911336380955515262346269160e-1
0.338621574183555893096774105459e0 -0.674225915281343481887440812031e-2
0.180530401231686645837683183446e0 0.149601692830395226034672925379e-2
-0.192864370709648265488213937690e0 0.801249799916948177568126859885e-2
-0.425395366873277130189128084007e0 0.903834268651066374493537497060e-2
-0.766599758712038585470556223707e0 0.597131481580402507424085294055e-3
-0.141700199284124992571574257855e1 -0.119999076539881453729332286077e-2
-0.257102113936970681381934303131e0 -0.711022677829397807179326169296e-2
0.365821372044593090733787256389e1 0.131184346417572577833741819153e0
-0.744135527422561462803254223805e1 -0.123227354188310044354173413633e0
0.888702020267602048787777617478e1 0.684189145308412147422411206759e-1
0.116640401067429467722383361618e2 0.502895513261920403030018754206e-1
-0.933866913174782588963490056358e1 -0.266130660745014311051993722980e-1
0.113099434140355484640342794414e2 -0.992179097345130707973301344625e-2
-0.658659173659910481905587863575e-1 0.257722823433081073941213109730e-1
-0.462559434792210289769965697197e-1 0.102820909972437643487833943990e-1
0.334885744671865160800779964069e0 -0.777662458514736255070958338289e-1
-0.118340838605173384995042724676e0 -0.220322607251040107174813109941e-1
-0.366350171405853469826645546333e0 0.176072031953570982372187038474e0
0.879907493139748806188607385155e0 -0.323015892887617186083890988231e0
-0.754389573974879753242406849028e0 0.242046327552478451159788078489e0
0.653780960616467208008227964668e0 -0.211519586887742702704513890522e0
0.100000000000000000000000000000e1 0.000000000000000000000000000000e0
0.989552863985799782433338717639e-1 0.316476626094478140787504156629e-1
-0.317407678206262658908558296518e0 0.122148388187339661659275665780e-1
-0.388421034188394072883463107513e0 -0.417359600333295437686387925112e-1
-0.358784985381773166912916257396e-1 -0.499518949329559563709403923907e-1
-0.394283813424198249820084376366e0 -0.302836304863919400743611469506e-1
