
-1.640480195995077e-01 -6.451558164285080e-02
-3.143152061567776e-02 6.161786597382370e-02
2.699380110765071e-02 -3.305832898361324e-02
-2.617951820997997e-02 -4.463221897524428e-02
-7.202679108746342e-02 -8.518542867237504e-02
4.362503780817898e-02 7.073670348042409e-02
-2.110884732255992e+00 6.829505707902280e-01
-2.491517912682171e-01 5.367874788332198e-01
-1.364729329569142e+00 1.849997922660652e+00
-1.067576259722599e+01 1.910179349471827e+00
1.143632447378432e+01 1.532396254339703e+01
2.400418206810995e+00 -1.922902748276946e+01
1.963999351716782e+01 -3.796390918602572e+01
-1.799896869997036e+01 2.601221935156927e+01
-8.964230919941835e+00 3.605372983655388e+01
-2.526295987029581e-02 -2.634989798219080e-02
-1.191174910225272e-02 2.039176274362550e-03
-3.057519298798944e-01 -1.530383230340910e-01
-6.070191096368979e-02 3.409138025570569e-01
1.821705799879561e-02 -2.726824530708485e-01
1.000000000000000e+00 0.000000000000000e+00
-4.691417089128054e-01 -1.450166204247381e-01
-3.743284024348450e-01 1.101520809329973e-01
7.756127430764153e-01 -1.070364892761347e-01
3.257046453482201e-01 -2.143945094279862e-01
2.722818733402469e-01 2.076585934895681e-02
1.697585137375584e-01 -6.012200468816706e-01
-1.010798460021227e-01 -5.806644814872650e-01
-6.324015201223382e-02 -5.248662203981522e-02
