
0.504192998171479681183e-1 0.140164659083271208529e0
0.265065945073726703237e-1 0.144813098120247207661e0
-0.511083369768063596061e-2 0.799620971993398918211e-1
0.243978414461016606296e-2 0.145480652373072851191e0
-0.179067606688786006921e-1 0.771391559031163888513e-1
-0.196330989192964751097e-1 0.383686537095442320077e-1
-0.239322593625319867241e1 0.271117754634424839921e0
-0.236154249918708800463e1 -0.437454808183884874832e-1
-0.569994276379237839111e1 -0.790926254790573240267e1
0.854520833705774603625e2 0.146658388359207279242e3
-0.134113760224171450153e3 -0.191772445892262794004e3
0.702737525460655759954e2 0.951602943515391128254e2
0.196642388462144529146e3 0.203683111914630448305e3
-0.706769094816785766397e2 -0.475806288996780154706e2
-0.430578647253688726708e2 -0.570020208321874814542e2
-0.609892244453529027979e-2 0.508162901455705883432e-2
-0.171814858509847571791e-2 0.486192847505118114430e-2
0.537860079634719834052e-1 -0.306384293427881836206e0
-0.404665379466382903157e0 0.143091163176054763355e0
0.133039813548940599204e0 0.708433156574864255324e-1
0.100000000000000000000e1 0.000000000000000000000e0
-0.209277532489800283840e0 -0.128163510990557393783e-1
-0.230037897559118255353e0 -0.331698746544950840516e0
0.905738541657847166420e0 -0.109828984389371038432e0
0.789565811136294849206e0 -0.293153483007599347548e-1
0.254203764934702721253e0 -0.144191048762404571291e-2
0.658608736926815474088e0 0.830403147443987216532e-2
0.275801981861710800544e0 0.534186075231740294664e-1
-0.436103482578659838307e-1 -0.206521161658426067695e-1
