
0.347362025884143955531e18 -0.308744026615727864156e18
0.599682793772431607773e17 -0.780422642323703654219e17
0.115294193206426392664e18 0.172059134313791407594e18
-0.559838701353395647891e17 0.857051515798244212969e17
0.556229477932492416836e17 -0.404070466897615613789e17
-0.879316907687805047031e17 0.868726457143703856719e17
-0.436186874340983088237e0 0.399504807962310404571e0
0.171375988164703622419e0 -0.277656897890433449145e0
-0.173131697457769171019e0 0.106251369668601994322e1
-0.148021400334418686223e1 -0.123900083571891878639e1
0.175663541516494781797e1 -0.245768651098619434012e1
0.367667381278624024084e1 -0.325042968509669773333e1
0.404475786948109026185e1 0.244765955489535699851e1
0.551101166918795584010e1 0.534908023613904242896e1
0.677467302747651270271e1 0.104766701498528916475e2
-0.515043718213070955505e-14 -0.143433964194807994832e-13
-0.100049120101843588189e-13 0.136672915896024914897e-14
-0.510181917881180300424e-13 -0.744734752230296401597e-13
-0.374149782650343153487e-13 0.163823457630516844398e-12
0.318715194170558083489e-13 -0.142451385078090541952e-12
0.180994855248210316759e-12 0.417272582681024412182e-13
-0.149235693551245469469e-12 -0.822323647172471939796e-13
-0.557263747952235453610e-13 0.538820269855041874401e-13
-0.131496392515899649650e0 0.349294834589222077492e0
-0.114628073623876494658e0 -0.882764049121811127997e0
-0.590773658721110613945e0 -0.531446432869381358752e0
0.708113826243104790934e0 -0.224357062560450366527e0
0.100000000000000000000e1 0.000000000000000000000e0
0.421517017532389492174e-2 -0.365861328687184857031e0
