
0.155969746808528972569e2 0.328880954208692486071e2
0.250764618231519077936e2 0.496425504895971497904e2
0.183145947763015122418e2 0.406489391442591995532e2
0.400455198748578328483e2 0.699871708054533019638e2
0.299701787212800745894e2 0.516861947132988145473e2
0.238168400146008840349e2 0.310470317698874596710e2
-0.139938091799640809069e1 -0.128417189560913596821e0
-0.196672261355905568742e1 -0.163198102471208748886e0
-0.198612680545207664516e1 -0.317796626291157494895e0
0.404307319614144004306e2 0.884024584155869156028e1
-0.442870786171655559729e2 -0.983671476878666253395e1
0.225938161730274869148e2 0.323283258392707800299e1
0.485106951261019444591e2 0.109429690801139509002e2
-0.247550270037751763905e2 -0.362548745456991452531e1
0.125572427379089754072e2 0.867531593963597771196e0
-0.903125023152938596655e-2 -0.508007566937225625280e-2
0.395263221009765027825e-2 -0.276154229907217248566e-1
-0.282393352235818307630e0 0.613929583172559700701e0
0.216077444286573626506e0 -0.630403642253975364561e0
-0.597072423324496586130e-1 0.994540543747513887353e-1
0.998290712167298880360e-1 0.538300817351914060577e0
-0.983557725600302810962e-1 -0.190110182143307628088e0
-0.208425187124632031190e0 0.439657648170108305934e0
-0.913896381193383806961e0 0.324823118331833542128e0
-0.206667413279898287944e0 0.111101493864435711446e0
0.100000000000000000000e1 0.000000000000000000000e0
0.488135358103169978686e0 -0.290423004625803643210e0
0.496178478194042377658e0 -0.258195807804585707678e0
0.911319309802114594477e-1 -0.447939269458167136781e-1
