
-0.868267458910895862539e0 0.208338233857227552484e0
-0.109366620923137678877e1 0.156818348152517424523e1
-0.101339197131937511220e1 0.770688253859976287266e-1
0.242620253194168423766e1 0.279108458070791436807e1
-0.432863687065852527607e0 -0.813454837852348032912e0
-0.155793507303078837545e1 -0.299942281456514192031e1
0.616217495575090155381e0 -0.459967960360134557845e0
0.567631075214593676295e0 -0.112991414879642056309e1
0.538539239515938310558e0 -0.887051307686843322053e-1
-0.149616759928889141449e2 0.924244053763446600080e0
0.269856775607326676981e1 0.727751153129074194927e0
0.857724449230348678225e1 0.175046289251788477967e0
0.417479449005373980238e1 -0.327522634082737366078e1
0.145797947129914768271e2 -0.109000363467774500350e2
-0.500531838215428862568e1 0.536282886636492727751e1
0.477752581453960474245e-1 -0.505929041094573393794e-2
0.102089422011065229849e0 0.279960388471204640263e-2
-0.726812479342228879594e-1 -0.373283612576547288718e-1
-0.750263966306073999899e-1 0.103895418700190179499e0
0.856186683962027982042e-1 -0.737812534482410967236e-1
0.118861432908604771145e0 -0.586654028147372144830e-1
0.100000000000000000000e1 0.000000000000000000000e0
-0.595975875858679142428e0 0.329119817052326239099e-1
0.633251285656824468398e-1 0.203294820527014854659e-1
0.610016149319322597942e-1 -0.112046466600407453148e-1
0.103949074656100756152e0 0.403308240920673941968e-1
-0.617927781251409465968e-1 0.268676605464002521938e0
0.427520937753165980193e-1 -0.436628452372606297334e-1
0.183587589011497185463e0 -0.732251919880595963881e-1
