
0.119708074277826144856e0 0.596401157793731296741e-1
0.171430747111885849364e0 0.206723995867270767682e-1
0.141610190844149489044e0 0.750358372306639114251e-1
0.217454383336078263059e0 -0.491298086856716376098e-1
0.204738784920589831197e0 0.299079846677688702692e-1
0.167385029761650875232e0 0.941358047402687720504e-1
0.139168863136111920940e1 -0.844267569460509795069e0
-0.136354563942122423981e1 -0.253739729642714270978e0
0.857304731224452382392e0 -0.374982713625307075123e-1
-0.315649778051324236636e2 0.619497693694547181369e1
0.179296930748151708943e1 0.304455579601120986154e1
0.232231720386928247590e2 -0.819584686177885284736e1
-0.394690436082751165388e1 0.797373214119832112736e0
0.210108257885417679589e1 -0.483121727696092165749e1
-0.194467589786848280009e2 0.129938740621831098146e2
-0.693129568926822158093e-1 0.208559507412231996231e-2
-0.297044141393575315255e-1 0.192177842575376402273e-1
0.374845587126262466140e0 0.800027818496520124272e-1
0.307877757485204043989e0 -0.521905978563818778498e-1
-0.647333414325426008298e0 -0.463914207941253020959e-1
0.463642918859171378311e-1 0.140202480087394519627e0
-0.478340243287657801582e0 0.157688593241881035750e0
0.100000000000000000000e1 0.000000000000000000000e0
0.290360356714131630434e-1 0.256388751378776300332e0
0.110452593377920476978e0 0.119922578346917930105e0
0.225783894132668692853e-2 0.318906838839365502626e0
-0.147720197996447457194e0 -0.383403792711516359356e0
0.716413942355263841009e-1 0.172834815314569004727e0
-0.214267442167156005794e-1 0.433585240833156222739e0
