
-0.323400878396013123303e0 0.430573967106463989841e-1
0.375049634258297819825e0 0.178912041551599225751e0
-0.106224648987246673191e0 -0.268113768738144288512e0
-0.275830812052068140685e0 -0.451694345793749203277e0
-0.730631266771454738077e-1 0.359970981728299083651e0
0.207165212100913099751e0 -0.148548103709270687726e0
0.475795067012956791717e0 -0.303587294322031799173e-1
-0.354252709994784394500e0 -0.719811997431666978655e0
0.435943039385030782333e0 0.641910735314276671292e0
-0.875639340323849945432e1 -0.929422556530381963492e1
-0.351585572799039863378e1 0.266658112974332903297e1
0.115050544973297321424e2 -0.798863192102628896871e0
0.493733717014997313234e1 0.415967682319195950023e1
0.732904906296913002776e1 -0.503972384058815293722e1
0.517753662442977405107e0 0.339115409215037216198e0
0.589009694388252346311e-1 -0.138243192587887256337e-1
-0.976640104940418354501e-1 -0.135890311838528908465e-1
-0.315226699475814827524e0 -0.862532674695214984393e0
-0.503104113570832433818e0 0.608462119394923617039e0
0.100000000000000000000e1 0.000000000000000000000e0
-0.559226681030405624838e0 -0.103644705825300436855e0
-0.480481687821097884294e0 -0.367166054469116183158e0
-0.631188983463687515799e0 -0.621450883418052951344e0
0.244030386817222392975e0 -0.268797198543893113234e0
-0.316215272230005340498e0 -0.128826260450872725414e0
0.296936152201216091749e0 0.353253965243861385086e-1
0.913155794380043612016e0 -0.337916882198136184722e0
-0.269402999635025328949e-1 -0.518761010823323066789e0
0.126289690399195532119e0 0.354653957253947042929e0
