
0.292679940540833859576e1 -0.240041086920371976739e0
0.230456714338381083548e-1 -0.246889655701262472930e-1
0.738091953564065175264e0 -0.166663296445463322062e-1
0.747961495479020041489e0 -0.164140170347548021714e0
-0.314705501834563194875e0 0.553685537364397875086e-1
-0.600294357622657004836e0 0.174315880602475961896e0
0.426241373891044155473e1 -0.159365619272592685539e0
0.988179857712128847849e1 -0.711629296808329278676e0
0.745976231203106250178e0 0.165044643980553290831e-1
-0.237257871345777340551e1 -0.597459442000827567747e0
-0.200409588027387534255e2 -0.244950930411871852475e0
0.102100549014527468665e2 0.116536458598511236335e1
0.438942620187839132387e2 -0.129271873986567092420e1
0.103261204388371386501e3 -0.624439816975099688465e1
-0.415216833053261398304e2 0.189017818186649848994e1
0.233499331729229179024e-1 0.134463288573271460272e-2
0.113860025290676382474e0 -0.802467201429742919120e-3
0.300177034038677100554e0 0.532985336042762661795e-2
-0.179972307553047048586e0 -0.214778731495499949229e-1
-0.197714208902214918292e0 0.186945347393592782420e-1
0.514389303920048491430e0 0.672731558578452757530e-2
0.100000000000000000000e1 0.000000000000000000000e0
-0.157717358343051273546e0 -0.995009846985851194636e-2
0.368680505492901638580e0 0.446864684918177709175e0
-0.355726000140626741140e-1 0.219226682488868489318e-2
-0.658440470965302630877e-1 0.139848493114577225883e0
-0.664278863630220189093e0 0.250898016658050201748e0
0.100242531777707326903e0 -0.113243638890062203094e0
-0.148179482129586202742e-1 -0.143730719879360064627e0
