
-0.314439006450367647074e0 0.216571043736725700263e-1
-0.908593721492972053267e-2 0.592421751104758488313e-3
0.903615380874587307178e-2 0.105982521506045787244e-1
-0.262541048375799923226e-3 0.161542769164892759535e-4
0.259920677571398519174e-3 0.307121466573011065164e-3
0.138837144997440320642e-3 -0.599569578410670832198e-3
-0.232906379513720532964e1 -0.199426915417939137247e0
-0.770920286768631089021e0 -0.579035380341453030355e-1
-0.899590589439955957670e0 -0.110569763590609166525e0
0.591277445523967287555e-1 0.608480254682363680187e-1
-0.157547644853335457656e1 -0.996354707373820914248e0
0.764932857922922642400e0 0.179947781642506643061e0
0.389925650782760386155e2 0.549745423895108236995e1
-0.212130639378029926447e2 -0.304351232655533008057e1
0.368565581060756796805e1 -0.156385342902967219739e1
-0.378800676719029718996e-1 -0.759618762327720558200e-2
-0.268502369278898114052e-2 -0.205013418613510247356e-1
-0.126902742624514645962e0 0.227711903516524260388e0
0.143462637295951746323e0 -0.260390140282943500680e0
-0.251496450553062778164e0 0.411404657632320764002e-1
0.642515418708475993088e0 0.297716091544212257210e0
-0.346168183888524316641e0 -0.196894561981744921228e0
0.284215235801834654824e-1 0.187736910018961683006e0
0.482247060037005740663e0 0.222136220262348238409e0
-0.127496691467381037443e0 -0.347563100232690458806e-1
-0.306782190086119807402e0 -0.124024550822376757438e0
0.956337434242738350214e0 -0.187964594721846260693e-1
0.100000000000000000000e1 0.000000000000000000000e0
-0.222889174818341535399e0 -0.429129802377508466328e0
