
0.455522746717133289300e0 -0.172332052369996603126e0
0.542455303619477370016e0 0.169463293012675853401e0
0.386938635519754523234e0 0.221689212832415785437e0
0.376374637670878714295e0 0.545996747010694828640e0
0.195934255245820593304e0 0.482070628840936802635e0
0.685037995955383402185e-1 0.402538939595378250029e0
-0.795314851944582836658e0 0.803633604329749727990e0
-0.922828692777575475866e0 0.799484591501789357867e0
-0.161975249294195249906e1 0.593454154700270469325e0
0.144165406392938933817e2 -0.173502246472548388844e2
-0.140886317255798446547e2 0.195899636503353010396e2
0.167646551856464287901e2 -0.405196792784090784175e1
0.997894512303174388828e1 -0.302671972436072307232e2
-0.108306288541705050925e2 0.149299474220434774648e2
0.114998981804873747338e1 -0.460932124401797018798e1
0.283161791793359265475e-1 0.584583154148149631473e-2
-0.308315918916330777974e-1 -0.119472340754366393196e-1
0.100000000000000000000e1 0.000000000000000000000e0
-0.832269612090226606343e0 -0.102605692302483346960e0
0.265690335253869628441e0 0.117844480033126502038e0
-0.263226599690084586523e0 0.708634979353566899120e-2
0.180401726374786317001e0 -0.692592435839597361281e-1
0.747948170905217619086e0 -0.543282263173633427425e-1
0.853516350734051664102e-1 0.677222247094329787755e0
-0.266511807081620963333e0 0.774805401072933567640e0
-0.203860220603526660761e0 0.435026449799862943409e0
-0.799309244728556646015e0 0.543239411743545219430e0
-0.782250952142507213326e0 0.255152136681618054917e0
-0.612081512283232480548e0 0.387263984339187420844e0
