
0.279002771654888981866e1 0.413606349088504287974e1
0.840286670258125285653e0 0.810289063517690117712e0
-0.206071034556376619516e1 0.958118837715086438137e0
-0.874450748783230838511e0 -0.753035659766269702218e0
0.362797406796037235277e0 0.705378828003948436559e0
-0.808777793637692453746e0 -0.111821924265879560530e1
-0.436186874340983088237e0 0.399504807962310404544e0
0.171375988164703622351e0 -0.277656897890433449145e0
-0.173131697457769171086e0 0.106251369668601994300e1
-0.148021400334418686147e1 -0.123900083571891878693e1
0.175663541516494781797e1 -0.245768651098619433904e1
0.367667381278624024084e1 -0.325042968509669773182e1
0.404475786948109026185e1 0.244765955489535699720e1
0.551101166918795583923e1 0.534908023613904242723e1
0.677467302747651270098e1 0.104766701498528916475e2
-0.347605519887622801371e-1 -0.269768523669581977663e-1
-0.975598816365831742506e-2 -0.479637411753321049613e-1
0.451211065155171253731e0 0.432309228538663072408e0
-0.389801450001861479625e0 -0.170205263467077129799e0
-0.187762515965765472317e0 -0.127460245591190135701e0
0.100000000000000000000e1 0.000000000000000000000e0
-0.310001148017828176298e0 -0.403051160173625870251e0
0.411419823698275657930e0 0.670347858454665377292e0
0.778030611242657840364e0 0.462655964186155271677e0
0.260474481046615267233e0 0.324630713741584902969e0
0.606085981753475509510e-1 -0.212300015964046473295e0
-0.238123716422198453634e0 -0.788242367544243675555e0
-0.737412085241816295852e0 -0.285283938743327819125e0
-0.252170736381182509616e0 -0.198457643112266475370e0
