
0.787306789231073357544e15 -0.307546490606889752930e16
0.156109699736950285815e16 -0.194533684720884341394e16
-0.204084438719341543732e15 -0.124179591763692294031e16
0.220889760673599165662e16 0.227106886294404204443e16
-0.100795862325157003064e16 -0.101466787851959550287e16
-0.211976502212509688879e16 -0.233254351217773731348e16
-0.127981554146178345629e1 0.109199738124027904919e1
-0.445346079331382139034e1 -0.750724695009780036074e0
0.487618951553295160926e0 -0.299529865424084904468e0
-0.149439033187917734574e2 0.742509443712457516519e1
0.357005063966204943702e1 -0.183006145571467539884e2
0.103311576520992205522e2 0.169640694392531445611e2
-0.639254933457449773171e0 0.735379464002414969426e0
-0.338460211048654368605e2 -0.991041768827411160420e0
0.155831582522492232308e2 -0.816047390112699013668e1
0.170011827567690014564e-14 0.943861047163329437179e-15
0.142588988116732731989e-14 0.750973520785781634982e-14
0.154046872344738773382e-13 0.325310770660838998854e-14
-0.247749055341898821907e-13 0.117454729663501880476e-13
0.124517411350515121356e-13 -0.214148075984836908300e-13
0.129404449604285511415e-13 0.134435014476993737775e-13
0.208240957589724438119e-13 0.627744400899633183928e-13
-0.690382733498041958922e-14 -0.129922903530409603575e-13
-0.479714159109041924050e0 -0.412407974955392024504e0
0.100000000000000000000e1 0.000000000000000000000e0
0.275667732336317951151e0 0.146594102915773371931e0
0.118827667511217736253e0 -0.239292323643098497145e0
0.552139041698761663939e-1 -0.262091328215106487103e0
0.389156840311946376441e-1 0.215433398586182806576e0
