
-7.638600549374993e-01 1.879540288948299e-01
-2.781505594021125e-01 1.732667903718729e-01
-4.885616775786877e-02 3.223582510816027e-01
1.674598860878137e-01 -1.467889774242799e-01
2.140009721578097e-01 -1.434677315654413e-02
-8.388650464741869e-02 2.082633988418748e-01
-7.780681081257165e-01 -5.698983665058969e-01
4.890453153164804e-02 -2.007294610316619e-01
-5.795647946710030e-01 -9.601407801893312e-01
-4.320479545201302e+00 2.475225052343972e+00
5.727539812828925e+00 -2.013946074270023e+00
4.219125188378729e+00 4.295576422932928e+00
2.523611495171669e+00 6.580204291909501e+00
4.088091820365136e-02 -1.067036306116121e+01
1.796868050029633e+00 -9.055429344253472e+00
-3.241364245512862e-02 2.841470424888382e-02
-3.788086423181383e-02 2.233075089054309e-02
3.856773659647346e-01 1.136785771658760e-02
-4.803092217885552e-01 -1.891733840220385e-01
-2.788558172674706e-02 2.028596155969050e-01
1.000000000000000e+00 0.000000000000000e+00
-5.397247551494444e-01 3.144051977067383e-01
3.378724019205038e-01 -2.679584437512350e-01
7.480123516282748e-01 4.212280034189066e-01
2.805405615406832e-01 1.274863785917852e-01
2.781871922722480e-01 -3.332584562953897e-01
1.981512982523205e-02 -1.741539853759794e-01
1.289037745923818e-01 1.510176368583792e-02
-1.481534981369134e-01 -1.215123383134770e-02
