
-0.240409543302163782146e2 0.113391975578266280406e1
0.277870991321361534058e1 0.844245156000075489423e1
0.630631513565257406997e1 -0.138828949694512446735e2
0.144141063658453364577e2 -0.997947462741468141207e1
-0.128932479175958613219e2 0.122992730869294574023e0
0.962684796437104175950e1 0.884555487163201860975e1
0.157500464173688048888e0 0.312527945092826256641e0
-0.157101092247353574827e0 -0.779181266732277370498e0
0.350314415099900779149e-1 0.100458514452456876558e1
0.243266127397535520749e1 -0.766346359090433684865e1
-0.664687528651829039354e1 -0.129998963683162078043e1
0.915301382467155064809e1 -0.312186386303563089776e-1
0.386924189463672578296e1 0.538864260836922717929e1
0.792978699271895940597e1 -0.152742305751446661279e1
0.803804593015304220168e1 0.368734165509165732230e1
-0.678285514253049176282e-1 -0.147228964453335839797e-1
0.385653846732947667767e-1 0.552463720613849179634e-1
-0.682052748650497891959e0 0.690650008916237852013e0
0.100000000000000000000e1 0.000000000000000000000e0
-0.739411812146156855277e0 -0.512938403100901211607e0
0.387296616647555222348e0 -0.103015569269547057826e0
-0.248016816389450430003e0 0.560806816609381745067e0
-0.123049788165510726317e0 0.792348859616635993334e0
-0.380706030204377090620e0 -0.199439706127224337744e0
-0.932711131977026983582e-1 -0.814078030860721024633e0
-0.403709752261347277048e0 -0.663484839581774559153e0
-0.186934687783082276500e0 -0.244265674055000376163e0
0.332130393535547707631e0 0.227766391766682372777e0
0.141573450036560679303e0 -0.514889925016904178776e0
