
1.543350638510341e-01 2.818132217156775e-01
1.834267771350847e-01 -7.327565197577782e-02
1.483144374527613e-01 -1.260532949312621e-01
-4.415321931427002e-02 5.330315823048860e-02
-1.229725047792400e-01 9.927340183140766e-03
9.018622441940100e-02 -1.995714817870420e-01
-5.423199520290822e-01 -5.255382272897438e-01
-1.111551096748558e-01 -1.492078541575009e-01
-6.808705658150971e-01 -1.396607746616639e+00
-7.506275008685503e-01 7.024588201300844e+00
2.650999469609125e+00 -4.836196889641046e+00
6.992320727712665e+00 7.350216843356105e+00
-2.178397080484825e+00 4.086731094074643e+00
9.813992034288348e-01 -1.112571318957811e+01
2.929024581353376e+00 -1.111131929537548e+01
-4.102809403409251e-03 2.477380681267504e-02
-2.375142968563226e-03 4.004765222546634e-02
3.955681360589746e-01 -3.956152344333358e-01
-5.120338484168570e-01 3.564384053931113e-01
6.542051391808970e-02 3.460608921044094e-02
7.500351155443379e-01 -5.078481290621187e-01
-7.591986553025934e-02 4.300576157381598e-01
1.498378703535183e-01 -4.412590569025478e-01
1.000000000000000e+00 0.000000000000000e+00
4.894405919934469e-01 1.395334297383362e-01
-4.608524019095917e-01 -2.560380545277303e-01
-4.868940292252798e-01 -3.534233311709649e-01
9.520493429614640e-03 -8.931235840804710e-01
-2.444458156557467e-01 1.410880703274810e-01
