
-5.925544740764211e-02 -1.631698442072073e-01
9.332282534350657e-02 -4.626831554221240e-02
-2.389964788757550e-02 -4.445851248511670e-02
1.169687255012864e-01 3.057138091914653e-02
1.030457043004321e-01 6.645654725632177e-02
-5.771327809364430e-02 1.325984632880608e-01
-8.669085393560469e-02 5.202284900932206e-01
1.011922751726760e-01 1.308168446571938e-03
-5.709775768433015e-01 3.533094959186891e-01
-3.973008220212234e+00 -1.034589123906752e+00
1.804830532880270e+00 -1.468881579561556e+00
1.010028499741326e+01 1.671567697486977e+00
-3.448175140403806e+00 -4.548113430835560e+00
4.915211899577538e+00 5.156363834443098e+00
-2.348587816452127e+00 9.976299271308192e-01
-6.057425317597947e-02 -3.026920510614086e-03
-6.173030276544037e-03 -3.433407056053982e-02
8.378239296870896e-02 4.582860569750865e-01
7.259186812283265e-02 -3.583447483795442e-01
-4.348974224605164e-01 6.483893124090591e-02
1.000000000000000e+00 0.000000000000000e+00
-4.929895692006934e-01 -1.754715316894365e-01
3.188880353569196e-01 4.612420460742538e-01
4.529383949307529e-01 1.414287118987284e-01
1.572052853632825e-01 5.958865769330804e-02
1.358331956627920e-01 9.768621357330677e-02
4.721204499868481e-02 2.232269866093728e-01
-7.332138334662244e-02 3.684735085706377e-02
-4.232529429391402e-01 -2.052819333021607e-01
