
0.510014637080608702609e0 0.286243460922702994543e0
0.274597036379934009701e0 0.518636197485072598634e-1
0.562118616117271300073e0 0.293616326430815073281e0
0.132255941081619464894e0 -0.183802680619113630829e-1
0.299315914418576674299e0 0.472583612817017803288e-1
0.618832445367441807320e0 0.299908383311834683086e0
0.268109681012638804498e1 0.672757683858996358194e-1
-0.126089158372613778145e1 -0.766784280507985464945e-1
0.788158737768076358239e0 -0.103368259499795808189e-1
-0.382481856482871344326e2 -0.429321426344713901000e0
-0.435513906843571450833e1 -0.319489860523466744210e0
0.371223008965654868579e2 0.103384562671759194742e1
-0.857897085143585637606e1 -0.900892248401962159282e0
0.773833610154809361766e1 -0.302798031140530223568e0
-0.374145981067059928658e2 -0.864490344793807523154e0
0.609750921603515580983e-1 0.410557437039815074719e-1
0.967368724193384182589e-1 -0.184914303742532218965e-1
-0.348947170909402599429e-2 -0.381112930182759903491e0
-0.343279379481877340325e0 -0.124171096437333498987e0
0.282317188017204880507e0 0.517396551831992944869e0
0.319858651611498956088e0 -0.271740462217055776405e0
0.100000000000000000000e1 0.000000000000000000000e0
-0.724609916701206538750e0 -0.644265016537840846662e0
0.478053701458461165267e0 -0.168269223583713574961e0
0.161018370612478575797e0 -0.989294445232596868421e-1
0.508084971979382658781e0 -0.195620994398020341272e0
-0.137453801087215483188e0 0.137981025508711156545e0
0.125317637992596360907e0 -0.816402544262053706024e-1
0.533713488212532530101e0 -0.226343606472760297738e0
