
0.596851836263333547809e1 -0.695201780272417146868e0
0.206653083802859537506e0 -0.522195486572510927177e0
0.172062865363628470601e0 -0.934231829530360535492e0
0.587925300057954444482e1 0.298127232334213987234e1
-0.196016262928786785943e1 -0.861897651941844906531e0
-0.592499367984654411352e1 -0.302157832178158458733e1
0.569717391641496884083e1 -0.971011256984078329575e0
0.207831397774621712271e2 0.805105043279776871087e0
0.575253149219808306892e0 -0.581446982721856390861e-1
0.184786624483610131689e1 -0.313935168539810345416e1
-0.297295199795134792694e1 0.150918528866826754577e2
-0.189645971757286941131e2 -0.137545790667306996689e2
0.615962957968646417604e2 -0.316942975035709105514e1
0.193857981175761805909e3 0.131976487049083973657e1
-0.634441620417007430821e2 0.630878143575519450235e1
0.402864325455232130931e-1 -0.114583362599904192727e-1
0.106112874751664570669e0 0.644764112784420193620e-2
0.107832612216674755830e-1 0.284163302813856787992e-1
-0.781535413418819883871e-1 0.104431105493940947859e0
-0.396847174822836697291e-2 -0.150247922567980636110e0
0.216321907401963171722e0 0.263019648446439317164e-1
0.100000000000000000000e1 0.000000000000000000000e0
-0.482047457111693507058e0 0.124498504430282931826e0
0.101233016267010697388e0 0.170823179803295654999e0
0.270004647365031038424e-1 0.193540079101134734928e-1
0.252740821845554245380e-1 0.106789064330769422357e-1
-0.279806764550987249014e0 0.116492239782262236775e0
0.630108332146298792377e-1 -0.495523624326832998590e-1
0.144865679111847490165e0 -0.131886212095942343732e0
