
0.438308301421088723445e0 0.252586082235830975589e-3
0.139015666894739011372e0 0.124968002435323400387e-3
-0.547502776381452191206e-1 0.200323310069643624115e-3
-0.177613901309978093881e0 0.947496283626995658477e-3
0.226180642446771609303e0 0.887640027886974947884e-4
-0.260694400111110629497e0 -0.120008236586282661374e-2
-0.246275295665086797211e0 0.862982102038242640876e-2
0.139899055287499150119e1 0.762862157470724114132e-2
0.130077172455471327473e1 0.706407200241852004444e-2
-0.584604122664990128583e0 0.544613182342754425814e-1
-0.156443942167510041457e1 -0.146353003420114146526e0
-0.865236156888024016739e1 0.264665337707017768519e-1
0.260219914043397707315e2 0.190798201115205704847e0
0.213967136209343253162e2 0.123239016865942524232e0
0.203810868334108922385e2 0.817906049572975708990e-2
0.597597487925241096040e-2 0.148204490455267070513e-1
-0.460051077489851779616e-1 0.444549424088415285540e-1
-0.525377651829182983545e0 0.286800855605080353870e0
0.250797800754782642567e0 -0.311430622313486458466e0
0.251425356500167857915e0 0.562729880627256521153e-2
-0.431417252688545007342e0 0.417647618578761970734e0
-0.391021976766547118209e0 0.419901503559516155574e0
-0.379169330164969032828e0 -0.334532070106802908077e-1
-0.448575492755813946491e0 -0.149101552562808211931e-1
-0.144061900146127540382e0 -0.605347580742916096656e-2
0.321333621311901467046e-1 0.112969783428922338431e-1
0.100000000000000000000e1 0.000000000000000000000e0
-0.442753902084722600482e0 -0.203227897301071288737e-2
0.256974904085658397698e0 0.283050411943146275385e-1
