
-0.777558137335914685966e-1 0.515343498280912901861e-2
0.510172506205291114020e-1 0.215107606112291371272e-5
0.385400044357100904536e0 -0.177127052260102879543e-1
0.992157263189456472860e-1 -0.142880581961396559939e-2
0.247783060245586553175e0 -0.106372125877095573071e-1
-0.214599125853541788098e-1 -0.372462916319516345543e-2
-0.618671895505288556771e1 0.390866595325777396860e0
-0.667655778557494764382e1 0.400970721920689437230e0
-0.537803228000831945324e1 0.130956766686276564443e0
0.240134784873628248675e3 -0.171069602643867934577e2
-0.346330186269288699513e3 0.280321896762984482249e2
0.943422099266093305420e2 -0.603531099610375606004e1
0.538482646751610728453e3 -0.475914380646611438752e2
-0.144471027476327856756e3 0.101905954970048734862e2
0.259995909179529147322e2 -0.149477519262870293081e1
-0.158992368481990382392e-1 -0.106992130198599435060e-2
-0.427146264816048801452e-2 0.923725598189395173834e-3
-0.259062629890131728631e0 -0.848324238731701725145e-1
-0.146168017342163658780e0 0.612637169271427383389e-1
0.784441536253709730971e-1 -0.504879126291282136609e-2
0.100000000000000000000e1 0.000000000000000000000e0
-0.352706761929973662843e0 -0.185406735412005231449e-1
-0.423248523818916225713e0 -0.680651030465489202182e-1
0.388264672416356588125e0 -0.110670859345873065412e0
0.501051884274688929480e0 -0.141933371313272559572e0
0.845399396990641782278e0 -0.263786950531300337566e0
0.537891769250710627826e0 -0.148182207441244366094e0
0.562935483631403011924e0 -0.169621181961966415862e0
0.582631074991629415322e-1 -0.110401078905008875350e-1
