
-0.559100737974363930661e0 0.962123032423932314538e0
-0.447598316275845980582e0 -0.643387396740906448360e-1
0.333989008746084299547e0 0.147062960956954499086e0
-0.282238193176005646340e0 0.147650214499908747213e0
-0.599098373530177574656e0 0.390967121000908087326e0
0.199524950538480314106e0 -0.468917574762326456089e0
-0.958145857812197079828e1 -0.703132055764445070088e1
0.114268788368957098370e1 -0.537953340622012450871e1
-0.147505256027702322762e0 -0.186645402108078812891e1
-0.265634452218751790521e2 -0.881058544110500722474e2
0.136540480177180394566e3 0.804813694296723470753e1
-0.110359818292969358938e3 0.147138699822117206967e2
-0.693326244885533222312e2 0.194400009584435517790e3
-0.224317996093867191958e2 -0.143985293924047667441e3
0.958960697104285012815e2 -0.106294155173385445556e3
-0.503586583218206720116e-2 0.287763730437816847987e-1
-0.213461653009135745537e-1 0.370361694863375496592e-1
0.521559351904939363877e0 0.131191240612364726453e0
-0.751593517531767253627e0 -0.204926624925001659268e0
0.174397833451079204887e0 0.125633193085569337146e0
0.100000000000000000000e1 0.000000000000000000000e0
-0.245793413610945468958e0 0.463048468645587025312e0
0.196137004760718187247e0 -0.166021492396421772609e0
0.818612978220214842487e0 0.489694913810947034602e0
-0.551314568415953534615e-1 0.413919188840463470074e0
0.127095947671561434713e0 -0.240606986025290444991e0
0.979896572762599518463e-2 0.331845718861454806145e0
0.197838113270629327757e0 0.567133374542738561341e0
-0.450888678395162168200e0 -0.113873629671216738347e0
