
-0.116337819173410824188e0 0.257305323054087249450e-1
0.750304051645480065956e-1 0.587436256463071323251e-1
-0.127932637160152130445e0 0.647859990833200711233e-1
0.238120782030973435599e0 -0.145638907719345060091e0
0.154318069252316647109e0 0.553301731256090613918e-1
-0.121782962857562611425e0 0.119908375413936335166e0
0.122423494026751947087e1 0.261537925322980937008e0
-0.894213297223568377085e0 -0.144052421509482373764e-1
0.672134142209871212551e0 -0.104959148646100412791e0
-0.235894823418711470451e2 0.873479068135519632178e0
-0.593877202489274945028e0 -0.218864159348907351475e1
0.203155997197904814588e2 0.319290433592661906763e1
-0.216070335387678518196e1 -0.252564822393097186725e1
0.558418994106920650892e1 0.114603444746970903334e1
-0.140908154644719452401e2 -0.243128440375215436548e1
0.558051357630425916851e-1 -0.106085602811560375138e-2
0.983220328244192332689e-1 0.700808805457140752385e-4
-0.350423844057038501327e-1 -0.662857429682479742578e-1
-0.225402146832268625507e0 0.964804823655138473092e-1
0.202457387672913373928e0 -0.261540147324759284544e-1
0.212390955693089483018e0 -0.115127540101486619134e0
0.100000000000000000000e1 0.000000000000000000000e0
-0.668433477374747865834e0 -0.118867171291136384408e-1
0.169337306420020363237e0 0.345133487395282100166e-1
0.652475854986138605136e-1 -0.469291587036634676314e-1
0.207866794641394810143e0 0.493235766561177179469e-2
0.105393483227739523302e0 0.183970515804878788295e0
0.123903017294456292968e-1 -0.385150970710339852292e-1
0.191577634737030097893e0 -0.597386834749096958620e-1
