
0.167346897890654609007471079552e0 -0.801885588504864678179746089522e0
0.978996457725596664419943382788e-2 0.100791913810103529445289264731e0
-0.502370529024358177380300260828e0 0.286273040268689504144468360729e1
-0.374207268361823816617195211974e-1 0.390915134380088882789005915742e0
-0.284039759407716644904818927976e0 0.171224794039439105438019737277e1
-0.129926171054472227345751556652e0 0.410970454124775795390740173041e0
0.127925100530018790388636854846e2 -0.617714020811312569504684570017e2
0.129885073420368597029524781346e2 -0.638476728166509397684692951861e2
-0.824063849800173666774367140189e1 -0.361366912953264381892103981833e0
-0.602378199474258607384412492697e3 0.273415851130172978444568224325e4
0.115533549178658885410391922927e4 -0.474936678763622942593844453440e4
-0.188923666396266569568224049759e3 0.934979530392996588328709511390e3
-0.214004840733373578218438131352e4 0.834763658483537622478600707265e4
0.359359316926132725017058818900e3 -0.163247338015508129499653345499e4
-0.734970405700065343185392430316e2 0.294404114787569982357217939644e3
-0.687707252094003355613136421872e-2 0.792264010839620899471207708858e-3
0.253230079621733629474967258707e-3 0.153956264993168195311401570616e-2
-0.372192260199771878025466962196e0 -0.119200264875586491966497817425e0
0.591053211294774404926954247910e-1 0.121450306977780995684001841014e0
0.718001613441063367890399334187e-1 -0.956181186393915874200910606822e-2
0.507872876765409454309309837659e0 -0.131697690011585138970585510577e0
-0.213443327860430092888313377380e0 0.103773647441743675219441736762e-1
-0.448349464157590854852040249042e0 -0.730821417482231069230166385142e-1
-0.839870487326746450919748570270e-1 -0.409894345552487035958508235046e0
0.141900948931427475180052151914e0 -0.241326778522886479006628489634e0
0.100000000000000000000000000000e1 0.000000000000000000000000000000e0
0.189792870814857006996556212200e0 -0.146795505304241054712123175414e0
0.584855002447635682833429857865e0 0.133927830766990375319869921536e-1
0.818589752590071801533919692137e-1 0.112139603826118713748910375511e0
