
1.342492965743357e-02 -1.266655071880810e-01
-9.299181088251629e-02 2.624880143326250e-01
-3.771603372231235e-01 1.762158743049049e-01
3.312749904255966e-01 -5.107927616374260e-01
8.915842431224194e-01 -1.827742094140997e-01
1.129757730922438e+00 7.581461573990309e-01
-8.047359132237879e-01 1.387097202049517e+00
5.022928100576111e-01 -5.833509221755937e-01
-4.158879678900336e-01 9.447525607771123e-02
-8.447380498549711e+00 6.241896636337849e+00
8.496580660786270e+00 -1.160665186296045e+01
1.846304710454119e+00 1.269675160930482e+01
7.029583972539246e+00 -1.614611027388015e+01
2.699494046377374e+00 6.867872456224326e+00
-9.222886343849713e-01 -4.136253807516501e-01
-3.125644321744835e-02 -6.378086535154884e-02
9.045378187762160e-02 -1.877650336417244e-02
-8.083933525086422e-01 2.263058488242832e-01
1.000000000000000e+00 0.000000000000000e+00
-6.007900672388742e-01 -4.418920382507948e-01
2.053397259641815e-01 9.416055483307408e-01
3.395460315257824e-01 -5.630414980278223e-01
-5.434518946520097e-01 5.043243521832489e-01
-2.191883381795802e-03 7.990685608673402e-02
9.804584149402111e-02 1.989037372551489e-01
-5.494701013364832e-02 2.196814286634036e-01
-4.175971027782526e-01 -2.207191425545457e-01
-7.026464356846610e-02 -4.495645058345381e-01
5.102053653959414e-01 -5.337828754376033e-01
