
-7.118921163229576e-01 2.223470447278260e-01
-5.348332278098472e-01 -2.816036059762027e-01
3.667889483176736e-01 2.110754262724533e-01
-5.249209621872462e-02 -4.217087013928970e-01
-1.852599382157685e-01 1.893940072894240e-01
7.643842125416820e-01 1.993616566650708e-01
4.609323463557320e-01 1.090856108235619e+00
-2.631486154916944e-01 2.607690265212145e+00
1.527135485162314e+00 -8.430418901617961e-01
-9.767763781951317e+00 3.033117550985310e+01
-1.295341671595844e+01 -2.911778662176194e+01
7.530538827149523e+00 8.053562662708313e+00
3.606202075339395e+01 2.225511434037133e+01
8.741439709483521e+00 2.429332243707724e+01
5.775807665672873e+00 -3.728414183107394e+00
4.624971854487753e-02 2.717483655904395e-02
4.080666165334967e-02 4.548431915372182e-02
2.232445504307921e-01 1.250413094268351e-01
-8.316201237996103e-01 -1.547847503728307e-01
4.820147931297953e-01 7.121635867097414e-02
1.000000000000000e+00 0.000000000000000e+00
4.175974733026709e-01 5.214829009142063e-01
-5.876321721141637e-01 -1.591198820670296e-01
6.695341174138454e-01 1.472385854919005e-01
3.331882203858660e-01 4.771841323349469e-01
-1.596205647092183e-01 -2.797460389475244e-01
-2.719311944736311e-02 4.474475379683949e-01
2.855847912434690e-01 1.743234633950583e-02
-4.454867746488755e-01 -4.116484289817416e-01
