
0.315969415979460001775064225087e2 0.102858572933614355579312666642e2
0.446602168009545340676225982771e2 0.741036603821580064260317637429e1
0.328733335533482867285915276019e2 0.353452531280431494528663217161e1
0.616703562131502939254737629036e2 0.872382675317492663467769658859e0
0.450024474055236318781521389305e2 -0.194425939579667210352380664077e1
0.327314595417356412725963941968e2 -0.330056826561238428091045740649e1
-0.144359845463633016114777908836e1 -0.358693946734984096812682292395e0
-0.200357933175238374854513887747e1 -0.486723999621878831201235704743e0
-0.184596548486104814258033525312e1 -0.273634142190750350488225058180e0
0.376805702232304127767465597038e2 0.133308664713491619996400394861e2
-0.413420222941901763817683998774e2 -0.151659454169143995548811130712e2
0.210291612015677621057098019478e2 0.305883941279735207268896885428e1
0.467055321208659425498186959758e2 0.200192458424816966666630438040e2
-0.247596130008346339874472914944e2 -0.755079603045743515568557531603e1
0.132064166435755741182623516487e2 0.489961407349062355919309135206e1
-0.327334842645677100462215822332e-1 0.708907353155180643222507183800e-2
-0.143985264988180075234963604003e-1 -0.567009508865285045814257998018e-2
-0.108377596360961302352926515077e-1 0.190363397288204630771288967798e0
-0.166031236834997262990081717220e0 -0.194919992879950469716112747736e0
-0.875016526782544840171900745680e-1 0.777931735229457907063196586381e-1
0.100000000000000000000000000000e1 0.000000000000000000000000000000e0
-0.451390086661826266240728616559e0 0.348704571449216831654188232321e-1
-0.311409838524134321620703109838e-1 0.109156246240576495891188221338e0
0.414482962467992711713981516772e0 0.153784651371028216218317559208e0
0.406204661938520064727016571552e0 -0.369497192654325065153653391078e-1
0.675004849733977699403175074534e0 -0.331344098490200555194798798688e0
0.276733055195212754515240499239e0 -0.103350347778162220024931405800e0
0.377508065028867434531645456251e-1 -0.498565874157255131583969651736e-2
0.140776977398830951349789350066e-2 -0.611605825892128838440565161686e-1
