
-0.163391312181426636603e2 0.172307459780881546318e1
-0.231900373319189403200e2 -0.954632756033518968704e1
-0.393899665310310344735e1 -0.121805384720344474616e1
0.221987068800278118316e2 -0.207179375679200490634e1
-0.721477845976560026604e1 0.119782192535961720089e2
-0.585957566188514817219e1 0.348719158983189442453e0
-0.574296853693775313722e0 0.485022683538336245020e0
-0.751368315819447621677e0 -0.331519926705237029597e0
0.482613275571126390257e0 -0.459117597498679238372e0
-0.124329800720970161916e2 0.235804043202212390649e1
0.585626906585062466685e1 -0.679551362196694909434e1
0.261980915356627647454e1 0.978421725144612270710e1
0.770007892914460862887e1 -0.347573534375860724579e1
-0.188849639843672528977e1 -0.194715301937444706308e1
0.706431520216368694608e1 -0.816443964334607662214e1
-0.282420826910568218273e-1 -0.309615094712229806902e-2
0.878497799941333567901e-2 -0.462297772416454103918e-1
-0.642075284933842797071e-1 -0.166811182082994122452e0
0.316304883898805400014e0 -0.215129835824968983327e-1
-0.326225686957428369459e0 0.182224739327506009913e0
0.414303709073163321133e-1 -0.676819361228892879079e-1
-0.856068561814795206803e-1 -0.412583397416330852059e0
0.193670586474687926769e0 -0.859485492331100238059e-1
-0.201721378851770615154e0 -0.458943997898255893157e0
0.100000000000000000000e1 0.000000000000000000000e0
0.495530146629427776508e-1 0.498689623498194130108e0
-0.106689679290674267376e0 0.599602130166538078071e0
-0.139950848304516147928e0 -0.504001001563637016035e0
-0.985961888733660338092e-1 0.231880889131427139665e0
