
-0.118355908902877585652e1 0.600276410488029187442e0
-0.863597954730398192512e0 0.481181825182613553645e0
-0.266008238706728186138e0 0.264269055653459721119e0
-0.628881309191759675626e0 0.383244630084218829310e0
-0.190342091928721185567e0 0.204436500307032334279e0
-0.485410048020966462861e-1 0.941714469410321436101e-1
-0.908982384454003206151e0 -0.932221149118013279826e0
0.220835576326630740504e0 -0.123672844844711959575e1
-0.343773113399589043946e1 -0.920578256592931333741e0
-0.179803935270066858193e2 0.307402355321094250054e2
0.150202384536428989459e2 -0.421109576336858816119e2
0.258785069169908037469e2 0.122447334339524379595e2
-0.137464440082019070753e2 0.625528027142596611959e2
-0.169533988656552858081e2 -0.235262214599565060991e2
-0.475504486504925294003e2 0.238830519266822809740e1
-0.194623634702298164569e-1 0.209055398744069815013e-2
-0.922975148738588265530e-2 0.505783318192922728898e-2
0.224321611571571977460e-1 -0.189569520625336786150e0
-0.289844919877642588234e0 0.106096339207232318949e0
0.274246480381831539114e-1 0.233121445625319464319e-1
0.100000000000000000000e1 0.000000000000000000000e0
-0.339668522181430298726e0 0.349486987492282210146e-2
-0.128889656335292757062e0 -0.195839145662376028955e0
0.847449151552172989484e0 -0.187037274842862853512e-2
0.604509160750670731881e0 -0.319854422560022740230e-1
0.224186908977996839052e0 -0.112078439480049962597e0
0.441864824967699699077e0 -0.492393894720075186262e-1
0.194281738712327626902e0 -0.557580613384661338209e-1
-0.631628458420453439475e-1 -0.559116755580632388779e-1
