
0.350562345154663406061633114806e0 -0.602186092856353504515390309729e0
-0.277689178220626688923697327278e0 0.404305558138114514002212492118e0
0.357763081278138355191856728669e0 -0.489500034243815071653755913039e0
0.216148265547975295395003231581e0 -0.269227651444302099860333333060e0
-0.276828599094750783265405932074e0 0.324827048881984957557423603451e0
0.353819997254678426235277034951e0 -0.391327252480235744254552420628e0
-0.854434848123216162513547086016e0 0.324986537605544966673036641322e1
0.223077681243612051670895009837e1 -0.211890556160307595573942366521e1
0.109530055164849590868245444921e1 0.188430511639984190242640221753e0
0.177088492487218951079982903421e2 -0.418015576080685646951098476573e2
-0.440756775033054478172175303527e1 -0.687849010100519310226165273882e1
-0.189840157023845717607818989149e2 0.444353293438146687050852341818e2
0.280111852327301322874742063970e2 -0.177024215388604089839808120180e2
0.280891494618652560349034814258e2 -0.764205607152014934787049951033e1
0.389327043626153415472253016056e2 -0.599011469573226235405238781391e2
-0.550250487499848186043118804864e-1 0.163910223376026774964662834171e-1
0.171605216893022956180842723225e-1 0.412282257750600263260810112204e-1
0.570014826079496342375218933782e0 0.274375276226289362786375999100e0
0.204572914509625400340160781266e0 -0.257322253316973404272450410626e0
-0.713007533216273034558535504134e0 0.420452693381575281040248581321e-2
0.128815718274116725259825342245e0 0.243743808206553923608646150845e0
-0.386314363982103072191365664199e-2 0.429778324165691774718596485261e0
0.100000000000000000000000000000e1 0.000000000000000000000000000000e0
-0.645606783939873182962088597947e0 0.672443198930432075556256123786e0
0.590689220442905764965149211390e0 -0.429348255074542724094748367922e0
-0.612112064513900368027163824683e0 0.515334194561475312097480902827e0
-0.577246013483477547875231245190e-1 0.372520823477864300803227748007e0
0.665420076431939339999222048794e0 -0.320657224493351194920467244835e0
-0.509002978448743452302680035922e0 0.405158302042246169038507642050e0
