
-0.755088315421745984255e1 0.417513563245789467906e1
-0.230994880909517480059e1 -0.404090715481924631384e1
0.339377491952515549347e1 0.127229066409054259270e1
0.279128959829905155094e1 0.230238992173388550867e1
-0.492220883483691131659e1 0.290548002277387763369e1
0.267268421487870433558e1 -0.314720005962125126448e1
0.749179143042079909512e0 0.109398620246498695532e1
-0.126793312302185350884e1 0.897269451913955530672e0
0.928270236491492445482e-1 -0.913184119774458078974e0
-0.443547402470338345860e1 0.177820899274159562181e2
-0.144334226434546910147e2 -0.131015737714384559003e2
0.218100194551418166584e2 0.107409654723663508359e2
0.878032796005516012316e1 -0.143585071910063393000e2
-0.391949919321682230689e0 0.137308822119869501956e2
-0.434485393535177666586e1 -0.342358273640961691727e1
-0.137589164317719651703e-1 0.476078798257387817110e-1
-0.496376486196432477649e-1 0.700330819461924619710e-1
0.592205101229924160255e0 0.729503535573607330138e-1
-0.772014498823529420621e0 -0.238054910874824458204e0
0.179074136068950636835e0 0.192443785342552465227e0
0.897480298427975832520e0 0.305564784146132419003e-1
-0.476751825604108508342e0 0.795020980571167283928e0
0.388147771083750297053e0 -0.420284852096913381431e0
0.761745885865335536696e0 0.281985071309304883555e0
0.804678692785081457186e-1 0.650991600745616219061e0
0.192497895079821087079e-1 -0.390799326344479452543e0
0.327603475025250065163e0 -0.868932136734790318256e0
0.100000000000000000000e1 0.000000000000000000000e0
-0.337861271763572817913e0 -0.225351026239875858934e-1
