
-2.788648773829387e-01 2.730430710177715e-01
3.263124385513086e-02 -1.839412962527982e-01
-2.425895361623260e-01 8.448032017669303e-02
3.847575074871985e-02 8.072011054781122e-02
7.097371770377196e-02 -1.004072297920560e-01
-1.681505859466035e-01 -1.765826178432213e-02
-9.617897629862135e-01 -2.765584698019666e+00
-6.173344197583785e-01 9.318998715087128e-01
6.390495725292303e-01 -2.639909945350724e-01
-1.003130135509169e+00 2.161948521655005e+01
4.954591924818527e+00 8.549368952210768e+00
-5.418634075906224e+00 -3.047517384055287e+01
5.336192110861291e+00 1.891081957382860e+01
1.553865980502847e+00 -5.212480237765009e+00
2.440535256545122e+01 3.555304744908850e+01
6.507070454787144e-02 -1.087260886441772e-02
9.217611202085436e-02 3.238656438422732e-03
-1.057029230531430e-01 -7.490745602405147e-02
-2.412182889777050e-01 2.591180577915233e-01
3.130691007666013e-01 -1.695930681199160e-01
8.462885266929313e-02 -2.419074243562220e-01
1.000000000000000e+00 0.000000000000000e+00
-7.766145063905362e-01 1.156898628366490e-01
1.793248647657903e-01 -2.569065192246717e-01
5.229593880627906e-02 1.426790092857635e-01
1.969179870285444e-01 -1.107348757838845e-01
2.071378061388169e-01 -3.808821121392906e-02
9.423813308664303e-02 7.321832351579845e-02
1.961853293429693e-01 -6.223724749711496e-02
