
-0.461420993028052795906e-2 -0.441119274224177460614e-1
0.312938086094700165942e-1 0.223255958244577063980e-1
0.943865664143377733301e-2 0.508518489293729096485e-1
-0.355815559484521272150e-1 -0.887761248191863860939e-2
-0.815902841467410341872e-1 -0.843493956795955538143e-2
0.401957658787326551690e-1 0.529895399043363846623e-1
-0.870774183786502497693e0 0.117293929708728355112e1
-0.507708357302010118565e0 0.283951104126303455124e0
-0.433489307337965758173e1 0.271187766766018020564e1
0.378355595622855744378e2 -0.247596408897770580045e1
-0.229100874548458491656e2 0.264837939420981248496e2
0.310961005552511244535e2 -0.255350738594803177827e2
-0.110279177807714812874e2 -0.663429928955924748113e2
-0.147682258608198515599e2 0.355477988965561143078e2
-0.109438800841421420076e2 0.501400989186665447389e2
-0.145023721448575313408e-1 -0.426569687092972970011e-3
-0.384011469635974035364e-2 -0.117738177276248544198e-1
0.153333571410416483888e0 0.727892749464228694042e0
-0.389868985904370469417e0 -0.449996623997988699436e0
0.400437534012817825375e-1 -0.423999810418686361060e-1
0.100000000000000000000e1 0.000000000000000000000e0
-0.241117005549017636852e0 0.832954888262488003971e-1
-0.576453667619196001467e-1 0.676954975291170533026e0
0.100739221702308891771e0 0.459012269958219587242e0
-0.254620574368039803183e0 -0.293273340917256177638e-1
-0.488786499540776451376e-1 -0.394357476058280260643e0
-0.134065402945253316951e0 -0.523321792086619013905e-1
0.247717872302859795557e0 -0.140747684892584350364e0
-0.675140939399516244995e0 -0.554003585977922640706e0
