
-0.456836305356956900591256157304e16 0.101809068276278427748315801466e17
0.248128539668502318763447323715e16 -0.552971275272553525599739743461e16
0.483155031371646469814613195667e17 -0.107674374825591609541630285426e18
0.650753779238264189642231392027e17 -0.145024892208921579543886306867e18
0.146738770993317590423577875685e18 -0.327017300938084308824712280308e18
-0.605070148702568499580966625472e17 0.134843985381293736772400196158e18
0.354996339080925493943474281656e1 0.212692690316604018951529564503e-17
-0.196807244949427458513672551753e1 -0.175499105521305274642449375386e-17
-0.598536695273246598308084419866e1 0.749510418219136791979037990466e-17
0.299186571018312884685371911346e3 -0.185846064807637423007913532818e-15
-0.154654733831044850513586015058e3 0.460166324270312746448310497801e-16
0.362313397581258842205367993741e2 0.111890592169721906900838971771e-16
-0.167450006400215020177412544453e3 0.121317445754639166316262498457e-15
0.768754904110382619284077173111e2 -0.262090410469149198115475039065e-16
0.215365944264710319393961189117e3 -0.117506290548589342864664554820e-15
-0.467652961275848383624936354221e-16 0.406332035772387815182419168196e-16
-0.720745150820346500660446248806e-17 -0.274378870554765674951229223721e-17
-0.122356571218563723338338559079e-14 0.167981944779010019146913104476e-14
-0.170367154694402649075438450827e-15 -0.397409178641649052740141824974e-15
0.273690184949833443518440820727e-15 -0.197849291438688800582875880798e-15
0.298938048605236127204344030733e-14 -0.221062957300167211057260492947e-14
-0.111702369250850182509571312330e-14 0.980862168004916158508587604404e-15
-0.168717491709912538255733982112e-14 0.190489820126841363377557033933e-14
-0.422487304068980898111213164875e-2 -0.772181624474719054098430805658e-1
0.233320829947429918393717876711e0 -0.214297727178512459559185885897e0
-0.540311753342256949062446354505e0 -0.305183583988734618952839789239e0
0.821981877872577298624333411983e0 -0.139013034944368084023802507345e0
0.100000000000000000000000000000e1 0.000000000000000000000000000000e0
-0.871005150314241600467395201545e-1 -0.246041911528741428638750748041e0
