
0.785147192924115493592586880718e2 0.352500204618038863198227973609e2
-0.426901519961011863097519364282e2 -0.191458928514872360986178165672e2
-0.830684620576819132362568235069e3 -0.372808085346381432357362784146e3
-0.111882038751813353570413133273e4 -0.502129244917144058985218405495e3
-0.252303805075105136734223189271e4 -0.113225358059863134551395841009e4
0.104030566822572198634487264467e4 0.466879224455340172665395608147e3
0.354968897774614692878591800567e1 0.123120386447429279955676410243e-3
-0.196784662439708185216987075047e1 -0.101307009187866786243186978113e-3
-0.598633592434850273571201279308e1 0.434808814766546625672408066358e-3
0.299210637599734729446923807636e3 -0.107998170358261761161219690802e-1
-0.154660639439625949352285212648e3 0.265071726688878025129970423287e-2
0.362298768109732462309168340468e2 0.656107576709888593308512625758e-3
-0.167465680181215740743966941625e3 0.703285057239718989182402137203e-2
0.768788879147966453604651027176e2 -0.152443206737079238303800230385e-2
0.215381170469145444094873040341e3 -0.683250372456340647876856410441e-2
-0.373924978213536205467041416419e-2 -0.126510678369916575492975891714e-2
-0.299013393137201986185503225582e-2 0.453947671323064652418145068996e-3
0.674012140574763546921417866819e-1 -0.775453615706400081121239372677e-1
-0.159874902022511874363837545059e0 0.347197432332132953610212390818e-1
0.326418749819827617435606413186e-1 0.451614287649897226599613046878e-2
0.342906230971429688310672026163e0 0.529493018482385292400298681987e-1
-0.866044036324340903668290994456e-1 -0.309538644850264651921585705537e-1
-0.173760859211152315594859457502e-1 -0.772618041764267560031361721514e-1
0.352949450046353256905096168771e0 0.246555848023682608528647425074e-1
0.494204235402014364367151654660e0 -0.162799965805737440598954584714e0
-0.531525011393290262927094352517e0 -0.400185260525934037300438786162e0
0.993056998115466034068456195709e0 -0.947886653160943131430787443638e-1
0.100000000000000000000000000000e1 0.000000000000000000000000000000e0
-0.929003080623813701064493610716e-1 -0.282787732807801223885299549269e0
