
-0.965241755169926031264931705581e0 0.102596741990635065299746666917e0
-0.752504838718472060580224470975e0 0.710517642974060626847291657130e-1
-0.241668203057661694158027811236e0 0.238120636665968064205858584552e-1
-0.586572870360103739088093316455e0 0.484367021806805598666356791708e-1
-0.188387963729597648442138645559e0 0.163292293743919690500269790784e-1
-0.605030223297452891012858587475e-1 0.549274238789048361790588458990e-2
-0.172482901678066061156474822010e1 -0.183681214800405871003089189773e0
-0.865795590947970720923027398747e0 -0.271091184458783633432702078181e0
-0.505312886526373284513046409160e1 -0.416310299698590569330406173857e0
0.244747791412348869970973834182e2 0.123652857107947175481356327076e2
-0.472493287840527425700738471392e2 -0.174017173706284598549509252235e2
0.486372303462356129278790440379e2 0.608861106490047292876792746049e1
0.753528452981776700300598414874e2 0.237535930720607690990173757250e2
-0.448433245129677083097852538285e2 -0.678333423547463083816234796712e1
-0.551040724381276681903614744500e2 -0.116195438316040153821393475705e1
-0.143846673560540643368791389258e-1 -0.145227506923017241199243516160e-2
-0.756798182227468288409211983180e-2 0.392391699151424276682627323258e-2
0.221773569708328365245421364252e-1 -0.278605583619734301881988344462e0
-0.331089936881206514788279200026e0 0.185205580221820434250064057777e0
0.744375719001756325130212986635e-1 0.152344219149517025444387775600e-2
0.100000000000000000000000000000e1 0.000000000000000000000000000000e0
-0.302643444651346024157168716770e0 -0.441121149383838451760614517577e-1
-0.178122575998936429642277756197e0 -0.243501722300561326616231494910e0
0.927640179402316070504381004166e0 -0.537168248560594613226441747634e-1
0.686841106171198198144573159814e0 -0.608870466361782253154028810533e-1
0.197779109359016896878966749470e0 -0.492296653535964874803694640510e-1
0.486950194578541820190870563074e0 -0.364785022383583021046010417099e-1
0.144757099740911762348444169072e0 -0.147478713562849755525953249651e-2
-0.492813131631938026395285297616e-1 -0.448485435126820231669078944845e-1
