
1.473740304674934e+00 1.139670239449949e+00
8.292674657855933e-01 4.248995683832258e-01
6.927964596651430e-01 4.324883610240340e-01
4.467431691983703e-01 1.327037615377573e-01
3.803455825199822e-01 1.489739420280422e-01
3.211515971413824e-01 1.582679746044242e-01
-1.737074804841201e+00 -7.751057250902857e-02
-2.138817917182699e+00 7.860929720240606e-03
1.990592513297770e-01 6.409373343690405e-03
2.770647600936032e-01 1.195397853488484e-01
4.730371624245780e-01 4.788609574897824e-01
-1.185478576959614e+00 -8.333248029083873e-01
1.526827702367274e+01 5.322156192468946e-01
-1.837303975539274e+01 -3.284234939166263e-01
2.341910428093759e+01 7.646063263646701e-01
6.430971440320173e-02 2.405727534665197e-02
-9.819395960890667e-02 5.740997512199560e-02
-3.212033327970129e-02 -1.951056756311243e-01
-6.612244390001443e-01 1.512306524390267e-01
1.000000000000000e+00 0.000000000000000e+00
-6.862510441053029e-01 -1.218780954394741e-01
-3.667103239418517e-01 5.451851493586886e-01
-3.794427908994167e-01 -3.862748695489397e-01
-7.799417051907888e-01 -3.310542089100442e-01
1.611140282373614e-01 -2.231020599384498e-01
4.438055298256348e-02 -2.509719968482451e-01
1.375555613324968e-01 -3.627317939383418e-01
-2.033145501505263e-01 1.355433888905648e-02
-1.234382113496121e-01 1.392684831087195e-01
