
-0.359844171263996072498e-1 -0.760839620091064317189e-2
0.560764482109043009348e-1 0.523224899354809591965e-3
0.737112309702050005951e-1 0.381376096682468151167e-2
-0.839702278774622311156e-1 0.161235785143280058639e-1
-0.111319383568065170215e0 0.165219364867853280086e-1
-0.147305662719965309266e0 0.155213244574112856655e-1
0.988134594171285506937e0 0.318650506391842782317e0
-0.691396138351260645136e0 0.898080040132417186283e-1
-0.139132511987213274408e1 -0.243815318206085262414e-1
0.218036220794379836802e2 0.103468256615503891634e1
-0.192814043291810343437e2 0.475285943462016016378e-1
0.252862401909985965755e2 0.154807677458714741670e1
-0.235385746237435765828e2 -0.786356006981103958318e1
0.862693161429128078585e1 0.373599998244289281343e1
0.565675451420873762328e1 0.169654332428291250261e0
-0.113667617029364703114e-1 -0.292380628786993136446e-1
0.195892757937578896686e-1 0.822083442648387943738e-2
-0.444674881201581473822e0 -0.367671968288745046831e0
0.413987217342411122957e0 0.286526639487065877391e0
-0.146948537464403456126e0 -0.199976528148024366833e0
0.386050329528428548380e-1 0.530415043015337963001e0
-0.133914414162365778328e-1 -0.257656169529137561074e0
-0.319649385644639084535e0 -0.240980607674266520703e0
0.258056769808544653243e0 -0.147157381740771766614e-1
0.282445550439456250175e0 -0.206918551520895089846e-1
-0.969476295768258822144e-2 -0.142817302458740704226e-1
0.100000000000000000000e1 0.000000000000000000000e0
0.988109368789301548716e0 0.791941237813938649797e-2
0.405637020286621085316e0 -0.383869287818761533172e-1
