
0.379067475944012031398796913449e2 0.777376184577241470058524016523e1
0.582347161995510875232177545498e2 0.105194024513999091631618446101e2
0.462950962930852852688082487912e2 0.106066079918814368461207447672e2
0.851003865402695163695959534470e2 0.108643702135695306460152527930e2
0.630890841416441853163703553466e2 0.770948342781334874713644842391e1
0.415480426589178802683019830932e2 -0.459904553749835027590129028751e0
-0.139938091799640808968153202787e1 -0.128417189560913600677878047835e0
-0.196672261355905568590310171254e1 -0.163198102471208753741205714441e0
-0.198612680545207664376855125296e1 -0.317796626291157504855773542563e0
0.404307319614144003637521408144e2 0.884024584155869183167322310530e1
-0.442870786171655558684179541381e2 -0.983671476878666282596680241109e1
0.225938161730274868873528147519e2 0.323283258392707810170616880018e1
0.485106951261019443182380551685e2 0.109429690801139512166446658299e2
-0.247550270037751763477437906668e2 -0.362548745456991463145587779235e1
0.125572427379089753941493692768e2 0.867531593963597794613838773110e0
-0.295327205231024296111707429294e-1 0.673398706676197583156975256874e-2
-0.164012533755806332970040097240e-1 -0.430299838255041770112844594603e-2
0.674731950451900724831287479358e-1 0.177719063822467992699569734979e0
-0.247648438703689040574232328183e0 -0.179346841691539977721282921520e0
-0.539321347909104867955072525699e-1 0.694116532043990714468780082064e-1
0.100000000000000000000000000000e1 0.000000000000000000000000000000e0
-0.433077063106484842917360671536e0 0.410067484660057138225439916627e-1
0.109415312060237178354656310861e-1 0.100480685835031312083630245554e0
0.443869387572442646816296956018e0 0.260544742847175122849471090938e0
0.405588583332357406483251764184e0 0.226262161227344338758526225107e-1
0.684618856884698901700606688446e0 -0.377661188949980884693548625928e0
0.114746887245584645297966149930e0 -0.144246356612010233742554078837e0
-0.122034669847781564709418460416e0 -0.899990972941297364114621251846e-1
0.102784582921146392982518952810e-1 -0.258932866902829397944084362110e-1
