
0.878854066000791732480e1 -0.108225610386016193928e2
-0.332301231707194298973e1 0.432056865334273089560e1
0.209458514693148673911e2 -0.259255847443560230713e2
-0.364129027738855415644e2 0.456121149987164170442e2
0.138471346306957602650e2 -0.170032829537434146856e2
0.373427136243598790412e2 -0.462992254301655907361e2
0.406975245302095547538e0 0.657297567069337063117e-18
-0.161509173113050019026e1 0.501443504774545800728e-18
0.947661441220914921020e0 -0.319839640883223808032e-17
-0.279982396248716363194e2 0.186482773667506762649e-15
0.747336253011303739595e1 -0.516080234103100110588e-16
0.129332409086447005925e2 0.150053580671993813667e-15
-0.199480925425337738668e1 0.304660810468426745956e-16
-0.345217411146553609610e1 0.596311194867027438704e-16
-0.597425847632403370395e1 -0.954097911787243901927e-16
0.148155968427020270973e-1 -0.147115322638523829038e-1
-0.760462338712710828474e-1 -0.294389726837798861332e-1
-0.592369709735252770490e0 -0.630782825432458468839e-1
0.145601949872629292978e0 0.132668554312294382201e0
0.465331025294782587079e0 -0.497496027019825801650e-1
-0.555043681221696128696e0 -0.163520516614053120356e0
-0.583674074691240745664e0 -0.290162104849664416310e0
-0.473588903548840979124e0 0.147249784622890197880e0
-0.319195912969832579727e-1 -0.364572956777172215521e0
-0.613393387322920992572e0 -0.147532330768048397063e0
0.168498083364578529715e0 -0.158013523256004032516e0
0.100000000000000000000e1 0.000000000000000000000e0
-0.545443696714415486137e0 0.809862709578864175511e-2
0.166345605839676136600e0 0.348168622080699229715e-1
