
-0.946708265732817295808e21 -0.990269673807670413184e21
0.650622071090430624717e22 -0.200568751400692197261e22
-0.205082446068576144666e22 0.417703759197570043034e22
-0.555262981742703578624e22 0.333761659724050224620e23
-0.140044943670613355325e23 -0.184025175096138987817e23
0.157186149757070683167e23 0.165528713086772327782e22
0.532537935011735633333e0 -0.641441412454912007399e0
-0.210114504792005439280e0 0.715362553697938623426e0
0.965305648607306505731e0 -0.108094464810531085564e1
-0.771237333563017831827e1 0.236376193157163605463e2
-0.386715317699702511539e1 -0.495727266487056728419e1
0.715283951283989393247e1 -0.456388640077528176314e1
0.753131626549283910354e1 -0.558746275967597522821e1
0.117437999781838029439e2 0.298327657736157865606e1
0.806636214409823063334e1 0.130612786315605374204e2
0.451246897081462724596e-16 -0.177034512258762388251e-16
-0.628193607053933190029e-16 0.198541846279066884293e-16
-0.418884491616658584493e-15 0.131974813064406672798e-14
-0.193232785386607195748e-15 -0.622688613998337586482e-15
0.712258566606566282332e-15 -0.388099525495516706192e-15
-0.539772377652985577440e-15 0.282182311953903557614e-15
-0.295895850619164685103e-15 0.349770357516608432817e-15
-0.612832776860567404266e-15 0.128021086422052602149e-14
-0.376426803263117885749e-1 -0.633982687768175780414e0
0.777394435219113307976e0 0.549093845183440327216e0
-0.244027866219079968296e0 -0.135090777144118697343e-1
0.824239871088761317879e0 -0.923144939148244910256e-1
0.100000000000000000000e1 0.000000000000000000000e0
-0.159681971841892887039e0 -0.273674799036455018738e-1
