
0.282500335061113399971e2 0.822646090814942014709e1
0.429278572895505639261e2 0.135579363923930870392e2
0.349571005081939780619e2 0.922014078228181932495e1
0.611339248696831518287e2 0.228364494811628880675e2
0.451973081408502260319e2 0.171486524908520341966e2
0.277390301903162743262e2 0.150837137190006471306e2
-0.139938091799640809557e1 0.128417189560913596062e0
-0.196672261355905569262e1 0.163198102471208747477e0
-0.198612680545207665567e1 0.317796626291157491859e0
0.404307319614144007082e2 -0.884024584155869149003e1
-0.442870786171655562921e2 0.983671476878666247064e1
0.225938161730274870154e2 -0.323283258392707797697e1
0.485106951261019448338e2 -0.109429690801139508482e2
-0.247550270037751765136e2 0.362548745456991450102e1
0.125572427379089754333e2 -0.867531593963597762089e0
-0.195759363446347508356e-1 -0.136281047433404735855e-1
0.926754211698701138021e-2 -0.226739300607744608160e-1
-0.398070573218187958567e0 0.499795850936244468479e0
0.248279592312433463122e0 -0.513144727332267587615e0
-0.111813949866094963145e0 0.210000884232373456761e-1
0.456744547245117068872e0 0.645766994187162031470e0
-0.198188896076323709211e0 -0.238228640324924500094e0
-0.336558357072052434327e0 0.378381914366891438425e0
-0.520869305244663133769e0 0.334117453885539114790e0
0.245624908555777489493e-1 0.158232659446077085499e0
0.100000000000000000000e1 0.000000000000000000000e0
0.578908921375349030589e0 -0.849028730606170023239e-1
0.457693464401325218662e0 -0.263846574458016727981e0
0.117211559540923120784e0 -0.952084185018115738223e-1
