
0.853378817117918097451e0 0.130644099688208466909e1
-0.228116235764679078864e0 0.276149792456967077890e-1
0.481608035171400910554e0 0.299485091743178890699e0
-0.225730867429543989911e0 0.938200656188866820561e-1
0.240150222259237375471e-1 -0.505198221757553345806e-1
0.456390477895670962312e0 -0.123162528820686568995e0
0.275660451997844170450e1 0.110560261937956492745e1
0.402847041856430390346e1 0.375762358502640194963e1
0.822747477976397097567e0 -0.221170482099154066364e0
-0.702427947007829510959e1 0.607270768245352959543e1
-0.195807127373052248034e2 -0.249502018388632511650e1
0.177567603184805672487e2 -0.280691341600381336161e1
0.310438821243084067964e2 0.525392930147726027260e1
0.510916891695182638113e2 0.344011497366498462530e2
-0.240196026542301116838e2 -0.113266369839307898659e2
0.530207790839026619627e-1 -0.138963183211472500969e-1
0.988785036517538821753e-1 0.532098650985210233532e-2
0.124913276509855412645e0 -0.320411665657248530418e-1
-0.359912331611220136213e0 0.240457235039657892927e0
0.183871372590811655911e0 -0.202488703264122717163e0
0.383245188392932313262e0 -0.169737743260010285419e0
0.100000000000000000000e1 0.000000000000000000000e0
-0.552798253553836697438e0 0.158867060164826717872e0
0.360896809727867134672e0 0.155503030664322383820e0
-0.578550798592458599668e-1 0.357237927524318123334e-1
0.108503586417242836891e0 -0.151052401635730289647e-1
-0.151512915533950544793e0 -0.292486177557340418633e-2
-0.224492310017810129977e-1 0.163871847554074969693e-1
0.262599328996167481814e-1 -0.608377254693795180773e-1
