
-0.132321545709537362421e1 -0.273118144287173288245e0
-0.100942279650988484875e1 -0.217302474764890625090e0
-0.353828044464689708728e0 -0.115080003831742661000e0
-0.769986098218048355352e0 -0.172612077673675475705e0
-0.269646965742639188466e0 -0.902397334138016805430e-1
-0.933321043666644269447e-1 -0.422806232941977793921e-1
-0.101460422457739417952e1 0.424299201568775345169e0
0.123189331812456421034e0 0.580748969963707571890e0
-0.385372811032940980314e1 0.483728588486128864956e0
-0.114562884719971259237e2 -0.162826985852449067950e2
0.365347306743064303980e1 0.224420684349841624387e2
0.314369512498901142114e2 -0.675686969061144182807e1
0.335741061391442475320e1 -0.325998762035471130044e2
-0.222243404973827242375e2 0.114223284279891388222e2
-0.526286849383406263175e2 -0.817494898207276122701e0
-0.185023886306719700907e-1 -0.523011996062932916082e-2
-0.885968098220317688994e-2 0.397432028628353618730e-2
-0.581833478026302980800e-1 -0.289018106900216676801e0
-0.252065999173861281631e0 0.226684515614750432908e0
0.461109789897890040290e-1 -0.379211855049236663797e-1
0.100000000000000000000e1 0.000000000000000000000e0
-0.352069879641320869940e0 -0.639954788185583112978e-1
-0.212272993388915468191e0 -0.217033382724513571646e0
0.894737463248688311818e0 -0.132197829450655785709e0
0.647676267884203788318e0 -0.135018700029211368810e0
0.212461577343426609644e0 0.685568633096579183362e-2
0.487444433437749553937e0 -0.970236329397856987040e-1
0.215785212181018727100e0 -0.717487505882656944502e-2
-0.591616261592057561009e-1 -0.538522463279162755920e-1
