
-5.622846100195433e-01 3.077363580986296e+00
-7.287355302749345e-01 3.263110610609622e+00
-6.069913095006927e-01 1.281659926496705e+00
1.284986553956915e+00 -3.378642405889569e+00
-2.829188530734636e-01 -4.359113805965188e-01
-1.263878151782595e+00 2.859895191632836e+00
-7.037586232276326e-01 7.731958318018338e-02
8.133251210974013e-01 4.265455266183360e-01
-6.893588411249485e-04 1.502411868395252e-01
-1.046510980443286e+01 -9.206565685726560e-01
1.027935046897894e+01 1.540545929547611e+00
-1.613990443689697e+00 -2.200783743458541e+00
8.479268465145795e+00 5.390784557836605e-01
7.414585312801060e+00 4.355303497538991e+00
1.985841339287059e+00 3.815781127889942e-01
7.458233277884323e-02 -5.465915005394773e-03
7.948181949049124e-02 7.201198989736122e-03
-4.843131420816810e-01 3.816412216426635e-02
1.891450690087541e-01 -4.060471242281607e-02
3.550502357726885e-01 -5.056642254190573e-02
-7.479081052766432e-01 2.290079539206419e-01
1.000000000000000e+00 0.000000000000000e+00
-9.297104943808252e-01 7.459774549999965e-03
-5.661160970228724e-01 -6.041261440465978e-02
-6.090365350215975e-01 3.503608027510360e-02
-3.890462313098392e-02 1.744836195812169e-01
7.304606685009521e-01 2.886751332592382e-01
4.167291705247989e-01 -1.184428784367225e-01
2.803790604840650e-01 -9.165575338444354e-02
