
0.139027433125444630224e2 0.850063826449549417123e1
-0.151152383649515338442e2 0.530629494217035001897e1
-0.408108613339158636801e2 -0.131731393568623758681e1
0.284412566787317085213e1 -0.429917421800836337224e2
-0.302288788037656075691e2 -0.551594721478497615613e2
-0.167468689804176314243e2 0.344911039155881419954e2
-0.315726177875531434727e0 0.120303259937339227989e1
-0.465663162906932362375e0 0.379405423710215095880e0
-0.120727828253300513602e1 0.266925871275926922667e1
0.164423039721643472529e2 -0.261735850638561092681e2
0.304198092927627988975e0 0.200031855076443085568e2
0.791618659206420331688e1 -0.131161507998958551426e2
-0.306678129957713837671e2 -0.197858116938537683706e2
0.539269315842888193307e1 0.219655025472392844317e2
0.183115013572517123103e2 0.116431664072194338356e2
-0.101967621639574936431e-1 0.706411806519557401552e-3
-0.687239042815807795908e-2 0.403255795335259325706e-2
-0.461214354109760401671e-1 -0.859410290331015049961e-1
0.250003486416303543972e-1 0.225099231451593984369e0
-0.397912299398412772539e-1 -0.779655764615722585262e-1
0.166620087075615043348e0 -0.395684017725131437443e0
-0.144095463650230434362e0 0.856456976775945249658e-1
0.786629872317868010469e-3 0.467944796526331187912e-1
0.130010207506945145680e0 -0.284845586857608278319e0
0.219256094717238678751e0 -0.830478715184868569710e0
-0.696078804359813835560e0 -0.448994818541492480239e0
0.732257767000780452531e0 -0.474409597461410543985e0
0.100000000000000000000e1 0.000000000000000000000e0
-0.121469340095155805043e0 -0.304384603667207836645e0
