
6.488557546307102e-01 1.419533453468909e+00
4.671076332936036e-01 -2.791837037429407e+00
-1.588960739486003e+00 4.983611388226612e-01
-3.537732847332213e+00 3.720015314355196e+00
2.893515270474442e+00 8.653171479647978e-01
-3.165374824512467e-01 -1.748334685540015e+00
3.929688277188711e-01 -2.911711670708110e-01
-7.486505209211500e-01 -5.569991696910339e-01
4.335448865285116e-01 5.357126768707122e-01
-1.123440289007413e+01 -8.423339894842204e+00
-2.485749493271156e+00 5.246637174098940e+00
1.256261444284722e+01 -3.626189457326638e+00
4.132576178409086e+00 3.497309842224599e+00
3.311146831022646e+00 -5.272632506040338e+00
-6.063505396340205e-01 2.184400587022225e+00
5.499883923484444e-02 1.083354728333021e-03
-6.860574967971754e-02 -6.480171560734228e-02
6.747179421597169e-02 -6.349537164775133e-01
-6.703792823107814e-01 2.066698343196106e-01
8.248543418009116e-01 3.349262611035554e-01
-3.304250701503125e-01 -2.402584031695385e-01
-2.136966770946290e-01 -6.255106277255034e-01
-3.289527446619208e-01 -4.917790480145833e-01
3.334427358678791e-01 -1.685345840273710e-01
-1.244171726785144e-01 8.581727079252936e-02
4.043487356833598e-01 1.366634851535024e-01
1.000000000000000e+00 0.000000000000000e+00
-4.895691910244880e-02 -3.796668464320708e-01
-2.594094422974957e-02 3.123311006945693e-01
