
-0.149846574146687135882e0 0.820150605278667752684e-1
-0.529477896745299468890e-2 0.602794444806356312892e-1
0.637218681005903841036e-1 -0.834722607410268630553e-1
0.171242672201659238623e-1 0.117280851451892387719e-1
-0.212486245699640987332e-1 -0.182079894119660667126e-1
0.132722306926521212023e0 -0.937431456730560140378e-1
0.646643651367603455296e0 -0.807738564918249175948e0
0.276121592677771889702e0 -0.875077249501586303245e0
-0.110508538353575152050e1 0.481410203151722346010e1
0.189264145232944699104e2 -0.299334309254950778467e2
-0.368427689580140376099e2 -0.798005306157433753813e1
0.275046804564157822415e2 -0.245313935149056626100e2
0.393349988156291151820e2 0.969994380471583467762e2
0.444709355149318723678e1 -0.645750730995160824362e1
-0.109526728049993827552e2 0.209164956996900030448e2
0.136097931376366828250e-1 -0.783233016620012218333e-2
0.905477030926260052638e-3 -0.130446069962819520429e-1
0.488051240910895467397e0 -0.209792915568320307895e0
-0.606119232462973158804e0 -0.197147087593354640301e0
0.177171666152176263755e0 0.158676074086032970557e0
0.487065064907678904843e0 0.799379208534918032458e0
0.103531780383167232396e0 -0.336635074092029520329e0
0.153685973402945764930e0 -0.384256748796095304451e0
0.531112991403678498504e0 0.797729024523911047081e0
0.711002229466085381143e0 0.162682095039229650471e0
-0.407198699688848991633e0 0.889642339573388932428e-1
0.100000000000000000000e1 0.000000000000000000000e0
0.755121994942927199964e0 -0.154518242926751626053e-2
-0.103543479524869798416e0 -0.215369742694477692911e0
