
0.151748986343641746556e0 -0.175143264036394270925e0
0.136089837614467340859e0 -0.214922082289751036635e0
0.163309508021665790347e0 -0.669159382460550404000e-1
0.112337669602309442700e0 -0.500184800094877513878e-1
0.299086624724410601715e0 -0.559742521381396542179e-1
0.306739623755230556549e0 -0.315534283648038461304e-1
-0.695361169584933549287e0 -0.617540902314449084611e0
-0.193063148291878060694e1 -0.266707388242324596687e-1
0.593964242693078981481e0 0.402435573286332601474e0
-0.142349605850583518195e2 -0.584419927430360382128e1
0.521844572567359317287e1 0.105140180235944624646e2
0.523653702942725777841e1 -0.958419481349163973963e1
0.452084025664376548638e1 -0.122323608453547317989e1
-0.110695060682192163637e2 -0.189028198416981169355e1
0.971412032841458633614e1 0.706743535883907699922e1
-0.655369895917604081473e-1 0.186603645156401143966e-1
0.926715391368625965493e-2 -0.237638062145538004863e-1
0.556663676021148305390e0 0.448052815582914867149e-1
0.167204967538525098943e0 -0.126848100029333991204e0
-0.735683566396744581029e0 0.226022078921823404518e0
0.396686261790781050150e0 -0.382062270854083128760e0
-0.167762285685299746831e0 -0.223480384728185044294e-1
0.100000000000000000000e1 0.000000000000000000000e0
0.387266791246508344207e0 0.687534963337177607582e-1
0.389351118308857072840e0 -0.726479568160690680165e-1
0.135731896492725324644e0 0.169208828685811696205e0
0.669486564377851299626e-1 -0.184304286048181708096e0
0.735238869292126792339e-1 0.174399677950052302608e0
0.126642973936490795521e-1 0.415549564834308860569e0
