
-1.149470024135458e-01 -2.011206267470131e-01
4.307385464985714e-02 1.041528148775947e-01
-8.835629410456396e-02 -3.068091933833575e-02
-1.436584831543626e-02 -5.292228482812566e-02
4.075058675153589e-02 2.025558393504154e-02
-3.502619933732021e-02 1.411769306116000e-02
-8.978356096142950e-01 1.036545566355423e+00
-1.278958907932357e-01 -5.994365779430439e-01
3.027761715487799e-01 5.360267264361837e-01
5.732493728728369e-01 -5.056100321554304e+00
2.883631850877878e+00 -3.968341342787883e+00
-3.419297420799126e+00 7.924790353727833e+00
9.034113977966205e+00 -8.945945490059110e+00
3.446442508967533e+00 3.690094977604682e+00
1.871845790108746e+01 -3.164866205788563e+00
6.300951218176197e-02 -2.384732006913262e-02
-8.949056132923255e-02 -3.906858757526889e-02
-4.043042783122919e-02 -6.117927634163076e-01
-7.238471034138587e-01 4.137928174243000e-01
1.000000000000000e+00 0.000000000000000e+00
-4.225409695314610e-01 1.862779559498542e-02
-3.528766806133202e-01 -5.779093581757097e-01
-4.666829235279408e-01 -3.284338276271742e-01
1.305358913063895e-01 -3.134890863528569e-01
-1.148303743348860e-01 1.358746850408734e-01
-7.245459578703942e-02 -1.685116991667570e-01
-4.869491469335094e-01 -2.372709449785974e-01
-2.961580626417945e-01 -9.268832362299437e-02
-1.645064006927104e-01 -3.064420594600595e-01
