
0.193011389020323112545e14 -0.161851997467218342075e14
0.366787653915860670018e13 -0.307574152664863640237e13
0.380771203227446825256e14 -0.319300224371056518593e14
-0.856845874263019569778e14 0.718518305965936070786e14
0.347045398437511228600e14 -0.291019049362952434711e14
0.663834485242696457176e14 -0.556666308498717728653e14
0.605234968503072474542e0 0.468700599165483566821e-15
-0.118464151287216457801e1 0.150384262334601892519e-14
0.970338563053376076213e0 0.618320498968483178714e-15
-0.274765610255260432516e2 -0.884231923792277996199e-14
0.591046854812132766311e1 0.253508151970560646760e-14
0.133584170144537894677e2 -0.368682948753695782784e-14
0.545927675359708699566e0 0.123225607777562029543e-13
0.723211395906966436522e0 0.135454527368933375087e-13
-0.804038932220171360075e1 -0.784013695978580393842e-14
-0.454608481689716048109e-13 -0.550974537622942108312e-13
0.160990178668833744032e-12 0.172446890810169853321e-12
0.141560109443915766465e-11 0.156924563166717092406e-11
-0.289916033905390468081e-12 -0.286623218419517974012e-12
-0.114580609481552635896e-11 -0.129966704933454688298e-11
0.122888106574195897324e-11 0.133118675066958143878e-11
0.119961342964385551068e-11 0.126531193093538931887e-11
0.126740743505511382840e-11 0.146230242518338973872e-11
-0.402253823444758261218e0 -0.400836580536102536192e0
0.100000000000000000000e1 0.000000000000000000000e0
0.172246969277876653629e0 -0.115008837310587772649e0
0.411794348827059313392e0 -0.232879767653748975642e-1
0.392560378812815695713e0 0.947048998349024330232e-1
0.746753239335641123619e-1 0.828314775469612391256e-1
