
-4.504246558772613e-01 -1.733150549858697e-01
4.387339882795416e-02 -7.372562849514711e-01
-3.286735520617057e-01 -3.046618802397261e-04
1.316694031485935e+00 -2.678668555127006e-02
-3.069843206188260e-01 -3.276596628165086e-02
-8.662693756086737e-01 2.001017405371397e-01
4.945818772796662e-01 7.490655544787790e-01
-1.183758964172821e+00 1.612918459417253e+00
6.857327297788139e-01 -1.801540601370829e-01
-1.775770842043119e+01 4.778962973490396e+00
-2.219650160576996e-01 -5.747268065025322e+00
1.393662373325736e+01 2.532489804712915e+00
2.862833391614470e+00 3.818605678173970e+00
4.632812324356639e-01 1.579091251087370e+01
-3.165110752238032e+00 -7.310306854694700e+00
5.794173815602906e-02 -1.807332547749657e-02
9.588269383390913e-02 7.943553758711829e-03
-1.188570078143038e-02 2.470601916089662e-02
-2.587667270184813e-01 2.213375179730384e-01
2.293469429225361e-01 -2.493692533417130e-01
1.915678593420574e-01 -8.467256110175148e-02
1.000000000000000e+00 0.000000000000000e+00
-6.597080030121517e-01 2.212742590234035e-01
1.892286146018495e-01 -1.265507646101821e-02
-1.996613282007055e-02 1.578461325220913e-01
1.412014000000317e-01 -1.320017272905534e-01
-9.967192033604230e-03 -2.334880066540556e-01
8.315778170861637e-02 6.759870969536341e-02
1.691452879430804e-01 -1.332931463647470e-01
