
3.729409439208744e-01 -2.537514612394171e-02
3.424572702114808e-01 2.759473172379431e-01
-1.916007013716065e-01 3.431782449299481e-01
-5.352981538316209e-01 -3.313092520955530e-01
2.229786813479540e-01 -6.414425218329250e-01
9.754873477769694e-01 -6.675993883028952e-01
-1.017960456184894e+00 8.921187060025091e-01
6.224790871969255e-01 -7.128542190058142e-01
-3.814752003606690e-01 9.129067672875860e-02
-9.611972520085693e+00 6.768133796160571e+00
1.036838977339006e+01 -1.070364713338541e+01
-5.278891562767840e-01 9.302924729758372e+00
1.013553623064745e+01 -9.209439353669444e+00
2.021004453156041e+00 2.372297076795363e+00
-5.235637105617591e-01 2.441305557508873e+00
-4.014532549255591e-02 -5.266670503580909e-02
8.926445231703357e-02 -1.487612378873490e-02
-7.590283642139899e-01 2.074526721045251e-01
1.000000000000000e+00 0.000000000000000e+00
-6.731974648075969e-01 -3.745730699162018e-01
3.255405680617791e-01 7.558047898698090e-01
2.788545221068676e-01 -4.509254891763128e-01
-4.535125135971785e-01 4.425057078624581e-01
1.371551048618552e-01 5.693385507235094e-02
1.087757380203670e-01 7.145582025386193e-02
-1.520781077271541e-02 5.581118130294955e-02
-1.780533964936808e-01 -2.520690736306730e-01
1.248394690256593e-01 -3.628989740573249e-01
5.587949860707506e-01 -4.849735680920144e-01
