
-0.173364998873150157850e20 -0.284582836387828615260e20
-0.742114496928695596300e19 0.294162833821438578625e19
0.203319270830380391140e20 0.852485760923957538200e19
0.232140918050431656875e19 0.422389622993925163350e19
-0.479259802874904648300e19 -0.116030644500001608590e20
0.150150907068106992170e20 0.242343874088436098920e20
-0.243859702388941006172e0 -0.414621390549541920986e0
-0.325294014472779343923e0 -0.334563360508289813790e0
-0.301814304847684432460e0 0.184290964835916561929e1
-0.180956146622236609860e1 -0.140682215563498141759e2
-0.612501301739833872804e1 0.940555016526463958954e1
0.110501066639402788245e2 -0.148423637553994673677e2
0.136384625309931435625e2 0.136081449324972694774e2
-0.142646150943155010295e0 0.633308354101944659799e0
-0.406060995275378414180e0 0.145716050184173115641e2
0.990426611934341004491e-17 -0.106643388030121399042e-16
-0.797918740592862045778e-17 -0.775476977000755233853e-17
0.843137864550709402015e-16 -0.219678009326967923344e-15
-0.235135936980245522071e-15 0.114877878784477991432e-15
0.161731608085978353412e-15 -0.150407114406365603235e-16
0.152608988393767037690e-15 0.187622498774906323737e-15
-0.239879897932627734012e-16 -0.199874911865313331702e-15
-0.660639326888157603678e-16 -0.161102377171521928064e-15
-0.163263656604811412462e0 0.163848227758643145768e0
0.124866240342285840479e0 -0.684348323948117366708e0
-0.515686187857351963169e0 -0.448117045357478104115e0
0.750086001312014251342e0 -0.216603879258949536923e0
0.100000000000000000000e1 0.000000000000000000000e0
-0.102273037628525772773e-1 -0.299682027355266424864e0
