
-0.165583439167294976064e0 -0.980154729594729486462e-1
-0.348269028288847302353e0 -0.570560764030948964684e-1
-0.261877162952548203591e0 -0.820055294747618035875e-1
0.122566670725417004433e0 -0.858644487336097593614e-1
0.139302273237887684002e0 0.142270107142441237227e0
-0.819789192008951871053e-1 0.576335174016398875337e-1
-0.153012633478942308772e0 -0.748900965785053371733e-1
-0.211521816427803912311e0 -0.719181950104493076053e-1
0.593035351644723425708e0 -0.430271084749634072700e0
-0.119085660024894585095e2 0.384661910090973714529e1
0.443978300229176944640e1 -0.180437944444163128773e1
0.341920318171862459844e1 0.238656403769969439237e1
0.645677852936695812966e1 -0.237800732899370813322e1
0.542087398688368330823e1 -0.215681354819076486558e1
0.545178747312250038025e1 -0.146861177191602901250e1
0.607462184701003654602e-1 -0.895060548935683797200e-2
0.937285376883102954102e-1 0.174070642470809691371e-2
-0.978632834144236518436e-1 -0.208839473489179731645e0
-0.185208252623291434361e0 0.395688247846318184934e0
0.252201182508456934122e0 -0.164910947227271514735e0
0.515717113888352574320e-1 -0.441353615062359668712e0
0.100000000000000000000e1 0.000000000000000000000e0
-0.717455802185040197969e0 0.421811412118220754568e-1
0.895191947779331917949e-1 -0.155033271500667469222e0
0.134126363981543699397e-1 -0.367566067508954142864e0
0.145399148699767116855e0 -0.240084531622809999228e0
-0.175086967218615987719e0 0.424619441528339922686e-1
-0.350298372512533730223e-1 -0.457848123761831191248e-1
0.251150747557829639122e0 -0.380815373476928294604e-1
