
-0.186977473030684130015e-2 0.989166853775960707674e-2
-0.921129872564786714970e-1 -0.709828269008644421450e-2
0.361546779444735563471e-1 -0.541922630888961595762e-1
-0.279772068129465453009e-1 -0.847390477940427739407e0
0.530731739470806781361e0 0.275245635895949178069e0
-0.352418559095706941393e0 0.231364804530154993863e0
0.414587725625106419169e0 -0.518793278469361506596e0
-0.455371737129416690533e0 0.429522083351638988077e0
0.867909539556269133678e0 -0.109004541116203150996e1
-0.109969434613326910756e2 0.221842750642713579488e2
-0.618112684466062742988e0 -0.666394861125983937501e1
0.758776732187073178022e1 -0.157013575463663092313e1
0.410295448230319017560e1 -0.492695393973400056972e1
0.845049605213293136829e1 0.743833860792914115584e0
0.592986522301549687794e1 0.102853109675420831305e2
0.803628889876377304664e-2 0.586789605044456028283e-1
-0.541288926724769057017e-1 0.418127228103002351355e-1
-0.273531911532613425939e0 0.468844007247896629883e0
-0.324062245696748503965e0 -0.840873447521389554677e0
0.456649404965591655296e0 0.467851416172705898071e0
0.470140276818640302379e0 0.431171083968144009204e0
-0.546647580892621700308e0 0.646938660308259806859e0
-0.469655112567432866282e0 -0.288425856772609728298e0
0.724168382045117210250e-2 -0.628604755141242072534e-2
0.799891846602473941777e-1 -0.152465826202326805092e0
0.115627266758806325096e0 0.424674279245636535245e-1
0.100000000000000000000e1 0.000000000000000000000e0
-0.308874018814392367692e0 0.356859020565852150139e0
-0.681605371435577110379e-1 -0.473919770218058892142e0
