
0.229227825625962470689e1 0.587480795542467697744e0
0.260183267160713046010e1 0.787160696843352550886e0
-0.271999825511656658189e1 -0.859618141666926549463e0
-0.164462584238876491274e1 -0.488973163621218625749e0
0.312173843703882710138e1 0.932848667733375634735e0
-0.515739296096760962713e1 -0.155735910417019847462e1
0.165349964487953322636e0 -0.338813178901720135627e-20
0.179031847565993860127e1 0.542101086242752217004e-19
0.160146108517481614453e1 0.162630325872825665101e-18
0.240572090865056494252e1 0.542101086242752217004e-18
-0.938383657882428456193e1 -0.867361737988403547206e-18
-0.694875109964667028511e1 -0.867361737988403547206e-18
0.366029112610048789830e2 0.173472347597680709441e-17
0.271045342423305887398e2 0.867361737988403547206e-18
0.200709657014725262741e2 0.867361737988403547206e-18
0.389118364312326579713e-1 -0.177390658957197413990e-1
0.470270575744401566033e-1 -0.386562634721089533407e-1
0.142011669717518886267e0 -0.292814885825330526668e0
-0.542613832034540986208e0 0.395500664094933687524e0
0.315275614469714147683e0 -0.769336278649890451198e-1
0.644483408191033362001e0 -0.491937295896832254557e0
0.476902221326883893321e0 -0.375381741577449655830e0
-0.474028499044997344935e0 0.790341415599279751490e-1
0.100000000000000000000e1 0.000000000000000000000e0
-0.340137093669515050334e0 -0.897148842648723278783e-2
0.496243066881037859291e0 0.525963250472740920629e-2
-0.330815026570262480721e0 -0.142765106334849820090e0
-0.631420092750737829235e0 0.830796750072882656045e-1
0.181179899188074432147e-1 0.600377368116015411657e-3
