
-0.367080066994676261689e1 0.151726335764820988378e0
0.876257904690201779377e1 0.158495976166070213498e2
0.375251753036300312043e1 -0.117859188285740111805e2
0.505586969150249056458e2 -0.735794837190584861755e2
-0.602365591549280948169e2 0.944199459108130496020e1
0.329529605773382993882e2 0.254586327057841103495e2
0.533453797913053914229e0 0.642129846712763297282e0
-0.208595402169687603184e0 -0.718363465314392258133e0
0.965298907377506285542e0 0.108095012161820409479e1
-0.767031010256250440861e1 -0.236511976505169767976e2
-0.390468477148001895643e1 0.494840520956754997871e1
0.715571802777940162285e1 0.458587020700787305555e1
0.755703419860052596742e1 0.558469901468558653111e1
0.117659136408622014697e2 -0.300682459560630917206e1
0.808699320379183317874e1 -0.130783422552923400649e2
-0.294649228134609121409e-1 0.209273725351819594605e-1
0.209519893972070526955e-1 -0.318227596089994564948e-1
0.893705391670803883230e0 0.738790999186342173423e-1
-0.268993611003764794987e0 -0.204349412746793807457e0
-0.465748868628964655752e0 0.287455864119645606149e0
0.283629502766532024405e0 -0.359318317695359336843e0
0.198151381564229549253e0 -0.730042458004441975091e-1
0.100000000000000000000e1 0.000000000000000000000e0
0.106283005753827174947e-1 0.161704335712179302160e0
0.480549058793949087509e0 -0.533265916558056408351e0
-0.582526756958585398879e0 -0.943855775257954917034e-1
-0.398286404848166984422e0 -0.142904167579378870909e0
0.798761789347216013581e0 0.601225735162955775780e0
-0.357985030147051737484e0 -0.213031325443474433233e0
