
-5.764989752555946e-02 -2.559285327351048e-01
-4.716761505223231e-03 9.565052883151981e-02
-6.004389871602280e-02 -1.079444636904853e-01
1.100051334029649e-02 -3.318347223381204e-02
1.057775178347082e-02 4.383240888774156e-02
-4.146380164790146e-02 -4.078139030801592e-02
-1.576391481734985e+00 7.264208476763188e-01
1.384722248667117e-01 -8.663125411123440e-01
6.637585391480000e-01 7.137868545539999e-01
7.701342317821688e+00 -3.977459571054520e+00
4.125517839059511e+00 -1.890382604553997e+00
-1.458577369686146e+01 3.935201883503475e+00
1.612266355845898e+01 -9.722725665668207e+00
5.056710677528706e+00 1.587168550222133e+00
3.475551213297793e+01 3.840145595131249e+00
6.671607196388923e-02 -3.930137220049303e-02
-5.675177207144403e-02 -7.741518814791985e-02
-1.849425379254147e-01 -7.406679590772397e-01
-7.472889496476705e-01 5.367842088690550e-01
1.000000000000000e+00 0.000000000000000e+00
3.084735994295710e-02 -9.712479854247540e-02
-1.913587653223874e-01 -9.675019913598795e-01
-7.988298285610103e-01 -2.478560129306794e-01
6.467744813545351e-01 -2.548909456010685e-01
-2.523993622988614e-01 -1.068112712037350e-01
2.349191016870093e-01 -2.513758699609854e-01
-2.843038254231566e-01 -4.643460245461447e-01
-2.981713571983376e-01 -3.090701849703116e-01
1.236066162793700e-02 -4.262636708638042e-01
