
-1.182584139619159e+00 4.911745695643313e-01
-1.981686079077185e+00 8.049073101344326e-01
-8.604231748578076e-01 3.789387507923935e-01
8.345520280935141e-01 -1.405532617335030e-01
5.883503231057947e-01 -3.852269739894555e-01
3.480321115256448e-01 -3.506213078308283e-01
-6.069407233642981e-01 -2.806658763952943e-02
-6.942707933509231e-01 1.679149247798500e-02
2.441421332073745e-01 8.210121696160697e-02
-6.623162788565643e+00 -7.916430270161101e-01
2.481258492203297e+00 9.155014184124970e-01
3.413907577480963e+00 -9.766544105257402e-01
7.756280042058713e+00 1.478825694151673e-01
-1.609649012593470e+00 2.782829436887495e-01
9.050344480730912e+00 7.339483058568321e-01
5.302964104675494e-02 -1.144560080982284e-02
9.884281156327215e-02 8.505369696840313e-03
-3.388994659501635e-01 8.853841499475798e-02
1.711806526400526e-01 4.318915211448851e-03
1.165305459342703e-01 -1.325729539526315e-01
-2.521780148531523e-01 2.000122301853340e-01
1.000000000000000e+00 0.000000000000000e+00
-7.642811256728375e-01 1.202200492550645e-01
-1.739218758881527e-01 7.758315859463764e-02
-4.175435280361157e-01 8.412752310235760e-02
-5.887136028247061e-02 1.393988395914147e-01
2.444937694477910e-01 3.133511404307161e-01
1.712056313477626e-01 -7.550087987578802e-02
2.211926239442127e-01 -1.608398607600032e-01
