
-0.164146947467921636034486921671e4 -0.110523318628172989353411436690e4
-0.107227748620882861905453391909e4 -0.106024370029073617483661967230e4
0.528599617685082716467769676875e2 -0.518154872473324520278979064949e3
-0.652495748681293809747865857502e3 -0.945854289727867119038124658256e3
0.113045619069184983767688604283e3 -0.380453698379588724906479175555e3
0.126831248456720758857469109920e3 -0.520258297038315806714145090009e2
-0.348085227325100647336182025205e1 -0.729672473583878096185615185467e0
-0.312036317835363834049927918881e1 -0.150691130434943918748260259919e1
-0.533555696167845123766750044486e1 -0.301956202695884938367194386503e1
0.733836589950093538826569676371e2 0.123609691958513667971245828971e3
-0.123838196233580133901068313948e3 -0.169968646944837675781332366001e3
0.625225457674362523016076196353e2 0.539488133843490642205301282498e2
0.207914101271561196891601297777e3 0.221027203958986113125354971749e3
-0.846342073691881029661344354767e2 -0.431318137470175794771923198656e2
-0.417938496059947561931163626174e2 0.368483301676981375575211325618e0
-0.448511960929345917813193336240e-2 -0.438835799618408830584625148163e-2
-0.383688785129124438489879650608e-2 -0.626087644187467222391097160990e-2
-0.278940355828782878035719371235e-1 0.279268074780346028328325580547e0
-0.163458454540070279841132013615e-1 -0.419822111780185034624129150210e0
0.378878890319156731545192566519e-3 0.764172234913210331377766872356e-1
0.140504273394056913646898991822e0 0.659220544536285384534160273503e0
-0.838678297913291804529503331992e-1 -0.120573966314607269286097451786e0
-0.291184005616097105019806845167e-1 0.776333603805940602899399365272e-1
-0.545817497598475940144621684458e0 0.676955011941874492308945189866e0
-0.945626698642394833872431632340e-1 0.422877390528528997505740517272e0
0.757144851098920524957274412618e0 -0.488133527201616007978062598642e0
0.287423116933285891069222666649e0 0.205932882458656775086182389879e0
0.100000000000000000000000000000e1 0.000000000000000000000000000000e0
0.133010182276401912638990455142e0 -0.962377814085551431913755496523e-1
