
-0.257967016555032549945e-1 -0.982279987157366026862e-2
0.118294722488459179933e-1 0.109575263835829823956e-1
0.260724349725649102531e-1 0.773644495410609484557e-2
-0.483468496687149872220e-2 -0.633003928050871859614e-2
-0.173327942733181425618e-1 -0.207677782868765574213e-1
0.306313866223747537184e-1 0.161528391520823788652e-1
-0.101816475516776807589e1 -0.499886811639187375551e0
-0.500070960998659161021e0 -0.145519352303205618429e0
-0.780529953700585024017e1 0.578870493461013642042e1
0.319254334353481895245e2 -0.451973998646535421835e2
-0.595825292273746648375e2 0.332509662647773944107e2
0.761705184250043430341e2 -0.453390704510664531712e2
0.658502454557948894778e2 0.256388972914923362473e2
-0.517378859206730795026e2 0.158171010690732688399e2
-0.937793339209967879017e2 0.426780240431509134899e2
-0.547616295981374254354e-2 -0.611327197087241235982e-2
-0.537214441231698580156e-2 -0.637582048206188822522e-3
0.183378187306913811318e-1 -0.370135421872282296247e0
-0.404238389469583762979e0 0.263359417475302484739e0
0.160579612591048598508e0 -0.165258270777142489221e-1
0.100000000000000000000e1 0.000000000000000000000e0
-0.244267534149705499205e0 -0.124949023143899371318e0
-0.267384489679169085215e0 -0.281676957659600054777e0
0.898075554347873730330e0 -0.104943435260256595062e0
0.739630029280775110176e0 -0.270313942422943152404e0
0.895304436319841979040e-1 0.957326373682245934131e-1
0.678633125531973301319e0 -0.376786895356156837299e0
0.376692929622701792283e0 -0.257512500348853715337e0
-0.109323233880614823865e0 -0.476920122405741946903e-1
