
-0.286763725655349369408e21 0.258438997818880613472e21
0.683984990012083872512e21 -0.570685085024769435600e20
-0.207383297214975288336e21 -0.326379107922958212448e21
-0.102936418345516579411e22 -0.655451944269139921216e21
-0.578230237763035738200e20 0.685092337421244142592e21
0.356983235434361315104e21 -0.150342451382112569216e21
0.398305874986636560182e0 -0.307352829921053945759e0
-0.771044524706463613899e0 -0.594120255404807881116e0
0.433672794299388787210e0 0.537058669706701430802e0
-0.111132977627761952901e2 -0.854279643487634691296e1
-0.273705424365088536816e1 0.535778476775156528838e1
0.127273312640493094939e2 -0.364270639538837966154e1
0.424891699901017740873e1 0.343175618210606547722e1
0.316700100634179018385e1 -0.565442103533033886770e1
-0.576134975480360455539e0 0.228368475508035654264e1
-0.154223882692409696253e-17 0.618120463295939844310e-17
0.491609147572385856879e-17 -0.109101955732397537693e-16
0.952828320742912926218e-16 -0.322525546853140265495e-17
-0.383367646613987214086e-16 -0.705920701533898112366e-16
-0.423835517228635755800e-16 0.103498707602619064334e-15
0.413271739882950732634e-16 -0.622009830349919802958e-16
0.480483414547146786007e-16 -0.477139538250633826530e-16
0.867348081116813733944e-16 -0.373932677936739483560e-16
-0.409797583381412624073e0 -0.305129066424813211850e0
0.100000000000000000000e1 0.000000000000000000000e0
0.462821590780352698090e0 -0.262132861441027057017e0
0.184976538641089807802e0 0.334191009365715595801e0
0.967091497741745897260e-2 0.503464493254901553662e0
0.231143146410605779885e0 0.112893050867299567447e0
