
1.921081058596268e-01 -6.445788979694909e-01
3.894637272906232e-01 -3.613308290675338e-01
3.638317583413445e-01 -1.468343899565809e-01
4.099909386809578e-01 -8.942358490281190e-02
3.064389259071733e-01 4.619152027438549e-02
1.992955491875109e-01 1.125182969402752e-01
-6.587845469357727e-01 1.195541981055961e+00
-3.725467111967495e-01 1.288195270843991e+00
-1.873577974537506e+00 1.014144110307414e+00
1.294814447452882e+00 -2.592741615416228e+01
2.565670894930266e+00 3.049484422540472e+01
1.540465230418422e+01 -7.894225936417913e+00
-1.147774776538526e+01 -4.640506000765860e+01
-6.700148947006458e+00 2.401517072559499e+01
-8.996910570999432e+00 -4.532329891171268e+00
-5.571974371050049e-03 -1.868228946129111e-02
-2.688307999097189e-02 1.437823033792337e-02
3.139706895845125e-01 -7.937388305004036e-01
-4.570235778671138e-01 6.635728523760956e-01
1.296383319476603e-01 -1.602585076579575e-01
5.450815696517852e-01 2.929760601514503e-02
-2.616856592652413e-01 -1.736326808641835e-01
1.661001269616842e-01 -5.658567977164035e-01
1.000000000000000e+00 0.000000000000000e+00
7.276072849491160e-01 4.348037321859912e-01
4.686175505948987e-01 4.110177586941716e-01
3.291538844642148e-01 5.771790439661935e-01
-1.850432144107439e-02 4.114922705580906e-01
-7.846566186572643e-02 6.589132934577284e-01
