
-0.466964804353837990278e0 -0.152914949045149764099e0
0.179303619680325489785e0 -0.362342001087111199257e0
-0.243434182587834382504e-1 -0.500100103826996493699e-1
0.274045614324426146062e0 0.188521260581109172599e0
0.435818196404739938999e-1 -0.139581798717285295688e-1
0.214892045101196918735e-2 -0.591785769558540986945e-2
-0.832018197276082050330e0 0.154437360798283043544e1
-0.217874645802881488884e1 0.882537404072619682935e0
0.348461221627323034232e0 -0.215902063992094743708e0
-0.647796165888099224157e1 -0.136561216530385841437e1
-0.154424359728896786349e1 -0.839392510473283425584e1
0.708531952877173621091e1 0.134909669830338296553e2
0.952869813381297168023e1 -0.601001952720849359334e1
-0.141710073779606157054e2 0.137298691045934350124e2
0.127994976176624236574e2 -0.175322396288664234584e2
0.703513727424969743349e-1 -0.703278691903947449340e-1
0.793867649895214403083e-1 0.435500401652058789448e-1
-0.119438083448288063717e0 0.202086781586946313870e0
-0.140444955691278387328e0 0.549288084463359721705e0
0.340493602924959116622e0 -0.901260354586192482433e0
-0.363439152430461049991e0 0.375476898624723437437e0
0.100000000000000000000e1 0.000000000000000000000e0
-0.683949896705084571513e0 0.715890977449975016308e0
-0.578716185327222604738e0 0.812552771657958742245e0
-0.605980989016560888511e0 -0.389572194125383543511e0
-0.158462885540788813205e0 0.119241117737059637674e0
0.250765193101559037605e0 0.218163683896495409141e0
-0.195000088004526174815e0 0.279526722236745519791e0
-0.916452892929239382029e-1 0.153310964617929130783e0
