
-0.635278239292294259062e18 0.305120384494844435938e18
-0.848617354388734628000e18 0.110427424357531571944e19
-0.587124394973368334375e18 0.179780891030866242188e18
0.493942450679246553125e18 0.191476908116914093450e19
0.105371671745364165828e18 -0.608942269618643901312e18
0.141335788613047705875e18 -0.221988946566398537050e19
0.436399496526448220867e0 -0.315211787532369969677e0
0.695096835115300004865e0 -0.518597706759449372728e0
0.410724754164066496666e0 -0.163553763025241949978e0
-0.132074761111661302792e2 0.163643566663185620639e1
0.381244809794993055126e1 0.601065060034529680946e0
0.686951389328139229093e1 -0.229152173296659986308e0
0.356518318328342202718e1 -0.216746829177035122966e1
0.145216518454361534565e2 -0.581716397961364945239e1
-0.345642675221258602282e1 0.292479657781259378270e1
0.167052044057561781069e-14 -0.127709132663563814312e-14
0.229708787169913560845e-14 -0.261768401506997347126e-14
-0.100461504745390912150e-13 0.257295649851690834731e-14
0.251144725229689359026e-14 0.238850123513070722095e-14
0.701832044625536964540e-14 -0.301690499295056110544e-14
-0.920002432957160380705e-14 -0.393161769482217764907e-14
0.253620511762627045718e-13 -0.255513727102258350575e-13
-0.228084851069816920302e-13 0.167295189795325552824e-13
-0.482831815353777384688e0 -0.385870276556703988903e0
0.100000000000000000000e1 0.000000000000000000000e0
0.364003414373710707311e0 0.104774575221139777612e0
0.514569143851376872256e-1 -0.134347548716553964680e0
-0.572971007551043851055e-1 -0.137887970820853899558e0
0.851697267596693901258e-1 0.224689742246917461654e0
