
-3.249343498585877e-02 1.835744441541916e-01
-2.661068745864961e-01 2.327332433858995e-01
-2.090747220656654e-01 1.857070154057184e-01
2.126862405107112e-01 -5.975468972408232e-02
-3.825209299863457e-02 -2.160252086501669e-01
-1.535990984612100e-01 1.261333578657034e-01
-2.048401300486873e-01 3.011974385687815e-01
-1.106157655378323e-01 2.068738759017587e-01
6.588589936106616e-01 9.434554230926332e-01
-1.195839884011825e+01 -7.756656726319450e+00
6.376349063281469e+00 2.460102353331743e+00
1.423800748345676e+00 -4.062987400169336e+00
4.389672530566512e+00 5.248119847348693e+00
6.742633403322991e+00 5.925396612460186e+00
7.568726309551738e+00 2.508536878970756e+00
-4.764972818820764e-02 4.881576684239411e-02
3.821802136484735e-02 1.191183644832058e-02
5.935855698360829e-01 4.103026690112830e-01
2.708485361704290e-01 -5.277829127714632e-01
-7.639975932665956e-01 3.647205861950753e-01
-3.535639751776622e-02 -2.737645390392202e-01
2.342749935840224e-01 4.745103933747170e-01
1.000000000000000e+00 0.000000000000000e+00
1.170290773511899e-01 1.630680751807325e-01
-7.082621771033687e-02 3.315826029921967e-01
-7.942689403576135e-02 3.610384158672166e-01
4.499666498359660e-02 -3.848281094632326e-01
-2.889376268915901e-01 5.782777984733426e-02
1.249966556757457e-01 4.562359130606416e-01
