
0.236148335542373166292e-1 -0.211949098215326133958e0
0.146935268372693207765e0 -0.126691152875842006782e0
0.118077800319842771467e0 -0.904933310290702078567e-1
0.337768907654817997769e0 -0.117186407323631151802e-1
0.265960080417042250909e0 -0.204532631037002838098e-2
0.209277019409887064488e0 0.368197706790817956215e-2
-0.150306695884565569006e1 -0.487890977618476995303e-18
-0.211602767315623519991e1 -0.216840434497100886801e-18
0.169004515754235720674e0 0.101643953670516040688e-18
0.732690888280575091963e-1 -0.435374934888710374281e-18
-0.100862541578678142841e1 0.341523684332933896712e-17
0.124047372513756388231e1 -0.433680868994201773603e-17
0.138847806850504376860e2 0.173472347597680709441e-17
-0.170764144443724996125e2 -0.303576608295941241522e-17
0.210016950854643238283e2 0.433680868994201773603e-17
-0.315150328588014909095e-1 0.442016355741257273580e-1
-0.359970046657075608782e-1 0.567322464759813800724e-1
0.175955844622646662273e0 -0.260400549932248445738e0
-0.359528385705916112053e-1 0.782687353627186182823e-1
-0.152712857791183029006e0 0.189290446922683736511e0
0.229346360660755404216e0 -0.314088209167232145815e0
-0.433259538064023048157e0 0.652815296677649918914e0
0.396578355935128185625e0 -0.573319493512949042359e0
0.100000000000000000000e1 0.000000000000000000000e0
-0.929607853605400486505e0 0.238295541026324127356e0
-0.776791498676753655681e0 0.186677148981684690296e0
-0.437002116469955363763e0 0.132339517298583565471e0
0.257627704042364121613e0 -0.583611527881976532113e-1
-0.394847219231385733473e0 -0.170756540558816535992e-1
