
-0.677099264529520217064e0 0.218807297680862077559e1
-0.271911887241992814143e0 0.130790595639493282556e1
-0.181097583621680593605e0 0.934214931195152764609e0
0.299026507518710069132e0 0.120978297748465661532e0
0.259198131473046794975e0 0.211150850188081991152e-1
0.221449815906917861781e0 -0.380111762274833021447e-1
-0.150306695884565568746e1 0.216840434497100886801e-18
-0.211602767315623519883e1 -0.108420217248550443401e-18
0.169004515754235720064e0 -0.609863722023096244129e-19
0.732690888280575122049e-1 0.313402190484091125455e-18
-0.100862541578678144793e1 -0.238524477946810975482e-17
0.124047372513756390617e1 0.303576608295941241522e-17
0.138847806850504376774e2 -0.433680868994201773603e-18
-0.170764144443724995969e2 0.173472347597680709441e-17
0.210016950854643238041e2 -0.173472347597680709441e-17
0.253554029948104818537e-1 0.162904404897771776212e-1
-0.478416767066395362284e-1 -0.142028212299611712144e-1
0.258611395442704704320e-1 -0.194293256613824258405e-1
-0.313527787449883498866e0 -0.127710804408121767617e0
0.429099567223693869299e0 0.209761321780335718119e0
-0.277789981181527803779e0 -0.158395916504665815124e0
-0.206671482391155818115e0 -0.132450208849044768004e-1
-0.108798168983977239468e0 -0.115169186508465542597e0
-0.730403176882091492901e0 -0.538560318327631832040e0
0.100000000000000000000e1 0.000000000000000000000e0
0.853322843598934923292e0 -0.143711211633666330670e-1
0.647199424163396093250e0 -0.276951227036473599468e0
-0.275200502544046362978e0 0.129853867295111030052e-1
0.186978957110804370041e0 0.416420524641336973831e0
