
-2.685944541524729e-01 -6.461568574241389e-02
-7.954547138411375e-03 8.197349593483531e-02
1.921349375326191e-02 -8.805413935545993e-02
-2.831520193582983e-02 2.723343569791850e-02
-5.713456353802412e-02 3.932190191474311e-02
7.473009615945299e-02 -1.741900490265574e-02
-6.503391578522619e-01 1.797781836748708e+00
4.707310568233938e-01 2.463079129871566e-01
-5.338453486773103e-01 1.434666297594546e+00
3.100236221271950e+00 3.427263535439609e+00
1.077253584237481e+01 -7.082190320558109e+00
-1.691916226290284e+00 1.690978296705122e+00
-1.800062754829785e+01 -1.687775045298652e+01
9.812052099443594e+00 2.297916511839410e+01
1.490039132702591e+01 1.345048691754691e+01
3.630892545590365e-02 5.896575476562423e-02
-5.188349744819198e-05 -2.585596891534840e-02
1.000000000000000e+00 0.000000000000000e+00
-5.134956150199963e-01 -5.103555379201373e-01
8.365897951104222e-02 6.839408212258188e-01
-9.180236045754455e-01 -3.281213837355316e-01
5.816753212125938e-01 1.292480437060101e-01
8.831966815426989e-01 -4.434291360431066e-01
-5.150035168264463e-01 2.488411658744417e-01
4.082147377166552e-02 1.727101752791119e-01
-4.222691329872439e-01 -1.377656308129019e-01
-7.750800964935664e-02 7.892194620885363e-01
1.657711494696500e-01 9.320786391802343e-01
-8.216356014083800e-02 1.203959749461595e-01
