
-0.144521673029149629914e0 -0.105469136856875852912e0
0.744437008997492917371e-2 -0.526397611212857452521e-1
0.681584397851329356060e-1 0.887966920069644095217e-1
0.148540823780285908543e-1 -0.456014480518819507249e-2
-0.188288683024502677540e-1 0.171412872439040860649e-1
0.129667590651121039056e0 0.110029281662064047959e0
0.567702386861966796421e0 0.735921806052764917289e0
0.238147590493312067461e0 0.708780045411645631464e0
-0.260924851398783898444e1 -0.437284067809843964188e1
0.237191049745060571121e2 0.238046180918523367330e2
-0.284514374168356801945e2 0.138470345812248532974e2
0.329402564787591584927e2 0.207776415829369001942e2
0.575733648162059717321e1 -0.999535670569790370907e2
0.188998988119191768588e1 0.648915110771044436298e1
-0.173106715080509603773e2 -0.180977387396469617618e2
-0.355254817898063424331e-2 0.662300188272167753887e-2
0.206375982848133576367e-3 0.482746846713586135590e-2
-0.194925869992601907049e-1 -0.166628334134897863501e0
-0.161318970911115073762e0 0.125070917558860330421e0
0.592453440199380026777e-1 0.351467642565482657717e-1
0.485454883238792122728e0 -0.177024981510154376529e0
-0.107296539385852809216e0 0.604669766605151928826e-1
-0.148279673016026449151e0 -0.158057735095945085845e0
0.522435302416016184620e0 -0.356734170481355523810e0
0.633613757922812441577e0 -0.104371797702452105667e0
-0.309145297346238689625e0 -0.283484835636204076683e0
0.100000000000000000000e1 0.000000000000000000000e0
0.883541703984161438804e0 0.130821221848592845961e0
-0.910924449897233095961e-1 -0.182781106259488599153e0
