
-0.697966421147169159079e0 -0.877245035581633326316e-1
-0.474639728628853651876e0 -0.184303971945392390636e0
0.607836307421221965530e-1 0.661095925553475221551e-1
-0.300855811217292041111e0 -0.212851998715053745780e0
0.310551853302026532309e-1 0.571038974393403884092e-1
-0.471484521637131021892e-3 -0.114552808515756944880e-1
-0.157109838704594553110e1 -0.301151711615924041121e1
0.103344031629681580196e1 -0.412108610211892488267e1
-0.276633801460147709761e1 -0.452622684987035317277e1
-0.161136269809630469307e3 0.268558443543730868477e2
0.200066274374858922985e3 -0.826316643049072154098e2
-0.163927940469721906309e2 0.550368164728861065695e2
-0.233660932618843465880e3 0.162119983816048753480e3
-0.513945385790944719862e1 -0.970606392525638134450e2
-0.884828746008615725852e2 -0.689443899723407729457e2
-0.105188285131512344632e-1 0.811206187479215558293e-2
-0.346646603042085477901e-2 0.812870789124412856038e-2
0.108649468148845285606e0 -0.284755515600406597875e0
-0.383048265053092653107e0 0.854274772047659631722e-1
0.784790574488155775391e-1 0.995602523828598740221e-1
0.958566421050802123355e0 0.689416443611865884417e-1
-0.222989193410901197101e0 0.203899968976083772667e-1
-0.122844174826703931132e0 -0.365114848553310931040e0
0.100000000000000000000e1 0.000000000000000000000e0
0.752454604824236991851e0 0.137927826769197295020e0
0.129550405923776562611e0 -0.222948659173162683576e-1
0.577388326421465096613e0 0.254034329070440841411e0
0.123841979724259466625e0 0.153086699395797173225e0
-0.413841003826216772193e-1 -0.355118346936054479512e-1
