
-0.206868146608542014832e0 0.199808045205203829530e-1
0.179259455872837852303e0 -0.140687280359339276020e0
-0.686300981232716278871e-1 -0.497879770741235524376e-2
0.178151290393159581065e0 -0.125837788248932556164e-1
0.190989675797392943258e0 -0.886595921306399929491e-1
0.287168562153824281865e-1 -0.739702569562714362079e-2
0.162796505341347701960e2 0.191538072545886034872e1
0.198388411565206669454e1 0.170666672285668248881e1
0.798740834979546273818e0 -0.294204488430201645960e0
-0.119402817956685941510e3 0.208933623761999378073e2
-0.641067472110300151794e2 -0.629868989186945303421e1
0.173805044080002139478e3 0.461355196560147181803e1
-0.318292593881081010906e2 -0.418028284009167297314e2
0.816974485117265260548e2 0.335099460364800286333e2
-0.234820190953552923541e3 0.100361412916974908063e2
0.697389216749665586054e-1 -0.115673593941184898211e-1
0.913553020906438499881e-1 0.199306918864440075609e-2
-0.510811215690295994671e-1 -0.646480324574717469898e-1
-0.386770854261734413224e0 0.280379944575942728358e0
0.391566573680324351236e0 -0.184418981435991950551e0
0.244444724312568994250e0 -0.301163943302820206116e0
0.100000000000000000000e1 0.000000000000000000000e0
-0.824750798086581294786e0 0.152196617847981081415e0
0.530375458548981500487e0 -0.374298173890764756145e0
-0.338725869693210924536e-1 0.515099409825614697374e0
0.284744404048521436678e0 -0.140427491649045684945e0
0.336247977653677185489e0 -0.437159510903747827143e-1
0.913265133518420904013e-1 0.331063060069068083760e0
0.148826705236589820053e0 -0.906773946361043520833e-1
