
-0.391196493960120713056e1 -0.609120424011857358238e0
-0.131887614876238563584e1 -0.188330623068226989461e1
-0.116569215443091866449e1 0.454798023173537761951e0
0.220313448405654024290e1 -0.243590605006734480377e1
-0.823511096567806010437e0 0.795424820863956967359e0
-0.176722311582137539196e1 0.240359670210180700911e1
-0.510014282031946334685e0 0.219655047576931883378e1
-0.482588472465772107527e1 0.310600591512950108286e1
0.554168250116114573505e0 -0.302265743991250478541e0
-0.127318283476239163697e2 0.106835407105790475488e2
-0.738742836758675732291e1 -0.196291573581019919825e2
0.199839100649034401257e2 0.127404478623339114992e2
0.233560465255685190795e1 0.916201830813808415326e1
-0.327969152623113248436e2 0.342552540918313170801e2
0.103962236950670631232e2 -0.198455590187171322519e2
0.476867777021900637145e-1 -0.423584282310701309025e-1
0.961599256127996404760e-1 0.231271760411928913724e-1
0.810262310799118461754e-1 0.623034894744464949059e-1
-0.159616401407465063019e0 0.445651333760133358736e0
0.813279464558568126719e-1 -0.564640831932341069469e0
0.639286215270660686209e-1 0.742009896405084117374e-2
0.100000000000000000000e1 0.000000000000000000000e0
-0.433346634066092755648e0 0.451554291183837268548e0
0.160913726879483672924e-1 0.266145374560941193955e0
-0.143572229017303002260e0 0.630865174356761709303e-1
0.104720280355048717757e-1 0.308289161587841804530e-1
-0.106260964125497506757e0 -0.255617438759818875422e0
0.303183356992595591796e-1 0.868217195957871777908e-1
0.458079728656350098498e-1 0.103494130241932461793e0
