
6.358659866533856e-02 -2.499942676278090e+00
9.121211491247949e-03 -4.615529089742181e-01
1.034319800140342e+00 1.559873863407908e-01
8.868783953162154e-02 4.998432150493846e-01
5.780961344225781e-02 -3.111685321587100e-01
8.400196600832410e-03 6.060939161534497e-01
-4.361868743409833e-01 3.995048079623101e-01
1.713759881647034e-01 -2.776568978904332e-01
-1.731316974577700e-01 1.062513696686020e+00
-1.480214003344192e+00 -1.239000835718921e+00
1.756635415164948e+00 -2.457686510986197e+00
3.676673812786245e+00 -3.250429685096701e+00
4.044757869481087e+00 2.447659554895357e+00
5.511011669187951e+00 5.349080236139043e+00
6.774673027476499e+00 1.047667014985289e+01
3.888669513734752e-02 5.025221498054375e-02
-2.874722391094476e-03 -5.872549318048398e-02
1.000000000000000e+00 0.000000000000000e+00
-7.633446548603359e-01 -6.089910182339036e-01
2.238945945790683e-01 7.649147296512404e-01
-4.120706652921720e-01 -1.936588505390849e-01
4.800530404825789e-01 -1.983306792592019e-01
6.883724842881899e-01 -3.951242443700899e-01
-1.256492065038429e-01 5.557683801295950e-01
-1.430822089046840e-01 1.324330351376475e-01
-3.179803069501289e-01 1.023203487632373e-01
3.339716401066515e-01 2.252287755395222e-01
3.010988478372859e-01 2.281558486360988e-02
-2.793166216883934e-01 8.343261465668474e-02
