
-0.342588762507673733472e0 0.247476365207649421111e0
0.124507741597049124129e-1 -0.168673317613436094742e-2
-0.245521866129664204055e-1 0.921703005155884054082e-1
-0.350081376029109305066e-3 -0.130286231376696260326e-3
0.193557754088101132064e-2 -0.207244068388775385849e-2
0.886745892163674165074e-2 0.196166718669534065718e-1
-0.130872525904689636627e1 -0.501290844397445040179e-1
-0.403249581996069889962e0 0.438044865207452074787e0
-0.154295395539681343879e0 -0.595831858895610338783e0
-0.316281441431128214017e0 -0.694949955399058865401e0
0.147290590049358898015e1 -0.236628287921852256996e0
-0.759032441988106932099e0 0.343834999905086012790e1
0.174628359073718639975e2 0.291955066654117781572e1
-0.518746894845919623860e1 -0.104509875622011344975e1
0.121058521026999974836e2 -0.103552914198016732111e2
-0.621938007737031363225e-1 0.450986900085425836398e-1
-0.517486550493070827952e-1 0.759331773792629269664e-2
0.230191357632346794672e0 0.416317748139838383800e-2
-0.165463065820962365178e0 -0.396801080507126750828e0
-0.265487034419376508265e0 0.448993891948895821459e0
0.100000000000000000000e1 0.000000000000000000000e0
-0.828458061632454212918e0 0.273205781631141123364e0
0.483654214094170423893e0 -0.429050029281048060886e0
0.939976960126026593514e0 0.327090281982330459897e0
0.571460585627241935132e-1 -0.558721068829675727734e-1
0.225018897433547276232e0 -0.835630474954777431151e-1
0.271230493143209320779e0 0.687645609916961569115e0
-0.379087989211920031778e-1 0.601513861464258366716e0
-0.162151986383668591650e0 -0.798588863377358309611e-1
