
0.272816232749962452015e0 -0.202262282550663015414e-1
-0.160337308854714526802e1 0.131537962406288257036e1
-0.815278675022906620430e0 -0.690674031407505467205e0
-0.243928205606323120994e0 -0.230399217570403274801e1
0.163441546337028250410e1 0.787155304886464801033e0
-0.317346809763910677274e0 0.828948892554600756221e0
-0.292800447166481817121e-1 0.205934886866419522152e0
-0.610476235188291983347e0 0.299462517478709497315e0
0.351905145587762991364e0 -0.545034135514919936862e0
-0.919042122499457020315e1 0.637069847036161449744e1
-0.341312146903283553491e-1 -0.456462017709709104180e1
0.819237541159964364947e1 0.434152188359726947959e1
0.570756300605896369502e1 -0.282803965196122051836e1
0.215887799857164942884e1 0.213353093661607562522e1
0.348285821893560650813e1 -0.354265881840039398038e1
0.414593628006714282709e-1 -0.257726756867356381293e-1
0.989288806270226781002e-1 0.176935389137115600175e-1
-0.337390354247799998950e-2 -0.328004797489496916917e0
0.224863672418052915536e-1 0.635200981301781418076e0
-0.179479175271340923571e-1 -0.381276337138403711990e0
-0.908531878118128929220e-1 -0.335214789813006225480e0
0.100000000000000000000e1 0.000000000000000000000e0
-0.400033929325011186433e0 0.521380223450149431278e-1
0.978299136205161538210e-2 -0.456038465316588550362e0
0.535092203065537699543e0 0.221459557244357104345e0
-0.308366885981199238635e0 0.354455276510866648903e-1
-0.876907699112451513817e0 -0.117610417475381798328e0
0.176367999228294335235e0 -0.593709815662402103510e0
0.469018748183175632752e-1 0.104012893084401103250e0
