
0.120840644394569095063e0 0.651270333428864455614e-2
0.174766493927975374791e0 0.901022070428765782735e-2
0.140694019063958542900e0 0.286811803672351454849e-2
0.252755692485418323229e0 0.124399081975480985961e-1
0.203463650351079159469e0 0.367290910409290561310e-2
0.163625774987601688994e0 -0.213994243542792643247e-2
-0.166917254613411720251e1 0.618815655854367818246e0
-0.215160413230929499387e1 0.156335421458380031463e0
0.763794466758250548415e0 -0.644118021094647169364e-1
-0.110287627016398700553e2 -0.238438946750397045659e1
0.125083300373526453367e2 -0.391095202366537870921e1
-0.628839738769448621620e1 0.674367432575202626352e1
0.366378881474283372294e1 -0.295125960179546909792e0
-0.154285029065347259383e2 0.322654988445386956128e1
0.249006754224808256951e2 -0.902847302037962973209e1
0.772298716675050769137e-1 -0.303685003508276891973e-2
0.888337492417521198943e-1 0.495431390273787549349e-3
-0.159066034259454190094e0 -0.626986225835717044345e-2
-0.378295102240598133569e0 0.617829047315555422316e-1
0.484010908331870798180e0 -0.469812409482786936052e-1
0.180073566289799950950e0 -0.656679444791634120917e-1
0.100000000000000000000e1 0.000000000000000000000e0
-0.972916226151957461079e0 0.452719916993599707394e-1
-0.142648518529048097750e-1 -0.332410351428770753247e-2
0.225390757620652227807e0 -0.239305078145113903109e0
0.450749423966856792490e0 -0.121500691584493348590e0
0.720434648379893945798e0 -0.124867611317082484127e0
-0.414445153250627058837e-1 -0.252299337102645746000e-1
0.336546633960092706872e0 -0.570067009165718958699e-1
