
0.157047921836370871366e2 0.223576969337310876209e2
-0.459490914369535861320e1 0.454858134363485451957e1
0.248105529826574459484e0 -0.181466630900744075768e2
-0.242104827101254532567e1 -0.309614567667504971991e1
0.718397610028241479733e1 0.741735242767297859928e1
-0.132837439126245436122e2 -0.192615512570560400950e2
-0.247534812474539021231e0 0.412471526301381899644e0
-0.324450691788447721466e0 0.332466963575251287611e0
-0.299357032860462549367e0 -0.185074050399687175584e1
-0.184627261643521424733e1 0.140951270142958072894e2
-0.607716992986762249637e1 -0.945133087565776533294e1
0.109974107454544110570e2 0.149056162584335377512e2
0.136775855708923001703e2 -0.135534788686073585182e2
-0.154353843890936448315e0 -0.710809322573522632538e0
-0.380847702294149094166e0 -0.146633177836014877080e2
-0.109058731616466174240e-1 0.230879510703326388148e-1
0.122274560536756817092e-2 0.591378824206865340708e-2
-0.166685055190773070700e0 -0.199124290635326215641e0
-0.324895264124770829635e-1 -0.163326908732884636062e-1
0.662448596859275963161e-2 0.215249078145492634128e0
0.548538352817835909666e0 -0.154978390601395325286e0
-0.181300866834944801451e0 0.134395761363262267901e0
-0.235064562138766551007e0 -0.352877911010521602632e0
0.556943905399769335917e0 -0.755909799317225038694e0
0.774547619114441262308e0 -0.272402035359735980031e-1
-0.127643375790874422104e0 0.618799876533409427088e0
0.100000000000000000000e1 0.000000000000000000000e0
0.317079803716960404803e0 -0.194351563941396494553e0
-0.207388093954090246639e0 0.796378817812878111987e-1
