
0.144243614610840302991e1 0.189038149544148807019e1
0.120929740522860217241e1 0.152233198789088929460e1
0.387839787336824015179e0 0.529473141797451260200e0
0.902512703030393824942e0 0.115605206341823591246e1
0.362893365690214737926e0 0.450078599718438144249e0
0.914882091669524812429e-1 0.140267705851532040653e0
-0.842652628493246835090e0 -0.137232889982352723734e-15
0.365975687189165748190e0 0.256278288521261110589e-16
-0.375631240905011539203e1 -0.838088279331294927488e-16
-0.166335078555723752392e2 0.166663557954471741596e-14
0.101950018632793582311e2 -0.116963730367736218341e-14
0.300742318058292685649e2 -0.512003633934554613916e-14
-0.624871577870144795808e1 0.709501901674514101614e-15
-0.184330841070549451017e2 0.150920942409982217214e-15
-0.543757472304767513066e2 0.497692165257745955387e-14
-0.177490602890330027749e-1 -0.758790030052494332049e-2
-0.906203525211917424766e-2 0.602886933634841878916e-2
0.704513755489354978984e-2 -0.437202969939068479516e0
-0.274912838952456375382e0 0.281103216906145862816e0
0.368842917919625166657e-1 -0.266453626750115323003e-1
0.948943657489389548454e0 0.138388128694926802498e0
-0.324882892211221890671e0 -0.120091239224333502413e0
-0.142170023625082210056e0 -0.378214742424937601796e0
0.100000000000000000000e1 0.000000000000000000000e0
0.799943195726692886165e0 0.449434761949210236768e-1
0.278424851398521159380e0 0.759775528212219212682e-2
0.604059141947816870364e0 0.387794357256995143994e-1
0.233103555860503384279e0 0.229819868214142813407e-2
0.668932242767179460866e-1 0.784666612434557946075e-1
