
-0.136251573301245845486631268838e3 0.349769235391656319503397163532e2
-0.693562167210416913810870596386e2 0.176958929998932279242968400784e2
0.373542240701680841661242367373e2 -0.101673492094797382632285914576e2
-0.334499701604296241808094219200e2 0.846368634175594390578420028393e1
0.289033821433061937067864310971e2 -0.775266475655449184724364199237e1
0.424919138525738931037321692790e2 -0.109553426547882423988320369413e2
0.550075379799783786765571915433e2 -0.193668507675379282275801009691e-24
0.566289486018859214617726603024e2 -0.200736701386159548052290097636e-24
-0.860976155108560468818017542584e1 -0.171656132976092168857592135806e-26
-0.247098465064417811764301822103e4 0.853030006695309789711140213697e-23
0.440898575383023239396186297620e4 -0.149409498142390623773648195005e-22
-0.826813447733453277891828956393e3 0.291451918954230844817972906347e-23
-0.786696727250418752453285507380e4 0.261595868719895002178082998867e-22
0.147528585868864304128818302314e4 -0.511818004017185873826684128218e-23
-0.276659135529094490408291667582e3 0.993586087343968789152180362545e-24
-0.602087525308602805588570369220e-2 0.370235434435468426757558553766e-3
0.540571817141043259428134368140e-3 0.130961344153209965759594649169e-2
-0.375577583277730510897281267252e0 -0.106787068939759575303284519067e0
0.844410109872592078649856327293e-1 0.108294948605048674602764128382e0
0.660032403328113199569689749255e-1 -0.103009224573590601697442377629e-1
0.436409072039647577495522161220e0 -0.109913038755241024388219469506e0
-0.195088865323408028855875484731e0 0.569390724997814884530216673725e-2
-0.435553657831144963400388349999e0 -0.649382464082962698012087015541e-1
-0.149524123425759169436343303206e0 -0.389329243460628522877469090823e0
0.925032773938261288881092711228e-1 -0.216913246262161255808338585713e0
0.100000000000000000000000000000e1 0.000000000000000000000000000000e0
0.147334442784178358880470272523e0 -0.116011147900191431486865477972e0
0.586005225672184083334406931099e0 0.207824835298360427518635725756e-1
0.905478068086680103447852086273e-1 0.116755784643051432586589902661e0
