
0.137393582240123738117e1 0.396312633836713270317e1
0.199488271397085730765e1 0.497766284670099658140e1
-0.590429715048281275060e0 -0.150244788589659005243e1
0.284936921498903160854e1 0.623558743747501771854e1
-0.845104634810975943640e0 -0.188284699570943129632e1
0.250584938429647393878e0 0.568498158404438182721e0
0.379976655629314727749e1 -0.509818028023115940280e0
-0.272234217613041551594e2 -0.912009901649488050335e2
0.593137218466279004733e1 0.752663141324641903149e0
-0.109640616384188510335e4 -0.568468154734917155935e4
0.693507746610624583261e3 0.457667377406579002219e4
0.160880434406747197126e3 0.312783906350026896903e3
-0.471663596146066727482e3 -0.402408411464406111446e4
-0.340396119188975338432e3 -0.140137917473854918726e4
-0.777467408173548306605e3 -0.381844847116885709126e4
0.535139659412407290869e-2 0.135280062853697236819e-2
0.541644319872284946668e-2 -0.291807400909832794184e-3
0.117238310496818272364e0 -0.542354841286536921712e-1
-0.275177999832697752880e0 -0.251433553728075432837e-1
0.101655936443334901977e0 0.420462863656486438437e-1
0.421698201364020458770e0 0.985660018375409532014e-1
0.212459501863453670782e-1 -0.271069385064005039086e-1
-0.876948875390390489702e-1 -0.960091638194115785606e-1
0.609056376959728853256e0 0.580527516266027683410e-1
0.781600622823416310916e0 0.366161389038785794927e-1
-0.238241246496633248152e0 -0.533522362618998762017e-2
0.100000000000000000000e1 0.000000000000000000000e0
-0.307085924106300081984e0 0.134344594823556605221e-1
0.905601761452731731988e-1 0.329595628119549562810e-2
