
3.006553248005641e-01 -5.340363270608227e-02
1.149885674710614e-01 -5.051954939032594e-02
-1.561649780758901e-01 -3.632141539666396e-02
-1.483742612661924e-01 5.458945015587990e-02
1.498068440547511e-01 -2.083437266641673e-02
-1.522810635343717e-01 -1.185817449797649e-03
-9.395640710774609e-01 -1.102915112122233e-01
5.347306595676664e-01 -2.688865452377302e-02
3.858079005156304e-01 -1.934408043895222e-01
-6.325295355633472e+00 -4.371512214354558e-01
8.133766473471717e+00 8.007384209581434e-01
-5.926007127085663e+00 6.580503650294287e-01
1.307474229707291e+01 -2.530410167651063e-01
6.617633309338132e+00 -1.966365936355904e+00
1.245807019161085e+01 -2.198210055108584e+00
5.664755579250582e-02 -5.674018883913881e-03
9.596886164654624e-02 2.602999572320124e-03
-2.272869246858488e-01 -1.031265300676235e-01
1.287219742386154e-02 1.947221088083262e-01
1.779133443389790e-01 -9.392051634459007e-02
-1.327742218746426e-01 -1.733313481045474e-01
1.000000000000000e+00 0.000000000000000e+00
-7.356748477605412e-01 1.714565664859094e-02
-1.014239141188191e-01 -1.701694546644363e-01
4.178975618975206e-03 -1.552919315270190e-01
1.076792149937239e-01 -9.638207663812088e-03
8.048515703409548e-02 3.390383544286139e-01
2.081639367772775e-02 9.963658485095334e-04
2.623305116036987e-01 -3.991618171507093e-02
