
-0.122407428922067125169e0 0.933040887308829870712e-1
0.497995470104838652821e-1 0.467152404182097650276e-1
0.833552023203627535017e-1 -0.400432834503499770721e-1
0.169617517192974147019e-1 -0.263105898999898701941e-1
-0.153352429737595814630e-1 -0.449038891539922811219e-1
0.105445677202769710466e0 -0.669934988308931168686e-1
-0.204466178489528276096e0 -0.117615753766618718939e1
-0.413314552625048805450e0 -0.567338954929642859783e0
-0.247483007510605150709e1 0.133101755592236355250e1
0.172202307597615881969e2 -0.126146838054522714909e2
-0.224071607378804719679e2 -0.191148632361584220034e1
0.284868636177193228030e2 -0.104155987562767591674e2
0.122326146881993083771e2 0.500206835501906754878e2
-0.888748193213413997978e1 -0.141030333905824468363e2
-0.158492614145073736388e2 0.314615526762101375838e1
-0.220412653711906592484e-1 -0.138228365789830299192e-1
-0.130058842313068471267e-1 0.294307756171889651086e-2
-0.713286366566815471828e-1 -0.280508891453790779779e0
-0.227016464893258552283e0 0.298606646715071653788e0
0.284504246041930393405e-1 -0.126498389426632379105e0
0.100000000000000000000e1 0.000000000000000000000e0
-0.405017075287428098218e0 -0.110440011468238609668e0
-0.189240969553223475989e0 -0.126869389682302018962e0
0.946877689625625832152e0 -0.659147413973839695214e-1
0.429192975989249231468e0 -0.324161859291294601510e0
-0.237291779865903078786e0 0.145494446206629536369e0
0.520352364210782898039e0 -0.693186221093318743070e0
0.424247919409441065714e0 -0.643688346416650710672e0
-0.240857165511533878819e0 -0.126930475576750235574e0
