
0.373720761292264138379e16 -0.370463818776396412817e16
0.583549435016779494775e16 -0.552146186676110164014e16
0.445945915035806881372e16 -0.463382351790257199805e16
0.886186108707636551074e16 -0.755352980122316963135e16
0.659500017153660316211e16 -0.555686946102044043018e16
0.477631246578120624316e16 -0.304322383424368705518e16
-0.139938091799640809362e1 0.128417189560913594653e0
-0.196672261355905569056e1 0.163198102471208746122e0
-0.198612680545207664906e1 0.317796626291157490287e0
0.404307319614144005590e2 -0.884024584155869143798e1
-0.442870786171655561325e2 0.983671476878666239951e1
0.225938161730274869547e2 -0.323283258392707795919e1
0.485106951261019446672e2 -0.109429690801139507502e2
-0.247550270037751764599e2 0.362548745456991447066e1
0.125572427379089754324e2 -0.867531593963597755584e0
-0.548763913937876258823e-16 -0.279264108952236372595e-16
-0.402725085938715866747e-16 -0.842640704226621061511e-16
0.658161657481717367659e-15 0.181143073073553727887e-14
-0.962356849642114577322e-15 -0.179254501579915704488e-14
-0.457599220095735584172e-16 0.187369206783534550723e-15
0.224735518880332161796e-14 0.169036624042900483884e-14
-0.821834505354060214917e-15 -0.662236666926885799294e-15
0.381596067389927916939e-15 0.138707822770458842665e-14
0.845780301739371395537e-1 0.411608822980655352208e-1
-0.429628979948434351979e-1 -0.246389953797453451306e0
-0.594905018042868692163e0 -0.321050491526825598217e0
0.754173942484678617158e0 -0.137030846447221796937e0
0.100000000000000000000e1 0.000000000000000000000e0
-0.105784597229514715230e0 -0.290023975589466793972e0
