
-4.816371698501599e-01 1.448058447101130e-01
-3.316670192738346e-02 3.255130322590014e-01
1.065483682700055e-01 -2.142516451553862e-01
2.025887693483457e-01 5.469403460528878e-02
-1.671161817438188e-01 4.122961830579350e-03
2.790484005018142e-01 -1.994998793154018e-01
5.274540423759715e-01 -9.030391385373626e-01
-5.422738179414941e-01 -1.457033360687193e+00
6.906627768714193e-01 1.419738647521845e+00
-4.150751686926865e+00 -2.229162228335232e+01
-1.635930051037544e+01 1.518578622069838e+01
1.457707273673570e+01 -1.110698368873651e+01
2.775743140494260e+01 9.279232686894135e+00
4.635918698511383e+00 -1.443115785990181e+01
4.759579719913720e-01 7.062404381198883e+00
7.775689232965417e-03 1.003287075953650e-02
2.189858338506433e-02 -5.774286398960769e-02
1.000000000000000e+00 0.000000000000000e+00
-7.877132341872108e-01 -3.013417014283697e-01
-3.130357906498846e-02 3.631382097914904e-01
5.498727869476560e-01 -2.149903174520046e-02
3.586035842432113e-01 -4.101640840241354e-01
6.519204465450678e-01 -6.981934619492200e-02
5.025882779273673e-01 6.050447590080732e-01
5.271373059403346e-01 -1.324806259097394e-01
-3.146134894574452e-01 7.163224688829822e-03
2.104800711245095e-01 -2.073601469343824e-01
3.259560848795175e-01 3.059748824387709e-01
-2.912552860453629e-01 -1.855462061809262e-01
