
0.103303457182348240975342891920e3 -0.922439548270062993542072996542e2
0.135354376513024137852433666471e3 -0.118253466539749917916633958159e3
-0.976562735489940577835003307587e2 0.848705558556867360801449752649e2
0.111413017059250107352531543556e3 -0.951323159647988803254172585225e2
0.143159985916928264005225374098e2 -0.136147881983962688524833930349e2
-0.214716474241598348327874435484e3 0.187376270791805179679624558182e3
-0.264011345345672286622464718447e1 0.123112265357592539410450675894e0
-0.107691479475688879955528151788e2 0.408501163015820076184842396574e0
0.143238571101292119737568692076e1 -0.567619736975671551200392231981e-2
-0.111358723063415451185559169777e3 0.388175712999722622030037636116e1
0.916390479524891520581280538784e2 -0.389682196124094165792888392689e1
0.815401380606875240792387571093e1 0.114343680228528928612313277987e-1
-0.100172518949693303139740006328e3 0.487651931793580789634264763050e1
-0.907507017059724437075505152212e2 0.388264647559202031072308237425e1
-0.997600613294717892291211678977e1 0.525286959346403536248769410732e0
0.533197918443610163358435395486e-2 0.183450703000069323825882903941e-1
-0.310770811774547334818492478655e-1 0.481609366460461383808622782863e-1
-0.412878342356803995195640426729e0 0.345696851881047142800713302887e0
0.197832687887287396452460640955e0 -0.407665905170372213418917783828e0
0.187288583261509814618634465549e0 0.397991062289193060443659306067e-1
-0.310041193959930412653402853139e0 0.520927616853009129345201402076e0
-0.268994517612066717317971853474e0 0.461926204667038944341024183408e0
-0.315492948554779740581992511264e0 -0.490864640014552865178468715178e-1
-0.451625389129924000442482645929e0 0.888617747205056246041529641941e-1
0.413646655236957348096297271916e-1 0.449198876100490347169269333765e-1
-0.626980451039347882395371040357e-2 0.565833267760852658382453321367e-1
0.100000000000000000000000000000e1 0.000000000000000000000000000000e0
-0.345218189790624475825061864501e0 0.356528663722765515771003458045e-2
0.235640728066778083443335913877e0 0.139654882976669875341254461091e-2
