
-2.662231009230863e-01 -4.594546812557529e-02
-3.853680806654735e-01 -8.523578360671180e-02
-2.938068023887487e-01 6.685893211242439e-03
4.119855036979076e-01 -2.653383502477008e-02
-2.712529235300674e-02 2.001199256905782e-02
-1.457624027748214e-01 7.247930315034540e-02
-8.728429038237633e-01 1.177969723903758e+00
-5.332699782343846e-01 2.800838489463714e-01
8.329303331157942e-01 -5.385983331474012e-02
-1.030931035123941e+01 -6.926831528742579e+00
8.412357213097724e+00 -5.284535926233564e+00
-4.588171432989958e+00 1.227517611504376e+01
9.454992680790438e+00 -2.228088036620805e+00
7.824899007928727e-01 6.130794830714481e+00
1.653186809319879e+01 -1.776609303187094e+01
4.526630063587417e-02 1.006619923843080e-02
1.038126272939642e-01 -4.287108777765142e-03
1.755283830758330e-01 -1.401206373024235e-01
-3.337629483250958e-01 1.924533805729747e-02
8.917161923244830e-02 1.211295782733178e-01
4.692382458338096e-01 -1.195073330140312e-01
1.000000000000000e+00 0.000000000000000e+00
-4.629451606832041e-01 -1.830628076038445e-01
3.094070880555703e-01 2.209076513999705e-02
4.114023731690866e-01 9.096939192045239e-03
3.322649292803848e-01 -8.164616452620450e-02
-2.079995363657337e-01 -4.562973053089779e-02
1.918183852293034e-01 -2.244817124556751e-02
2.614888111579273e-01 -1.147000481362888e-01
