
-7.990302798215677e-02 -4.049274606897960e-02
9.420974547492064e-04 1.076161932993421e-01
1.241960682030816e-02 -6.248320956737852e-02
6.521146541597533e-02 3.856921704331956e-02
-2.670766810401689e-02 -1.379613116782447e-02
1.469156256618144e-02 1.923529025660066e-03
-2.528383967325809e-01 1.241037894035864e+00
6.610968787593569e-01 -2.899619260334459e-01
4.647628878677219e-01 2.030078850251380e+00
1.329771949786724e+01 -3.012643451497148e+00
-6.014141667308497e-01 -1.185677355605085e+01
-6.030641219608444e+00 -2.560334533524658e-01
-5.936014529725178e+00 1.395832347503330e+01
1.958621037029920e+01 1.255029932694251e+01
3.153212765640779e+01 1.164724368109695e+01
3.397487017585818e-02 1.273436916969455e-02
-1.756122356814417e-05 -1.740855958243219e-02
3.777134229959078e-01 -5.278048559877838e-01
-4.610491646471411e-01 -6.008616537723011e-02
2.846892351076227e-01 3.609003067437328e-01
-1.653724218339886e-01 4.060692221398581e-01
2.820747538475216e-01 -2.824781039122154e-01
7.887865869374688e-02 -7.384177983154246e-01
-2.974289171186084e-02 3.987336446230095e-01
3.008058641471585e-01 -1.099886286896992e-01
-1.026160850453629e-01 3.120045127433382e-01
5.855310253456318e-01 3.492757899827623e-01
1.000000000000000e+00 0.000000000000000e+00
-5.958926405549203e-02 7.342048654720618e-02
