
-6.659569849603644e-01 2.906054845845116e-02
-1.592877665147652e-02 -4.567308395328674e-01
2.249621532206807e-01 1.903868124176902e-01
4.416658465044363e-01 2.997803829124273e-01
-2.949520017738843e-01 1.596047008609027e-01
3.036461285673006e-01 -2.700307009290447e-02
2.807505682232782e-01 1.158154558024745e+00
-1.443368375854179e+00 7.214513166431925e-01
2.649853764123701e-01 -8.370670661629226e-01
-9.020035557928658e+00 1.529179123612968e+01
-8.744866288931480e+00 -1.545182038926623e+01
1.711351393120703e+01 1.310192065764547e+01
1.127645435352512e+01 -8.046801937829782e+00
-4.526082630609156e+00 1.133830876756857e+01
-2.256418795596455e+00 -7.244989298299898e+00
3.151125389517534e-03 4.678103453819513e-02
-1.241336623920973e-03 8.420312852035333e-02
4.954640035969737e-01 -2.420208358816621e-01
-6.484705394185087e-01 1.079137430587019e-01
1.332771750410063e-01 1.090747555908050e-01
7.886371527014879e-01 -2.228989988009558e-01
-1.518683011421434e-02 8.723758339473200e-01
1.590071423789030e-01 -6.207653479962767e-01
1.000000000000000e+00 0.000000000000000e+00
1.793509913092600e-01 7.161732016061466e-01
-1.993982469787334e-01 -2.433805494181722e-01
-2.028731468224302e-01 -3.385749756831098e-01
7.359740966726338e-01 -8.229985369439391e-02
-2.633200797286668e-01 7.710347591686149e-02
