
0.609076252545267944640e-1 0.108101453429951943424e0
-0.217402556186981248417e-1 -0.299066492034948490536e-1
0.321101521467672436157e-1 0.586704403328945831111e-1
0.746193722381517887718e-2 0.810588387586577696715e-2
-0.115190204275286421446e-1 -0.162638843950683112569e-1
0.169171233348316523017e-1 0.318362093869515260829e-1
-0.105597297456411502877e1 0.460297617429730485735e-1
0.710495368992438644691e0 0.400131201274179947963e0
0.172429611296790550657e1 -0.147741148363054404784e1
0.100381084885854029260e2 -0.577884078070075009846e1
-0.161250633967986537029e1 0.171212871014020419965e1
-0.192523962916515461001e2 0.120019790587508404442e2
0.263614866246837491782e2 -0.260098053137669611538e1
0.172229357490346807660e2 -0.649660228304764303690e1
0.444250407761977966770e2 -0.274802255182414781089e2
-0.549195577085311222147e-4 -0.454019240094199839640e-2
-0.820133245945309181887e-2 -0.146441266830893952650e-1
-0.308372458714680279372e0 -0.236700314494285043746e-1
0.275334630430851716492e0 0.478721417615887368853e-1
0.135145891671561748434e-1 -0.161322816766753954557e-2
-0.310284428689282845682e0 -0.110197489288119308256e0
-0.858023860958626875177e-1 -0.124209346725608719632e0
-0.175329811956024399648e0 0.635805848906805781402e-1
-0.285272250186420356800e0 -0.745925380149814101077e0
0.666933412757854464283e0 0.493811310504362507135e-1
-0.200097115129438024640e0 -0.375109725350369714331e0
0.100000000000000000000e1 0.000000000000000000000e0
0.860190452660582505998e0 0.199772100129189768386e0
0.163334080302340703801e0 -0.167981533966148453846e0
