
0.120638245251726742806e0 -0.630483927213244976608e-2
0.174352087465983516051e0 -0.859410394440595764307e-2
0.140764843488920261952e0 -0.265009242383881303174e-2
0.251979650412858541497e0 -0.116721585810059851811e-1
0.203419845145113651794e0 -0.322673306066109394979e-2
0.164066124145143425630e0 0.239004514355735557594e-2
-0.171615073454716976595e1 -0.663787277262495533877e0
-0.216356372760552803365e1 -0.167742710227426468177e0
0.766660522447536840578e0 0.583974291643966186805e-1
-0.108042171058672017200e2 0.278241516872090321588e1
0.127632136456869959657e2 0.396910152696592085026e1
-0.678181641157369932867e1 -0.713310016258740000076e1
0.371460215023610796736e1 0.486996398084259090309e0
-0.156808381608697812379e2 -0.350155800697988989168e1
0.255857246206688348292e2 0.967082490497230679027e1
0.713191737111963216855e-1 -0.104545108961514297411e-1
0.919452348995323970224e-1 0.544895229612664115043e-2
-0.112362523207435065217e0 0.126832440300013144657e0
-0.357857064467448047958e0 -0.136354806398353234570e-1
0.410246947276207690850e0 -0.124280961923995364503e0
0.227945130291763472114e0 0.142719412305696685187e0
0.100000000000000000000e1 0.000000000000000000000e0
-0.890772387395807494273e0 0.166327560505039730035e0
-0.397770438089624663393e-2 0.304192867763287162487e-1
0.318139665111070642976e0 0.138403566505939541270e0
0.439532298755505815199e0 -0.660034708061808091459e-1
0.675929394052056030612e0 -0.193403911396980886784e0
-0.229213044872471649321e-1 0.476688176654476464859e-1
0.299953603613044903322e0 -0.869485172688387435711e-1
