
-4.746230981058037e-01 -1.150813602322770e+00
9.480803169148583e-02 -5.277506125993821e-01
4.643884724380758e-02 -2.965821645965069e-01
1.273668892600128e-01 1.816767399681781e-01
1.473813719102043e-01 5.134294011235161e-01
3.472562088457910e-01 9.691368623545920e-01
-8.551993195499284e-01 2.620409546799334e-01
-4.834172406952363e-01 3.899325206340082e-02
-5.075606954306453e-01 1.155468463694528e-01
-8.034447448864320e-01 -8.080106578342520e-01
-1.021566398495699e+00 1.423386614313366e-01
6.417682366725494e+00 9.179238235107894e-01
1.117532516698934e+01 -4.017388390529254e+00
-4.828004871211680e+00 2.765601386741444e+00
4.107117977731114e+00 -1.393066621084562e-01
-6.284427339981477e-02 8.345238347043255e-03
-2.279195191984167e-02 -5.298154923771430e-02
2.072650843948328e-01 5.308484213763948e-01
-3.793488969586272e-02 -5.757305146790560e-01
-3.998781442451855e-01 2.616460594823710e-01
1.000000000000000e+00 0.000000000000000e+00
-6.059264479761253e-01 -2.531599431433093e-01
4.594296268912457e-01 4.254321679736897e-01
5.391463887502829e-01 2.362584764755256e-01
-8.448327389079834e-02 1.502882254343980e-01
1.263866364127845e-02 1.828857753937617e-01
6.238358056377641e-01 7.020654832477480e-02
3.523072385182492e-01 -1.473052414999393e-01
-5.952759373252059e-01 -2.143719127413738e-01
