
0.158837174988085040692e1 0.107504588455462085183e1
0.141126628451495446024e1 0.903061192741753573433e0
0.516332010651118244874e0 0.318925652205782287003e0
0.943669429002591847943e0 0.638752547661090301970e0
0.169245537757999618353e0 0.154850613917604161115e0
0.284488058198832680258e0 0.142261955385360208177e0
-0.143522776519615919734e1 -0.146304956473434775760e-2
-0.464840390858836169532e0 -0.144664002538541123458e-3
-0.454547746868041767842e1 0.111835403333197368897e-3
0.926015399595646649875e1 -0.327416147180229584121e-1
-0.255423147323115504286e2 0.162049101062982552415e-2
0.412629438715690510416e2 0.211179859895546835624e-2
0.445950411640436528496e2 0.712131874008650172375e-1
-0.354124029644419443183e2 -0.282386287941481248578e-1
-0.538551951600001193310e2 -0.384715726828420622949e-1
-0.136802499591074570194e-1 -0.711537534003818650259e-2
-0.759344879782371866486e-2 0.558628801545412601737e-2
0.271782448675100424555e-1 -0.490791763552588616490e0
-0.287981643220371211260e0 0.302692845332651718247e0
0.570441968403815921919e-1 -0.117427498123028162332e-1
0.876214132277202802958e0 0.144259791675698091022e0
-0.276004511726634260910e0 -0.135668514036157981565e0
-0.138370988632565238572e0 -0.433826302395611607674e0
0.100000000000000000000e1 0.000000000000000000000e0
0.824678528237869190370e0 0.748441959662872719714e-1
0.287911395859749347746e0 0.609163584584232359929e-1
0.580742947258730339804e0 0.436473644676791545193e-1
0.143161138012128485373e0 -0.298958011776817584748e-1
0.107476188464130016395e0 0.134360139189983378665e0
