
0.518691430607676438345524032613e15 0.383098636022854892145002243169e15
0.781726794743655226765913756537e15 0.412771966323850829702544951658e15
0.588398161742598445269614460472e15 0.269203978590642658309565305736e15
0.114435341546635396290853316938e16 0.398983996232694754236940570095e15
0.852825496656985366205459479488e15 0.244079499899599263497191694547e15
0.633355002508949273328328659545e15 0.142976749407141792994430205304e15
-0.143171600466585244197332258747e1 -0.350713656164321214823641300276e0
-0.198824046210049350496353523006e1 -0.473432238623084999989325591373e0
-0.184581756681115909438860403476e1 -0.273830773045951883974746279506e0
0.374540578727639116160677912028e2 0.130719832191132942489191257360e2
-0.410741954171056076066604921496e2 -0.148646145170453838369931964059e2
0.210245092982089607764317586828e2 0.303457466851779778229641473189e1
0.462495555643939604367397399338e2 0.195933261453190261729422303929e2
-0.245541269364603130022586176737e2 -0.739543943094088652096860364816e1
0.130363236211568222045430974461e2 0.472226071282382340945211358576e1
0.444610084923622569832022680709e-15 0.575297849741327426676508952888e-16
0.243343183393060149296845789804e-14 0.190869262878783552469585538494e-14
-0.481582240240515139207229186540e-13 -0.513919668646705268970228170612e-13
0.487864750014332251288241092371e-13 0.493604488417898726511307282033e-13
-0.793642209021657024122370785393e-14 -0.797214034128815308915125298266e-14
-0.393255448146569276090164871162e-13 -0.324800066097079168140087213311e-13
0.167401923843380407047496976720e-13 0.870407793439700072155902793559e-14
-0.359953304076406902425850861292e-13 -0.374193312629059061373128671040e-13
0.132967746745548108618353449448e0 0.345125920457091867795623462016e-2
-0.640434755654014315229351604458e-1 -0.136699420310642767312181226595e0
-0.600383655335117577372172808677e0 -0.290060288263727917051520271112e0
0.752018801713921617237285238389e0 -0.117727858403704673196469854807e0
0.100000000000000000000000000000e1 0.000000000000000000000000000000e0
-0.126218445831579151494777773936e0 -0.281944821186369825924591565148e0
