
0.833200542897181109880e-1 -0.129056972825220071060e-1
0.140658357172278369507e0 -0.926804260007515845495e-2
0.106628979688020524600e0 -0.332626694601274990477e-2
0.235618198744293953610e0 0.520357143648594905094e-2
0.178072412340622228966e0 0.101060841224954491962e-1
0.134419548009716396768e0 0.123070622428377136872e-1
-0.924296320265401382646e0 0.147264478147250585621e1
-0.195185004368548617741e1 0.375469122170076759058e0
0.989956011249978207927e0 -0.159416425151618448592e0
-0.210721489721441816098e2 -0.635565145578840575476e1
0.137149645912578252186e2 -0.986883481281025612148e1
-0.517240262663311899452e0 0.166101836730885747823e2
0.796542082329906581844e0 0.151510205225057263396e1
-0.109263954607916758746e2 0.710125472572199271937e1
0.129060967565648579344e2 -0.229564679128746766713e2
0.552181721189669201205e-1 -0.370067276876600305651e-2
0.996706579595795676206e-1 0.738940331084200711101e-3
0.204954771373831045467e0 -0.781490010071919160176e-1
-0.508381390212870593395e0 0.153929558950408501065e0
0.233716757727746256995e0 -0.669116203825839541222e-1
0.584972109176296713108e0 -0.170421778907739858785e0
0.100000000000000000000e1 0.000000000000000000000e0
-0.568684567547041271683e0 0.208896671789616854243e-1
0.438832513411651788842e0 -0.648984603157936311852e-1
0.362286001787019748717e0 0.412938092810922233633e0
-0.418585953558150450215e-1 -0.375265208360530064122e-1
-0.465748838631200256198e0 0.476097528502471096747e0
0.245654512358610177905e0 -0.580524870115163159519e-1
-0.229302282801766022064e0 -0.230144469520840330397e0
