
1.097813314242411e+00 1.733822795030131e-01
1.337402976627518e+00 -8.840393165527924e-01
6.867320948697533e-02 -1.185799061010616e-01
-1.440750079627545e+00 1.691448357402637e-01
8.524357001845759e-01 6.522588851072988e-01
3.429367653851341e-01 -3.425271152432769e-01
-5.965294317027580e-01 -7.028383724213725e-01
-8.665662008929373e-01 4.731567618135257e-01
4.759338801441333e-01 4.938449700390037e-01
-1.405554990431627e+01 -2.075139217248192e+00
6.465128181116569e+00 8.741501172477124e+00
3.191342469103861e+00 -1.284277176192861e+01
7.852438178967900e+00 4.782197201535014e+00
-3.380330791400895e+00 2.101179286913875e+00
5.669106594613542e+00 1.054403346448145e+01
-5.517673300877275e-02 3.738347462145477e-02
5.255089032791480e-02 -5.328405284540077e-02
7.421821063239391e-01 2.059219875434587e-01
5.532493818377632e-02 -4.773161240172216e-01
-8.087879047399151e-01 5.272476172442558e-01
5.671576717036241e-01 -4.443085760851483e-01
2.414554884895780e-01 -1.193467069331515e-01
1.000000000000000e+00 0.000000000000000e+00
3.659883721219543e-01 1.457584944770061e-01
4.293580722529051e-01 -1.545290224174652e-01
-1.361144341699479e-02 2.494696920952537e-02
-4.492461204218459e-01 3.198554464204897e-02
1.420871766738615e-01 2.519733720622984e-01
-2.549416283941252e-02 -7.370089479776571e-03
