
-2.732849850343613e-01 -2.210195144336899e-01
7.477260764030774e-02 -5.686129773125333e-02
-1.394993219767961e-03 6.449205078095051e-03
6.123937203987295e-02 3.662899425497354e-02
1.062230709766415e-01 5.642196084941324e-02
2.120456129944884e-01 1.843905201787164e-01
-8.782056627946465e-01 1.153777585785483e+00
-4.276395221003976e-01 2.279921495293196e-01
-6.701959028822392e-01 -5.014527189336512e-02
-7.902538275361590e-01 4.358614662673916e-01
-1.515339794996499e+00 -2.399957823068233e+00
7.593724449161790e+00 8.052864820568455e+00
1.235638703034989e+01 -1.866882577161175e+01
-5.685626454140294e+00 1.040024768518946e+01
1.446740200590105e+00 -5.133126840365190e+00
-5.505848557406637e-02 1.255577476392239e-02
-3.419181888410579e-02 -3.279165835554115e-02
2.331824700174140e-01 3.977685674985586e-01
-1.682625505228304e-01 -4.646142295686461e-01
-2.683224634206396e-01 2.325699772602917e-01
1.000000000000000e+00 0.000000000000000e+00
-6.540533389812555e-01 -1.049693311796016e-01
4.126296536162580e-01 2.563944055506034e-01
5.403346486710369e-01 2.841522463679175e-01
5.074471413032870e-02 -1.644740097101167e-02
6.031299659288729e-02 -2.795986942350362e-02
4.109407903135720e-01 2.837255771164573e-01
2.108207194614971e-01 2.212876404665405e-01
-5.025235805904285e-01 -2.515126592753716e-01
