
-0.959793608809882492445e-1 0.187188489502850510668e0
0.383141116781666838779e-1 -0.584325881633204538885e-1
-0.213695333067868381455e-1 0.459888347134607386399e-1
-0.147189944165621136295e-1 0.179450985026412284962e-1
0.868288861750196938246e-2 -0.144339540352151539573e-1
-0.471754103029627197972e-2 0.112779506003740331698e-1
-0.860920800319733324404e0 -0.548761425520511300408e0
0.817159391885113416647e-1 0.447741842547222533154e0
0.104096279701178330758e0 -0.931140672895279832174e0
0.112924873844388801440e1 0.723441416309407344970e0
0.218401016944535361348e1 0.268304452649380926056e1
-0.212244548996417912827e1 0.913413811760883744104e0
0.980153087763724166492e1 0.327388119808592013144e1
0.408815398111801515816e1 -0.505293504627311974289e1
0.155268977304421635860e2 -0.951740211285540708714e1
0.212784208061862982821e-1 0.263889614137845019873e-1
-0.245258174381074897319e-2 0.997365983004951966914e-2
-0.108763316720803204565e0 0.535010429471721532436e-1
-0.174605818319043211117e0 -0.808368738196605327931e-1
0.265402231073199666223e0 0.157459612854360287600e0
0.637915645129175889927e-1 -0.374882508997934768384e0
0.419371060261946739957e-1 0.284159808719511985719e0
-0.323841024149188848997e0 -0.791012646193103677553e-1
0.202034545761972333719e0 -0.518716099433407832719e0
-0.129845826129438446917e0 0.762090199952500595799e-1
0.144320316185705182992e0 -0.235230583183432872093e0
0.100000000000000000000e1 0.000000000000000000000e0
0.560991460458855572950e0 0.558117832042256103206e0
0.342022461119634236577e-2 -0.843783812901198213908e-1
