
0.294930017488392754365e1 0.117213683986833104881e2
0.156615751677895433070e2 0.187824983728529233320e2
0.701012843384279254761e0 0.103270154069999590060e2
0.360161232118505113854e2 0.466368509430774107888e0
-0.105826080350229472177e2 -0.450020131362264988418e1
-0.389654233867344389278e2 -0.121877369081140845960e2
0.449204331487575241196e0 -0.294592259168104955605e0
0.744846777413549852062e0 -0.512345544086818152456e0
0.406554263189937450978e0 -0.147083748380400064295e0
-0.131893630981741935950e2 0.145243036926650135243e1
0.380674081509629448324e1 0.527144341019811604504e0
0.684160736862403785156e1 -0.136470988069601928275e0
0.368605318978823047471e1 -0.205215198358421040364e1
0.149363974306836953141e2 -0.563682230436648794942e1
-0.368240522511316984398e1 0.276843876333550134410e1
0.670650246913017705395e-1 0.678511551354113681414e-2
0.905784249199613131356e-1 -0.583389326363806626859e-2
-0.291938457195729283262e0 -0.113286566243381265013e0
-0.447710270821647276722e-1 0.789616230513133341386e-1
0.310881898224868857388e0 0.664000299073056692074e-1
-0.188858098615212446992e0 -0.236776111112935462214e0
0.100000000000000000000e1 0.000000000000000000000e0
-0.873814880707768596596e0 -0.869171427771677575539e-1
-0.913892072674366983016e-1 -0.135162910667283321753e0
-0.198475034358947472163e0 -0.323477198097055238950e0
0.200567562635828521968e0 -0.267967044379961601029e-1
0.481200417001134126294e0 0.509087139660373027953e0
0.173889590788953487795e-1 0.683770452331965612690e-1
0.307485738092145012389e0 -0.488045112103950073638e-1
