
0.494489270478985987233e0 0.403497478173342249757e-1
0.177073785108261739198e0 -0.414702202021374068838e-1
-0.770814827808630394313e-1 0.611618445553232032544e-1
-0.284482972344145627306e0 0.142883512191285095723e-1
0.252833037874920782661e0 0.331413388399800426989e-1
-0.210006298134840359954e0 -0.546380990364627345412e-1
-0.877920701447458382135e0 0.362021826087884381783e0
0.927678748726442527347e0 0.544898431214244139396e0
0.846782505424753637491e0 0.437263818726067237085e0
-0.418514797927338163229e1 0.385797304281150867837e1
0.826732539154104976043e1 -0.484958792051857323331e1
-0.110553240093212925962e2 -0.180186067265543207235e1
0.147570513639248441558e2 0.570191430680189669574e1
0.130621094834082372904e2 0.862201598708595780187e1
0.201548633896004271392e2 0.463952253588422095908e1
0.157109397741919905840e-1 -0.337253088611620242295e-1
0.122093846787400845929e0 0.790154217029583099069e-2
0.374941218703992264948e0 0.823139982923434647410e0
-0.233615787192356945059e0 -0.371678141719459592565e0
-0.273052699896874116595e0 -0.381945844110868903260e0
0.782625956850637969741e0 0.597562967610870287845e0
0.100000000000000000000e1 0.000000000000000000000e0
-0.109477458928355197634e0 0.873830149701062447172e0
0.704706748330234957172e-1 0.832899256140920188221e0
0.190263862311541509224e0 0.244687224080151818236e0
-0.785603534855976721167e-1 -0.144129057525299285200e0
-0.208827679261999461183e0 -0.861765424936243607966e0
-0.802663536498938300976e-1 0.225319443881501581966e0
0.449642126784165835422e-1 -0.511889760072073687870e0
