
0.269808571547638048616e2 -0.192090209159161623732e2
0.340743592493668245001e1 -0.222671311220221577001e1
0.266197748599357008857e2 -0.188816818461180692314e2
0.429351949099954310549e0 -0.256749957786915297036e0
0.336149023396557079021e1 -0.218828431649215018277e1
0.262634034549484784438e2 -0.185597503548374493168e2
0.325173166893890783712e1 -0.143640259373354727945e-1
-0.148726676053509879497e1 0.487988295834803780015e-2
0.775823874670874476223e0 0.117329883703070681801e-4
-0.427579432794974071373e2 0.121551660377712518555e0
-0.646317033726475546635e1 0.492610702369838195135e-1
0.441974487994240459315e2 -0.174874063491668974360e0
-0.123026842369604708562e2 0.830566559790205433036e-1
0.809261413516632829249e1 -0.133612409712995329134e-1
-0.458611129846720822871e2 0.219328813633278216395e0
0.259108050862258680392e-1 -0.258591272128901955130e-1
-0.595671615747704817940e-1 -0.700265287271724859707e-1
-0.441271843666041026216e0 -0.123481964370128362713e0
-0.339435302694106798883e-1 0.173022424012873273462e0
0.515568818146897806421e0 -0.420553244375366453637e-2
-0.432317787254008253673e0 -0.290329862258847279534e0
-0.384930345849950102414e0 -0.658589091685263470599e0
-0.487429785963984244662e0 0.254129799892200207185e0
0.292868977372913115323e0 -0.230372285528188152295e0
-0.919153292614512873221e0 -0.108516572621977456354e0
0.156964800396794351825e0 -0.146560876007783394024e0
0.100000000000000000000e1 0.000000000000000000000e0
-0.478155614360624734414e0 -0.173723088573782608919e-1
0.631602637642472761786e-1 -0.589661462127255307942e-1
