
-0.212979680527068251721e0 0.119402017827826032001e-1
0.403422252952842508273e0 0.197927216548351361729e0
0.309594038120535540545e-1 0.779122093337148377906e-1
0.652720594283797412151e-1 -0.972185537529842852409e-1
0.296292517128387765060e0 0.958320277761051829754e-1
0.147707621098688510466e0 0.852783519702016819730e-1
0.704555441992162710327e2 -0.352811209033180104774e2
0.145850041909677445775e2 -0.968009064979545291035e1
0.711512778713050705914e0 0.519127334517246107863e-1
-0.431219610098675206394e3 0.181625342128873132647e3
-0.274771946940460598918e3 0.133025696078558423499e3
0.703079601628354620035e3 -0.330361916271425820529e3
-0.207733693559023090608e3 0.139731623164599459766e3
0.390799187166781958641e3 -0.222914498933333974584e3
-0.984399317332678357451e3 0.460328947555564185479e3
0.332915647332988622329e-1 0.110393073593576609534e-1
0.109159463622593248278e0 -0.565065539245631328613e-2
0.186846882209375271023e0 -0.437372587096028054790e-1
-0.182596600432736236893e0 -0.903608736200702834581e-1
-0.764288719816037267793e-1 0.144763525821540918283e0
0.409942464192643604015e0 -0.228367861063852713925e-1
0.100000000000000000000e1 0.000000000000000000000e0
-0.319925950743576774978e0 -0.136011926764788349166e0
-0.286188424781247246760e-1 0.386113076596891532835e0
0.382687799013432537352e0 -0.486151543546740091137e0
0.121584949009313614764e0 0.390267024466779016112e-1
-0.188639041042444682581e0 0.352760703844998712420e0
0.186075214679977709879e0 -0.182902347282740862616e0
0.144065503700413963213e0 -0.796067234311295458915e-1
