
-0.224350380397195817445e2 -0.178563513493212704846e1
0.335213924097605319996e2 -0.215369456247515374155e2
0.190108427025223236618e1 0.223548931583762459478e2
-0.241359867675899216616e2 0.662800247784645415322e2
-0.266449601430824568014e2 -0.294559527429093741344e2
0.216750960937660682813e2 -0.551373634455944076904e1
0.399787905185163988306e0 0.307578027254235552012e0
-0.769273114528826767685e0 0.596919043998379619614e0
0.433678942757237242359e0 -0.537062855902000994422e0
-0.111039184495329192335e2 0.853859611499131379055e1
-0.275281079464287679447e1 -0.534455816351060850316e1
0.127355324486963336064e2 0.363193241115185594067e1
0.425651786393252492364e1 -0.343762482482719686650e1
0.318907633853060490771e1 0.567782421085759089665e1
-0.584707940087745640467e0 -0.228867822637082039871e1
-0.236805340761919631147e-1 0.117201638892388086652e-1
0.117811996819276535745e-1 -0.105535710144861812933e-1
0.199353283765791148468e-1 -0.213805774742768792831e0
0.169378657186850650388e0 -0.572953699575825190412e-2
-0.269701390791030628933e0 0.189009691992403218268e0
0.201376925522093287992e0 -0.548869118589866709424e-1
-0.483778070304255208939e-1 -0.720786439690193797862e-1
0.172410193291983981505e0 -0.286411561684199875307e0
-0.799269766803796208286e-1 -0.357905505456265114804e0
0.100000000000000000000e1 0.000000000000000000000e0
0.553029310700927397586e-1 0.518286318548588277643e0
-0.295365350489915959396e0 0.422952617900502843930e0
-0.176827570968792157822e0 -0.577864942479763431921e0
-0.940605363152240576274e-1 0.292543116342104537585e0
