
0.134093127207529359077e-1 0.886894660018290996133e-1
0.149821299138914960572e0 0.123515034521673910736e0
0.135363742069509794303e0 0.639895959180314670325e-1
0.419960679851803031948e0 -0.175790193189004406498e-1
0.310611932176911509839e0 -0.925882450435374137126e-1
0.214679269762306829315e0 -0.127974305518629472977e0
-0.982749056707790558595e0 0.133185552472797011277e0
-0.197422934615863407610e1 0.783178175788986302795e-1
-0.576800073578071446822e-1 0.608330345151968938906e-2
0.312795067048463783666e1 -0.712056308696790364501e0
-0.709851985635926291526e1 0.101505041952171466300e0
0.755741044480761761833e1 0.813383086904055729849e0
0.125953986948718466999e2 -0.150704721850315983059e1
-0.138922430442393129071e2 0.138315110143687744774e1
0.157848244662847218001e2 -0.134865331775154252908e1
0.676959305799241405882e-1 -0.276596216962221613370e-1
0.841927698169688317411e-1 0.247511499776448678700e-1
-0.501912132500007975814e0 -0.665288139221561563251e-1
0.278972192712522460946e0 0.268061716460005505948e0
0.263270829231554146237e0 -0.343258950397948642047e0
-0.742462800958550243327e0 0.285879709415973370685e0
0.100000000000000000000e1 0.000000000000000000000e0
-0.883527959061706764530e0 0.981346230254374926567e-1
-0.494378255815096089623e0 -0.137472780998558183124e0
-0.427260615638105435308e0 0.143040482234429847406e0
-0.172295598826033365922e0 0.169009755278854180346e0
0.174330101340261433334e0 0.126156689262933521605e0
0.239207383607190939229e0 -0.106061390655689584108e0
0.305004042973231843510e0 -0.748272680496041429067e-1
