
0.183285332397546733900e19 0.173110402276272682588e19
0.189887427152419090488e19 0.179345987327907294925e19
0.101911491476474696462e19 0.962539612706270540875e18
-0.806384399066996917812e18 -0.761618651562467831062e18
-0.113846024610740944662e19 -0.107525958897644964300e19
-0.796130411425755751562e18 -0.751933905367605671125e18
-0.477150555677783490526e0 -0.677626357803440271255e-19
0.123105511035415522131e0 0.711507675693612284817e-19
-0.184353962404831440362e0 -0.135525271560688054251e-19
-0.705463853356514834954e1 -0.216840434497100886801e-18
0.434887458204864363505e1 0.542101086242752217004e-18
0.458451894292130175766e1 -0.433680868994201773603e-18
0.574236608617846323562e1 0.000000000000000000000e0
0.318624356073451562676e1 0.000000000000000000000e0
0.131227244738668511349e1 -0.108420217248550443401e-18
-0.229008270843952895016e-15 0.343604387502393618661e-15
-0.133865367550249060823e-14 0.203618514692900248860e-14
0.819642663536741974705e-14 -0.124642430408957031256e-13
-0.935361468085345236439e-14 0.142473642240574938335e-13
0.341202218836108569209e-14 -0.523049137050838860498e-14
0.439630135117149594648e-14 -0.663349772126790269989e-14
-0.105369213435787043095e-13 0.159962934261896021927e-13
0.866545307820689420914e-14 -0.131508644899684650773e-13
-0.565965433418325151993e0 -0.279662007944585001417e0
0.100000000000000000000e1 0.000000000000000000000e0
0.849083878347376247951e0 0.135474747164003656282e0
-0.492307926483112367848e0 0.150362721959128509529e0
-0.828334145085484789106e0 0.121302590996997225398e0
0.261074336353044395828e0 0.376543196351914848623e0
