
0.198724461507591100250e2 0.579959407088973399923e1
0.125906616865674376680e2 -0.504079075432788070721e1
0.736749859619630252357e1 -0.908959441359525933783e1
-0.678355873119465499878e1 0.480446779485142213151e1
-0.833619858556409996930e1 -0.163309553929242875408e1
0.629906485818333270865e1 -0.870603238149345914042e1
-0.627659659933096348975e0 -0.466683658159441963907e0
-0.163115797630891382248e-3 -0.228893687473873312606e0
-0.342519353259707261180e0 -0.101568607662833480213e1
-0.516194963758615790695e1 0.468238046612037610078e1
0.557074249891251497809e1 -0.291855760276902848624e1
0.388521052286798574587e1 0.502604308576810302096e1
0.165901062969657530906e1 0.293107036779066368261e1
0.173953012282098533423e1 -0.954640914358942928135e1
0.350293900788958259833e1 -0.761345083391103978274e1
-0.687712859323747862585e-2 0.134593125966406730168e-1
0.152144110950668250715e-1 0.306290340783609348415e-1
0.128132180337141548260e0 -0.444197046020203920849e0
-0.112834042534451627236e0 0.367192395892592597694e0
-0.828667707466821175540e-1 0.228511887862396221549e-2
0.381508355098311284715e0 -0.302249503254089221463e0
0.520520486160571193182e-1 0.252756562221600064984e0
0.494551332112581233652e-1 -0.444427559925579108519e0
0.100000000000000000000e1 0.000000000000000000000e0
0.709104970872781212543e-1 0.143847461346136592050e0
-0.452180122520372808874e0 -0.227000881945333174062e0
-0.443027174399658994091e0 0.772686008803795990128e0
-0.138700402092877888817e0 0.234917810373905727535e0
-0.167403707265366865261e-1 -0.291917032430076174920e-1
