
0.552829913080231952693e0 0.559289226486654547220e0
-0.134756460651995974898e0 -0.661012301373129867898e-1
0.350340619078238634058e0 0.141879597284619878727e0
-0.405015254342885302909e-1 -0.185811177503023558135e-1
-0.283935973262314173544e-1 -0.582255843594017019383e-2
0.258055503030036702662e0 0.151054334219128494585e-1
0.239210242617277965430e1 0.386826285958317373827e0
0.300015911272654169127e1 0.170713809582447956627e1
0.996457565800367832799e0 -0.287397893924784800853e0
-0.104546043563172930393e2 0.540723185896267067013e1
-0.177308662562110137297e2 0.134009866337447012662e0
0.173999039588839372709e2 -0.218300886454649485831e1
0.312391744665113481553e2 -0.266115927098570078518e1
0.413428507697358335812e2 0.155166827504273209630e2
-0.207845701101940551203e2 -0.274607258797696989188e1
0.559097504239706716894e-1 0.204325928675832968546e-4
0.997353819453048686498e-1 -0.115152611677187051661e-2
0.195518760001861197090e0 -0.212667474047907178531e0
-0.512699292798408646804e0 0.260313783120514541305e0
0.243593255385832476904e0 -0.354418306107534428830e-1
0.592942685154678016579e0 -0.341231986525176468822e0
0.100000000000000000000e1 0.000000000000000000000e0
-0.586675474979666018249e0 -0.798877975484495997025e-1
0.746171751232003317234e0 0.145331842523698819588e0
-0.175227059936173168426e0 0.365988301272610461140e-1
0.300663748722504530148e0 -0.689263511744821612639e-1
-0.321957390056467636645e0 0.609238802237811623828e-1
-0.123979231997728727520e0 0.697856016902460975652e-1
0.955245596350114115864e-1 -0.613515274759116526598e-1
