
-2.928257745834167e-01 1.314362821199721e+00
2.096787446874825e-01 6.020452618746376e-01
1.141622349059919e-01 3.411634165301358e-01
1.039894489486036e-01 -2.052594322118785e-01
5.402934235185263e-02 -5.869218609362643e-01
1.888363256348129e-01 -1.109103388987842e+00
-8.122194613149396e-01 -2.455773444689451e-01
-4.780978779784416e-01 -3.386589734791873e-02
-4.858540983460338e-01 -1.276545839293916e-01
-9.401651686327619e-01 9.165778104149784e-01
-9.930158541248209e-01 -2.314946530156568e-01
6.549200711724323e+00 -7.344980719368275e-01
1.051651173621824e+01 3.693724602336460e+00
-4.367347531874593e+00 -2.635732631846906e+00
4.122638139724400e+00 5.567484746571427e-03
-5.892229495019081e-02 2.043666576267630e-02
-5.965196956659170e-02 -4.831488710633587e-02
4.000841274969973e-01 5.027644647652662e-01
-3.214260976551099e-01 -6.558152502269936e-01
-2.160359982951271e-01 3.738324203021328e-01
1.000000000000000e+00 0.000000000000000e+00
-8.343707135528893e-01 -1.660959459337640e-01
6.111505874863583e-01 2.827083561171981e-01
5.135764591528210e-01 2.518076213790987e-01
1.222132748081733e-01 3.219147547559891e-01
2.039185714148377e-01 3.773899368039056e-02
6.058654460236131e-01 -7.290483266379733e-01
2.708006250716867e-01 -5.372913726330977e-01
-5.077949184363448e-01 -1.012895222848750e-01
