
-0.102015740866633186916e1 0.814032000886686543792e0
0.468526815137762945516e0 -0.122493790404763154003e1
0.977860462713894245746e0 0.731386740952728137469e0
0.708491687520872070820e0 -0.951547409958960374934e0
-0.128402860143664023450e1 -0.459847466879941107305e0
0.602425658488043217484e0 -0.168091654678229301186e1
-0.685755805903582998971e0 0.188919228952431139462e-1
0.169172370905149255379e0 0.334711111786609700732e0
-0.173985031437204550129e0 -0.190947242733424288504e1
-0.520463759967999999966e0 -0.498791054621999999986e0
-0.258075118595000000006e0 0.287374803769999999993e0
-0.574735692446000000005e0 -0.125233405523000000017e0
0.277777946324000000008e0 0.528792268912000000027e0
-0.893027171139999999911e0 -0.955434993642999999910e0
-0.611479733595000000078e0 -0.763671760782000000052e0
0.126578970556956859513e0 -0.429363653424570260712e0
-0.150559707591942116693e-1 0.385851832833384107956e0
-0.887484551388376555669e0 0.177379453655616498291e0
0.640971961441560266609e-1 -0.953385401327598612845e0
0.665042759286594478815e0 -0.390547307019172570931e0
0.104241185618215922531e0 -0.211797229562010749348e0
0.266955137948314413549e0 -0.646255352495797936486e0
0.790403787775233293827e0 -0.184175295849839467397e0
-0.677332599287503431479e0 0.466202699204938483747e0
0.735481123300379225705e0 -0.526516333566514820410e-1
-0.173706140201281533902e0 0.894360045181591086774e0
0.100000000000000000000e1 0.000000000000000000000e0
0.553440255813419123003e0 0.681224563753705901210e-1
-0.439010771687430829220e0 -0.207109736104493856554e0
