
1.850512175870431e+00 -5.489700542076612e-01
-1.056168082273517e+00 -1.015027744711804e+00
9.497636124023912e-01 -1.612229046072285e+00
-3.037228779361068e+00 -1.077906660228741e+00
1.778179891078672e-01 4.131797911788537e-01
-4.333947960023649e-03 6.637365858292885e-01
-6.870183763769999e-01 9.400115308520001e-01
7.752784799660001e-01 8.691393860050002e-01
1.051210132629725e+00 -9.622111907529699e-01
-5.184445416542958e-01 -7.450308492290590e+00
-2.583234909145938e+00 -2.374730609267212e+00
-8.202070975958213e+00 1.123957792758508e+00
1.907626743346150e+00 6.295325684251781e+00
-1.868022322873137e-01 -3.007617664324785e+00
1.197110646862006e+00 7.663690273556384e-01
1.265789705569569e-01 -4.293636534245702e-01
-1.505597075919422e-02 3.858518328333841e-01
-8.874845513883765e-01 1.773794536556165e-01
6.409719614415607e-02 -9.533854013275985e-01
6.650427592865943e-01 -3.905473070191724e-01
1.042411856182159e-01 -2.117972295620107e-01
2.669551379483143e-01 -6.462553524957978e-01
7.904037877752332e-01 -1.841752958498394e-01
-6.773325992875034e-01 4.662026992049384e-01
7.354811233003791e-01 -5.265163335665145e-02
-1.737061402012816e-01 8.943600451815910e-01
1.000000000000000e+00 0.000000000000000e+00
5.534402558134190e-01 6.812245637537062e-02
-4.390107716874307e-01 -2.071097361044938e-01
