
-9.437769860209573e-01 -8.678042926607780e-01
5.981243804514336e-01 -6.507353728343447e-01
9.707954225915754e-01 -5.454147034129396e-01
-5.027654254769434e-01 -9.668933405544411e-01
-7.508052243839097e-01 -6.535726217164102e-01
1.367586474247171e+00 -6.181413325266398e-01
-8.576851318297538e-01 1.123661579241677e+00
-2.654161346494202e-01 2.887046010112997e-01
-8.984938328360992e-01 1.919628605770625e-01
-5.204637599680000e-01 -4.987910546220000e-01
-2.580751185950000e-01 2.873748037700001e-01
-5.747356924460001e-01 -1.252334055229999e-01
2.777779463240000e-01 5.287922689120000e-01
-8.930271711400001e-01 -9.554349936430000e-01
-6.114797335950000e-01 -7.636717607819999e-01
1.265789705569569e-01 -4.293636534245703e-01
-1.505597075919423e-02 3.858518328333841e-01
-8.874845513883768e-01 1.773794536556165e-01
6.409719614415607e-02 -9.533854013275987e-01
6.650427592865946e-01 -3.905473070191726e-01
1.042411856182160e-01 -2.117972295620107e-01
2.669551379483145e-01 -6.462553524957980e-01
7.904037877752332e-01 -1.841752958498394e-01
-6.773325992875036e-01 4.662026992049386e-01
7.354811233003793e-01 -5.265163335665147e-02
-1.737061402012816e-01 8.943600451815912e-01
1.000000000000000e+00 0.000000000000000e+00
5.534402558134192e-01 6.812245637537065e-02
-4.390107716874309e-01 -2.071097361044939e-01
