
-1.020157408666330e+00 8.140320008866853e-01
4.685268151377621e-01 -1.224937904047631e+00
9.778604627138938e-01 7.313867409527276e-01
7.084916875208711e-01 -9.515474099589593e-01
-1.284028601436639e+00 -4.598474668799409e-01
6.024256584880431e-01 -1.680916546782291e+00
-7.547103709514992e-01 1.035385457962919e+00
2.584785375587995e-01 6.643778298615954e-01
-1.739850314372061e-01 -1.909472427334244e+00
-6.761413710354789e+00 -6.012284936977398e+00
-4.492239387169179e+00 2.646824450345520e-01
-5.500465437550022e+00 7.714662329648160e+00
6.748463659456974e+00 3.637304389556773e+00
-2.175965556891154e+00 -3.216757173388919e+00
2.196501436210528e+00 -1.174678634123442e+00
1.265789705569569e-01 -4.293636534245701e-01
-1.505597075919440e-02 3.858518328333841e-01
-8.874845513883762e-01 1.773794536556165e-01
6.409719614415632e-02 -9.533854013275986e-01
6.650427592865944e-01 -3.905473070191724e-01
1.042411856182160e-01 -2.117972295620107e-01
2.669551379483145e-01 -6.462553524957979e-01
7.904037877752332e-01 -1.841752958498393e-01
-6.773325992875034e-01 4.662026992049383e-01
7.354811233003791e-01 -5.265163335665135e-02
-1.737061402012816e-01 8.943600451815908e-01
1.000000000000000e+00 0.000000000000000e+00
5.534402558134190e-01 6.812245637537073e-02
-4.390107716874307e-01 -2.071097361044939e-01
