
-5.502670005180149e-01 -7.303132241894462e-02
-8.463851791489119e-01 -1.275593637248934e-01
-4.075947329827481e-01 -3.825683907318207e-02
6.067859000875260e-01 4.322697259585841e-02
5.653547766854830e-02 4.184460407922358e-02
-5.651889956951101e-02 2.980434982308618e-02
-8.497105415709890e-01 7.861306775706298e-02
-6.176868619688607e-01 -9.316397025364506e-03
5.580465808643074e-01 -5.547746024336186e-02
-8.434198683379538e+00 -5.358142916658259e-03
6.312718305027150e+00 -7.692237677760612e-01
-1.840590524309319e+00 1.312915724708809e+00
9.029658114102613e+00 -3.278737807101431e-01
-9.102684972741661e-01 1.593622403867329e-02
1.402336956659983e+01 -1.485411251235690e+00
-1.299696918291240e-01 7.456400367605814e-02
-2.730966396010222e-01 1.861263933356030e-01
2.647046015442162e-01 7.228959667075745e-02
1.575152641418071e-01 -2.529986319672263e-01
6.618663511558779e-01 -2.090965339544904e-01
1.838889814852678e-01 -1.873430260841008e-01
1.000000000000000e+00 0.000000000000000e+00
4.277967402554108e-01 -3.817661265929871e-01
-2.162312558298818e-01 6.872591865932747e-01
-3.431194159091130e-01 -1.778029560549558e-01
-3.219185536918261e-01 1.348951524624309e-01
-2.798309933409445e-01 2.947474794612374e-01
-6.313101930244534e-02 -7.148474958646908e-02
-1.380321085557469e-01 -1.495889341852997e-01
