
1.102096529621694e+00 1.697955903021795e+00
7.704001556573694e-01 2.456954356707031e-01
2.343914775509421e-01 3.051054371418941e-01
-7.457266126979456e-01 2.214981462610133e+00
-7.153802435908010e-01 1.122815558478325e+00
-1.668771929102156e+00 -1.804671837854166e+00
-9.118626153669454e-02 3.830642594729203e-01
-2.376197921466597e-01 -2.778590395645913e-01
-4.894190004821030e-01 3.281064290553888e-01
-6.655318466540566e-01 6.829577874565973e-02
-2.383362917446307e+00 -2.846417292469333e+00
1.104581784684806e+01 1.975745127620774e+00
-3.825445502772559e-01 -2.353103026628105e+00
2.945172010466236e+00 2.007136365524425e+00
1.048076396931313e+00 2.284807247882446e+00
-6.346509429004084e-02 1.306178817329108e-01
1.567955616248687e-02 -7.947754953970376e-03
8.595678268195033e-02 4.160857136109365e-01
3.907971610233472e-01 -6.765301598260219e-01
1.000000000000000e+00 0.000000000000000e+00
5.506380723539642e-01 -4.092882842713329e-02
8.944176797260599e-01 3.598853810278654e-01
4.435905434727325e-01 -2.704985814859309e-01
-2.855773818006678e-01 2.212310598410274e-01
-2.473828912805774e-01 5.071973961415671e-02
-4.360111642560999e-02 1.370037983498903e-01
2.658197422809087e-01 3.114894482445894e-01
2.290511636857527e-01 2.497425770086006e-02
-1.122476115830360e-01 -2.416431892226284e-01
