
6.547225689652815e-05 -4.148217505634745e-04
2.276152593430363e-02 -3.007307631324490e-03
2.650375465124785e-02 -9.604433496803833e-03
5.109784913199737e-01 1.146488215649723e+00
9.148951113581635e-01 1.240248767665049e+00
1.423989859151747e+00 1.246251039730215e+00
-1.106018088201101e+00 1.574218749031135e+00
-2.626108786409259e+00 -3.487363897794717e-01
-4.413070001102946e-01 -1.934724944905055e-01
1.444754750908469e+01 9.846392876168990e+00
-2.033032862013559e+01 -1.511836688840283e+01
1.329702684458235e+01 1.569726457634648e+01
2.342959454474710e+01 -1.642276220210984e+01
-2.116442840649220e+01 8.812002498804672e+00
1.807533727701819e+01 -3.249767294447793e+00
-1.632360040580432e-01 1.078297600688293e-01
-4.802002312104919e-02 -2.886525270369194e-02
8.567502102559857e-02 2.405677010712630e-01
2.487996700434528e-01 -8.099220262620023e-01
9.188057529869791e-01 -3.269624410782806e-01
4.574734225213180e-01 -1.707919813331000e-01
1.000000000000000e+00 0.000000000000000e+00
2.260031111374843e-01 -3.257429026264932e-01
-1.500338554458532e-01 1.933943502588139e-01
-2.625814823754961e-01 1.732436998143674e-01
-6.050314867592294e-02 2.996538042516010e-01
5.112281708024645e-01 3.854110003076865e-01
2.817994479338712e-01 1.117610476057066e-01
-1.923020117926624e-01 -2.221969180407671e-01
