
-8.094334348949445e-02 -1.392169678544351e-02
1.517208464484830e-02 3.994727855949418e-02
2.069864264871318e-02 -5.813599692574990e-03
-3.779901784212628e-02 -3.275495874847714e-02
-7.740739242777067e-02 -5.916922861489330e-02
5.955524011622505e-02 4.796934808181534e-02
-1.906522544548969e+00 3.387717450154637e-02
-4.572932765027620e-01 2.139167560201021e-01
-2.810159398700558e+00 1.808859475292410e+00
-7.177689632457168e+00 -6.106078730172573e+00
-7.890682309777216e+00 1.837210181071931e+01
2.303006332635161e+01 -2.047555892214626e+01
4.557468176566236e+01 -2.328844199856687e+01
-3.127313333686622e+01 1.552077070632353e+01
-3.839699213320520e+01 2.939452072873945e+01
4.380062671877379e-02 3.472570873080990e-03
3.019794535183722e-02 1.556768518094141e-02
-5.886807309602794e-01 -4.014837684721435e-01
1.000000000000000e+00 0.000000000000000e+00
2.287234697393286e-01 5.458877868721609e-01
4.058932601350664e-01 5.042671179493261e-01
-1.510799904575658e-01 2.870207381434060e-01
1.346564203950952e-01 4.753811582334742e-01
-3.902640411309641e-01 -5.339363865108270e-01
-2.261972699934880e-01 -2.605386746650744e-01
1.496502183104443e-01 6.009075217601673e-01
-2.475367126373030e-01 2.039716512445537e-01
1.735157281201320e-01 5.111750091546741e-01
1.220533820062509e-01 -1.971413131821132e-01
