
7.366165566280454e-02 1.208529380753649e-02
1.318021528184813e-01 -5.815229102895217e-03
1.070093157661353e-01 -1.192982944507985e-02
2.258790586540521e-01 -5.786910679968610e-02
1.807749349129484e-01 -5.945262909174061e-02
1.439601243160996e-01 -5.828006623732017e-02
-1.639507900784075e+00 -8.435285927584615e-01
-2.121421897197374e+00 -2.124727260746921e-01
6.637585391480001e-01 7.137868545539999e-01
-1.129112507066441e+01 -9.118454511570210e+00
9.058443536446246e+00 1.875683139987781e+01
-3.709005738170740e+00 -1.547178026311054e+01
1.114609233098188e+01 -1.108647909770603e+01
-1.706747306915433e+01 -1.576557669621837e+00
2.031372250503257e+01 1.434812508605058e+01
-7.102148754208193e-03 2.104123989372998e-02
8.103508945836323e-02 2.774603587429766e-02
1.836864950458243e-01 6.106289837642739e-01
1.991443495717799e-01 -6.105682437390121e-01
1.000000000000000e+00 0.000000000000000e+00
4.452960359928870e-01 -1.044266475977617e-01
8.301139419342423e-01 4.240102327665609e-01
5.666411877797679e-01 -4.404249086485329e-01
-2.462005561798305e-01 4.428559769983356e-01
-7.636547746779986e-02 -2.646619514449972e-02
-1.395112270262258e-01 -1.145104058208352e-02
2.419106803239677e-01 2.124607693967867e-01
1.357890098576541e-01 -1.391368159743106e-01
-1.317721274085490e-01 -1.986195672960764e-01
