
-1.251432372884861e-01 3.341009452766777e-01
3.831237924995424e-02 -1.241130442016887e-01
8.869182112036222e-02 -2.180955476624445e-01
-1.459769380113242e-01 4.800458803117674e-01
-1.486865696076137e-01 6.297787493323660e-01
2.278901770872283e-04 2.712720709323942e-01
9.125314865192093e-01 -4.568003610447340e-01
-8.483758716144258e-01 5.767524512188851e-01
-5.887768084408778e-01 -2.904626154289802e-01
9.227761707580616e+00 -3.784615064645169e-01
-1.470598147254533e+01 5.302925500581945e+00
2.179071651905576e+01 -4.580798663616853e+00
-1.261257905193360e+01 1.469650615847381e+00
6.815136503593221e+00 3.446730562568106e-01
3.384817344352977e+00 -1.091189109382862e+00
-2.234639545747760e-01 1.015828091709104e-01
-6.340445900455413e-02 -2.829298314946377e-02
-2.790889744818681e-02 2.547570128638025e-01
2.935407641406347e-01 -8.944924654901795e-01
9.450370783895147e-01 -3.147565838875075e-01
4.762016532761972e-01 -1.467705014311784e-01
1.000000000000000e+00 0.000000000000000e+00
2.372724985630582e-01 -2.776948338316031e-01
-1.948431748333246e-01 1.492660040239238e-01
-2.580543001523233e-01 1.883882895026811e-01
-3.025635808878030e-02 3.832586707852219e-01
6.283668182320720e-01 4.186814715408471e-01
3.659383874582631e-01 1.611090515521424e-01
-2.104547785891808e-01 -2.421386918763192e-01
