
-7.774537356606453e-03 5.630397791327722e-04
-3.951535539268909e-02 4.069038294860026e-02
4.270037065086373e-02 1.811231704731761e-02
-1.774039835212934e-02 4.123462515570854e-01
3.196693043810776e-01 -1.082756716670009e-01
-1.769915536372692e-01 -2.117757639175851e-01
2.127621075849065e-01 5.256692699566989e-01
-5.107957720510481e-01 -1.158408483145895e-01
7.054997093008778e-01 1.250889710619308e+00
-1.038324296629729e+01 -2.126974730398031e+01
1.934396412539992e+00 7.552020959160140e+00
6.283149672842759e+00 -1.255473967403212e+00
2.885831247436363e-01 5.191692867246747e+00
6.915570297588564e+00 2.945556539826775e+00
7.257162160675600e+00 -7.253916063885405e+00
-7.773625701980825e-04 1.971965758998755e-02
5.312791704195963e-02 1.636446445773714e-02
1.353614167501027e-01 6.514251394500441e-01
1.596117692244321e-01 -6.883290081450326e-01
1.000000000000000e+00 0.000000000000000e+00
4.503043859269079e-01 -1.638645094202652e-01
8.366441069294234e-01 4.407846546705199e-01
5.976905220171397e-01 -3.977149255467665e-01
-3.038064227515102e-01 4.464046312848793e-01
-5.743958574074030e-02 6.666424270735441e-02
-1.212801481122985e-01 -9.194760576076250e-02
3.051702381470872e-01 2.588617879550238e-01
1.883981059212579e-01 -1.616138689191635e-01
-1.417241606103804e-01 -2.111992555939696e-01
