
9.804057129008553e-02 3.810282508725647e-02
1.461045886137376e-01 4.819545835764100e-02
1.112425251609771e-01 3.034855411529203e-02
2.170783783839149e-01 5.928010898471232e-02
1.647982694260054e-01 3.586441635479455e-02
1.247510021443602e-01 2.038680465721552e-02
-1.255333648337717e+00 -1.998522389621122e-01
-2.042504763783646e+00 -5.803255374676797e-02
1.177848433367989e+00 -6.331172935324838e-01
-2.152609180963345e+01 1.465736710266304e+01
1.997262817185001e+01 -1.238016577964198e+01
-6.553268686376695e+00 3.849962541548866e+00
-5.707191319299771e+00 9.858262509119520e+00
-1.100437748591753e+01 -3.403058072002575e+00
2.073625426396958e+01 2.431566569806461e+00
5.168146917856655e-03 1.053737797788238e-02
-6.155147871140790e-02 1.536792770278146e-02
-5.226370772493344e-01 4.729389273212795e-01
1.860142923998187e-01 -4.677777058124409e-01
4.933841667119582e-01 5.301448563077983e-01
1.554351761172857e-01 1.589326888228993e-01
1.257913210011047e-01 4.887912830086268e-01
5.661720963298228e-01 4.385780250655267e-01
-6.154770560368502e-01 -3.209440918356214e-01
6.642655959601367e-01 3.223534661521319e-01
-2.729364718824334e-01 1.017515981566067e-02
1.000000000000000e+00 0.000000000000000e+00
4.839683922594676e-01 1.738128243451573e-02
-5.557433807526238e-02 -2.396205439828793e-01
