
4.204031652567662e-01 7.262652928094096e-02
7.946406056121760e-02 3.672869597110081e-02
-1.300016488691205e-02 -3.973793714334659e-02
-2.004429469782053e-01 -1.137653703196079e-01
2.297614847852962e-01 3.273067632833274e-02
-2.199602182785610e-01 4.113884103866691e-02
-4.609728292376727e-01 -7.845197674188947e-01
1.352045625259383e+00 -5.107693487797741e-01
1.177848433367989e+00 -6.331172935324858e-01
-3.794124090485728e-01 -3.541776873013399e+00
3.476334881647636e+00 1.136554548051962e+01
-1.136415340854704e+01 -2.623655900270109e+00
1.748803866978789e+01 -1.298594272760854e+01
2.085822862442994e+01 -1.012765480506928e+01
2.365015486160827e+01 -8.438123149353056e-01
5.168146917796948e-03 1.053737797786460e-02
-6.155147871145573e-02 1.536792770275914e-02
-5.226370772493560e-01 4.729389273213727e-01
1.860142923998466e-01 -4.677777058124360e-01
4.933841667120180e-01 5.301448563079176e-01
1.554351761172930e-01 1.589326888229278e-01
1.257913210011501e-01 4.887912830088103e-01
5.661720963299148e-01 4.385780250655740e-01
-6.154770560369507e-01 -3.209440918356048e-01
6.642655959601624e-01 3.223534661520883e-01
-2.729364718824895e-01 1.017515981560393e-02
1.000000000000000e+00 0.000000000000000e+00
4.839683922594906e-01 1.738128243449688e-02
-5.557433807524886e-02 -2.396205439829067e-01
