
-0.309900628060482199549e0 0.706795834373392755005e-1
0.223415987554684101589e-1 0.247264513576993412493e-1
-0.477842338176321191012e-1 0.150752173112145154438e-1
0.795657769847427616481e-1 -0.572051574229957107739e-2
0.141447429002124914403e0 -0.178463771112907429101e-1
0.230334851075739466917e0 -0.649590676950396948537e-1
0.406315459396378428607e1 -0.153318834399463282904e1
0.141458263937392524773e1 -0.724980128290623154698e0
-0.942868602130003777805e0 0.140038661775533073540e0
-0.502849875123365847290e1 0.144381490194140071404e1
0.173629168407691980959e1 -0.528394008080464668660e1
0.362144898380387274053e2 -0.694851310947560889351e1
-0.840478662013332436936e2 0.387730145329763549664e2
0.468792485615974207080e2 -0.187635653896555459480e2
-0.217458004284470534200e2 0.521035016999672438752e1
0.722389309502971511360e-1 0.527764700903100945168e0
0.125254638807289792819e-1 0.111584242943629079580e0
0.428657646613204564766e0 0.537542775733607327464e0
-0.381350175261700993020e-2 -0.636133621579421969239e0
0.937435584979519329714e0 -0.272774383699617499878e0
0.555663321481921828270e0 -0.118683741711556073762e0
0.100000000000000000000e1 0.000000000000000000000e0
0.417543354410923266709e0 -0.347531782058710774224e0
-0.219696144988818803652e0 0.292488315780385184584e0
-0.165302152548771848922e0 0.158059332484565479799e0
0.109238882095470421770e0 0.656016726572950073423e-1
0.358527288622408986840e0 -0.203715886583620893631e0
0.240499902321799029366e0 -0.278806103434098454045e0
-0.169324471584414412722e0 -0.135849254317410910858e0
