
0.797961400619312069435e-1 -0.242930913909206817536e-1
0.130158671206759626206e0 -0.103004912068993428069e-1
0.970532133402576951614e-1 -0.993059220892480902043e-3
0.205730218451968297931e0 0.256203706108429231489e-1
0.157944507118918291816e0 0.310249005382597246101e-1
0.116393491417222677583e0 0.340709138652095481036e-1
-0.154286297881564511637e1 0.975022425851874041235e0
-0.210367933297035574207e1 0.252620421952597344866e0
0.117784843336798794144e1 -0.633117293532493776755e0
-0.219851816098525284851e2 0.529325165431482188216e1
0.197339254484703262166e2 -0.184623638970772252221e2
-0.792789483686623866780e1 0.169181820536671522412e2
0.126537809985260561328e1 0.133910224260142308016e2
-0.142111430658286829127e2 0.164518385444890088910e1
0.207198035099999228244e2 -0.186842740803290526582e2
0.516814691780792160282e-2 0.105373779778779277564e-1
-0.615514787114487708848e-1 0.153679277027714136052e-1
-0.522637077249336997687e0 0.472938927321354959926e0
0.186014292399842062604e0 -0.467777705812441887284e0
0.493384166712024081715e0 0.530144856307882142779e0
0.155435176117296683159e0 0.158932688822920403554e0
0.125791321001168996196e0 0.488791283008762528396e0
0.566172096329902252887e0 0.438578025065549845994e0
-0.615477056036926817848e0 -0.320944091835593512275e0
0.664265595960150076178e0 0.322353466152093981630e0
-0.272936471882485786402e0 0.101751598156255882437e-1
0.100000000000000000000e1 0.000000000000000000000e0
0.483968392259482799715e0 0.173812824344978855902e-1
-0.555743380752561117252e-1 -0.239620543982903158183e0
