
-1.083162676165540e-01 5.899219873658218e-01
3.800826217013952e-02 -1.533447566681512e-02
6.747096167060193e-02 1.959598056898016e-01
-2.275705181459787e-03 -1.632395432600433e-03
8.840222627836554e-03 -1.106406428613236e-02
5.355445949839889e-02 4.754373664792385e-02
-5.588130076631757e-01 1.075697962526000e+00
2.936964675990220e-01 1.614336856547968e+00
5.063811406696423e-01 -6.409548438336130e-01
-1.504343929484540e+00 -3.164023624671890e+00
-3.222862518314233e+00 -1.942501850987277e+00
-3.521814823077829e-01 9.458201612687667e+00
2.359240893700437e+01 -4.528597927628120e+00
6.501875795037341e+00 1.408943830921423e+01
1.161055583183175e+01 -2.191724765814309e+01
2.878740341679758e-02 9.392879365961851e-02
-1.387148518188968e-02 3.116511733208717e-02
-3.463652844980857e-01 -2.351376163355544e-01
-2.953130914877266e-01 -4.054711480821475e-01
-2.529899505710129e-01 -4.325494977409917e-01
-1.477983129635367e-01 -1.596548169777185e-01
-1.602432824617616e-01 -7.740093861824420e-01
-3.234925635782662e-01 2.335743006084834e-01
1.057362161120180e-01 -4.198664447316570e-01
3.598161311564762e-01 5.996809048024170e-01
1.009457231157504e-01 2.857388554293133e-01
1.000000000000000e+00 0.000000000000000e+00
3.593024384786773e-01 1.464544206142552e-01
-1.531096367105091e-01 1.684332978190863e-02
