
0.196116514748178961239e0 0.222485111655357287302e0
-0.538984598626650371492e-1 -0.133344856102067012174e0
0.203146885931245863434e0 0.465035946980480763787e-1
0.802205420007359265365e-2 -0.454747704279387705313e-1
-0.305344951975781753803e-1 0.114088601715039023856e-2
0.155784107446085431527e0 0.483722405395700561461e-1
0.180648479570495699650e1 -0.289169814331747174825e0
0.166366898706784176708e1 0.681821085385565646701e0
0.117784843336799066138e1 -0.633117293532479705491e0
-0.133819273206553842285e2 0.921219127995715232615e1
-0.131113850921944803483e2 0.528829724389371146152e1
0.149450684288685753812e2 -0.486193689367570245014e1
0.264595978884561960753e2 -0.159973084828748959990e2
0.291628215674992545339e2 0.540374814309749487923e1
-0.130776705678008118494e2 0.678511720291774367590e1
0.516814691779732633619e-2 0.105373779778772636826e-1
-0.615514787114574320712e-1 0.153679277027688127634e-1
-0.522637077249337877191e0 0.472938927321370703545e0
0.186014292399848012367e0 -0.467777705812440839918e0
0.493384166712037418811e0 0.530144856307901987040e0
0.155435176117298885594e0 0.158932688822926149744e0
0.125791321001181542679e0 0.488791283008793098344e0
0.566172096329918674538e0 0.438578025065556293283e0
-0.615477056036943121105e0 -0.320944091835589477579e0
0.664265595960153170383e0 0.322353466152086035458e0
-0.272936471882497260567e0 0.101751598156177200293e-1
0.100000000000000000000e1 0.000000000000000000000e0
0.483968392259485930104e0 0.173812824344946815136e-1
-0.555743380752540624035e-1 -0.239620543982908341753e0
