
-1.233939134179494e-01 -2.232512775235528e-03
-2.681650671506559e-01 -2.075299138578290e-03
-2.083370956911554e-01 -2.260305063646002e-03
8.556502583515395e-02 -6.893733438307417e-04
8.105661575880532e-02 2.836291143785075e-03
-2.399384673362578e-02 1.445940728003600e-04
-4.736750862552534e-02 -3.434659358237287e-03
-1.277894775408647e-01 -2.044845053014485e-03
9.140944722137132e-01 -1.362753235628195e-02
-1.480260306764660e+01 1.256762381263172e-01
5.104912069193620e+00 -3.726528230956827e-02
2.198000970318566e+00 5.745588494265264e-02
9.032526907903486e+00 -1.016841619942346e-01
7.353522861658192e+00 -6.573637211070382e-02
5.770076159743115e+00 -2.399207613208443e-02
-3.796638337230326e-02 2.030116969878427e-02
-3.038640536595652e-03 1.355512630045921e-01
3.007791302743145e-01 6.286328165425124e-01
1.323729499716105e-01 -3.927755567570712e-01
1.000000000000000e+00 0.000000000000000e+00
3.656242325824409e-01 -5.565023873310745e-02
8.978988725146679e-01 4.120174574224934e-01
7.223233651793152e-01 -5.348041839159570e-01
-3.364979557744973e-01 6.966971098094417e-01
-3.089531962974444e-02 -3.543339430462359e-01
-2.462270867040206e-01 8.210714107681098e-02
-3.196282334088842e-02 -5.881820424310422e-02
2.210508038252548e-02 -2.605891284663471e-01
-1.509126523026780e-01 -1.625252448827907e-01
