
7.263547092276055e-01 3.096448535422049e-01
4.554718455995591e-01 1.575821428511533e-01
6.852508078177521e-01 2.793330351326971e-01
3.455807032891791e-02 -1.057198983875628e-01
3.419360742046412e-01 7.716524750383527e-02
6.157941774571719e-01 2.292695309190494e-01
1.522552525947229e+01 -8.881784197001252e-15
2.152465738555738e+00 -2.331468351712829e-15
8.522475636314162e-01 -5.551115123125783e-17
-1.172403113233694e+02 5.151434834260726e-14
-5.659152402504113e+01 3.108624468950438e-14
1.618880224122568e+02 -6.750155989720952e-14
-2.731654799724531e+01 1.332267629550188e-14
7.814283164466029e+01 -3.730349362740526e-14
-2.235385722259453e+02 1.030286966852145e-13
-4.236107994481117e-02 2.878064994058221e-02
-4.333062615914117e-03 1.577401367531545e-01
2.958248053191282e-01 6.005614531647476e-01
1.669022289542501e-01 -3.876341551656506e-01
1.000000000000000e+00 0.000000000000000e+00
3.650086444311490e-01 -5.350934131321770e-02
9.160027267942259e-01 3.931272359522424e-01
7.151940810741751e-01 -5.512014227587275e-01
-3.034118849400319e-01 7.227506157135234e-01
-8.725258519610070e-02 -3.420138977158089e-01
-2.482216748060724e-01 9.152827125761555e-02
-7.068417938261115e-02 1.202139331762638e-02
5.519014201328786e-03 -2.401368302584961e-01
-1.476222300813987e-01 -1.647340629543754e-01
