
0.253938810136064109469e0 0.145362548923166259740e0
-0.652440766848208863357e-1 -0.254505730201607915671e-1
0.140824714360136679043e0 0.986574109253410426305e-1
0.163432287911098580039e-1 0.372256954493601891286e-2
-0.368186224698569126720e-1 -0.183856597077263968745e-1
0.771301773279699713859e-1 0.652714889936395660784e-1
-0.696419542222410438241e0 0.787777841218840774976e0
0.146748430198416781873e1 0.653737670341877551324e0
0.151237578134901912976e1 -0.352386935780236250273e0
0.828305172713235933826e1 -0.592758449251325968132e1
-0.461850227498903160260e1 -0.413575421020917285975e1
-0.153447085507216987284e2 0.101380675285775341612e2
0.332451906762814654063e2 0.388087559136491047585e1
0.219973610417135423799e2 0.462061207799961690384e1
0.335827363629470803177e2 -0.198528765333488509074e2
-0.979594846183994205695e-2 0.750842502474109728124e-2
-0.155049695549484051971e-1 0.626210123872087746392e-1
0.145444507356632670445e0 0.717472377062986052488e0
-0.446834135571399561641e-1 -0.563564890755313585308e0
0.100000000000000000000e1 0.000000000000000000000e0
0.311486865284565488365e0 -0.597525634888550470386e-1
0.806896956168176970664e0 0.351727065699089891642e0
0.734485685364685212165e0 -0.313628873522782418231e0
-0.503442695321438565554e0 0.383968874804976966782e0
0.450003116639599247498e0 -0.148739179426820484239e0
-0.341327121055235613675e0 0.126709288074874910603e0
0.619595847827959822311e0 -0.301216168758646292934e0
0.244586361737297352013e0 -0.270656595252068854539e0
-0.205283687265861841231e0 -0.196613199096755376981e0
