
0.271367135035011610914e-1 -0.320618855390953251770e-2
-0.229343905306642922285e-1 0.469959249795483958363e-1
-0.314218872932648257735e-1 0.418588425034846622202e-1
0.792043799551903266597e-2 0.123075892172247062665e-2
0.703743817607423555601e-2 -0.656173742665348957298e-1
-0.476813147991839923859e-1 0.477332781950383722979e-1
-0.819048928213216907213e0 0.115033326974653325031e1
-0.344900656721498921246e0 0.497213544601743352648e0
0.154051793010206259499e1 0.456494482178292615860e1
-0.385387649032941419312e1 -0.323875271213750917515e2
0.313368604396910733056e2 0.183268686451484150851e2
-0.233526809636266442644e2 -0.251945975550022729251e2
-0.483587993817518668055e2 0.580277040199050875985e1
0.188351460852147856821e2 0.280046781389613229155e2
0.522126758720812810047e2 0.265847567193845829951e2
-0.455281790538198378115e-3 -0.407685873188631069340e-3
0.149352103021042170190e-1 -0.990714125136286678170e-2
0.668493357007161930785e0 0.627821206713086218205e0
-0.530458015826780848983e0 -0.541119584183530075074e0
0.766367781874946169744e0 -0.498840655249044083105e0
0.550548892118656598618e-1 -0.478067550178828852244e0
0.100000000000000000000e1 0.000000000000000000000e0
0.298226738246813480088e0 -0.725952638179019018553e0
0.132276030443657473791e0 0.653558140565818816204e0
0.205455209584800036355e0 0.267220060781765973712e0
-0.452317271089435544740e0 -0.339748522744961585973e0
0.576958964204315758037e0 0.104287506861790072787e0
-0.442667416783257040417e-1 -0.389299978894327353872e0
-0.221872404643130602346e0 -0.719714615575481563071e-1
