
-0.370840186678939781796e0 -0.452425927666319380551e0
0.989238017253320667743e0 -0.258618350718180535947e0
0.308618554804818236484e0 -0.272379905446772198609e-1
-0.406043406941305690491e0 0.935980253763322902116e0
0.194189544127371689218e0 -0.349584143712056217695e0
0.776883593620245472286e0 -0.483554326097003521565e0
0.254892643982560926325e0 0.229022990353847390567e1
-0.412066129407787757992e1 0.433701585322332313943e0
0.368854462303296662872e0 -0.177442598535107818670e0
-0.133987611392442296735e2 -0.641951974689559089053e0
-0.938269298648787744739e1 -0.149691347905718607804e2
0.255219691871541794360e2 0.219580422386293063440e2
-0.383954162062118710928e1 -0.116833149717291364259e2
-0.237519820247992841725e2 0.150779820573292713086e2
0.152402719097632047989e1 -0.213363302573760588079e2
-0.112799661249105479327e0 0.237135648121809370316e-1
-0.128019016872168729724e0 -0.376030506475854373981e-1
0.399217312947543657585e0 0.121903734547781470468e-1
0.163944901431036247171e0 -0.392997560086737689471e0
0.701193695457551575707e0 -0.358274957862729312539e0
0.283362713281484212028e0 -0.236819415384091114878e0
0.100000000000000000000e1 0.000000000000000000000e0
0.123112218194761365294e0 -0.441430921731343047247e0
-0.712203250926643792245e-2 0.398470802449935388996e0
-0.396980949302271091898e0 -0.232954674522902426253e-1
-0.241660645211156068478e0 0.102884240352690628635e0
-0.833085575233904002341e-1 0.386780717602206210420e0
-0.602784766881463460894e-1 0.474852563085498298982e-1
-0.115898171146240582834e0 -0.152178591293495712574e0
