
3.729409439208742e-01 -2.537514612394156e-02
3.424572702114806e-01 2.759473172379431e-01
-1.916007013716064e-01 3.431782449299482e-01
-5.352981538316209e-01 -3.313092520955534e-01
2.229786813479541e-01 -6.414425218329250e-01
9.754873477769697e-01 -6.675993883028949e-01
-1.017960456184893e+00 8.921187060025085e-01
6.224790871969252e-01 -7.128542190058145e-01
-3.814752003606688e-01 9.129067672875854e-02
-9.611972520085688e+00 6.768133796160569e+00
1.036838977339005e+01 -1.070364713338540e+01
-5.278891562767800e-01 9.302924729758370e+00
1.013553623064744e+01 -9.209439353669442e+00
2.021004453156040e+00 2.372297076795362e+00
-5.235637105617565e-01 2.441305557508871e+00
-8.347101427168226e-02 1.309923976305234e-01
-1.772186812818298e-02 -2.651143611351743e-02
2.080738693488102e-01 3.080973308218600e-01
1.494624424746977e-01 -7.768101724814722e-01
9.239153334895925e-01 -3.704446107131424e-01
4.717447628575736e-01 -2.216885961337007e-01
1.000000000000000e+00 0.000000000000000e+00
2.622364518812044e-01 -3.983380772938940e-01
-1.510128292074019e-01 2.764122174014205e-01
-2.418385648054431e-01 1.454433181002075e-01
-3.051204675022030e-02 1.974221550513129e-01
4.121363855666550e-01 2.657215322002858e-01
2.309698456846392e-01 1.841854714778518e-03
-1.933820878008281e-01 -1.941387347120614e-01
