
-2.737623536832020e-01 -7.791175069360116e-02
-2.710609854520972e-02 6.130738893325405e-02
6.924929194393799e-03 -9.510929753078645e-02
1.341420209132627e-02 8.322854666468243e-03
-2.195652690975721e-02 -4.719129021281640e-03
3.167143008216185e-02 -4.201915445773493e-03
-8.686126806748009e-01 1.012804930061774e+00
2.340369468801374e-01 1.130050947460426e-01
-5.441858745229051e-01 1.295381156411308e+00
-8.894310746647254e-01 1.856048188427086e+00
7.572266836637121e+00 -2.325865117212173e+00
6.773810576541801e-01 -3.471055289720331e+00
-2.521569771729514e+00 -1.066864257685402e+01
3.063277186576943e+00 1.588261440365711e+01
7.999803627096223e+00 1.532168255910398e+01
3.502261338165068e-02 3.961706159725701e-02
5.108507126575756e-02 -5.205428591118083e-03
-4.588605550769709e-02 5.307324557464090e-01
3.385154487226134e-01 -8.122372041836463e-01
1.000000000000000e+00 0.000000000000000e+00
5.943741146951451e-01 -1.576243713260101e-01
7.757085111680200e-01 3.996637133340276e-01
5.737935605555687e-01 -2.730828055091263e-01
-4.160890725932885e-01 3.257344213440229e-01
-2.089830401830647e-01 1.052074688563448e-01
8.085201330650799e-02 -4.937758310206361e-04
2.255130494262851e-01 3.463496987204719e-01
2.920826870278077e-01 -5.428257277563998e-02
-1.350416944532081e-01 -2.438549757409714e-01
