
-3.750867240930122e-01 1.403988751343117e-01
-2.819530988412169e-01 1.468870660720001e-01
-1.694000864280134e-01 2.477338159011674e-02
2.104154858420587e-01 -1.061941962749679e-01
2.194579909956632e-01 -1.269856183525711e-01
-3.870838092005969e-01 1.274885093785961e-01
-1.088786585490957e+00 7.368578709998663e-02
4.466663587101125e-02 4.081642387939732e-02
-9.428686021300103e-01 1.400386617755353e-01
-6.457226320254909e+00 -2.071387233859487e-01
4.635213240200818e+00 5.839928025622948e-01
6.381450887733090e+00 -9.126790835578553e-01
1.259041563237797e+01 -1.536447479411881e+00
-5.992408601852011e+00 1.746017108539993e+00
-6.133189312123062e+00 1.743586202797830e+00
7.223893095029259e-02 5.277647009031011e-01
1.252546388072990e-02 1.115842429436315e-01
4.286576466131994e-01 5.375427757336139e-01
-3.813501752617819e-03 -6.361336215794275e-01
9.374355849795213e-01 -2.727743836996177e-01
5.556633214819211e-01 -1.186837417115555e-01
1.000000000000000e+00 0.000000000000000e+00
4.175433544109254e-01 -3.475317820587132e-01
-2.196961449888175e-01 2.924883157803888e-01
-1.653021525487722e-01 1.580593324845668e-01
1.092388820954726e-01 6.560167265729785e-02
3.585272886224168e-01 -2.037158865836177e-01
2.404999023218031e-01 -2.788061034340986e-01
-1.693244715844162e-01 -1.358492543174109e-01
