
-7.240799396973356e-01 5.032302308508591e-02
1.658842083437972e-02 -2.195224095341470e-01
4.079749599424368e-01 1.800390364359214e-01
9.496697736734555e-02 2.152959113503555e-02
-2.262990890083419e-01 8.280814208938943e-02
6.291129623299903e-01 -7.185261422012146e-02
-2.997061910879287e-01 5.672148850986427e-01
-4.032140059578760e-01 3.120671077100398e-01
-6.538734757511055e-01 -1.746772726217817e+00
-1.550084499244635e-01 1.430596875563256e+01
-8.140191303523236e+00 -9.939031770727354e+00
1.391686828721713e+01 1.529212568491740e+01
1.464942968151732e+01 -1.566367289501290e+01
-2.934812450743190e+00 9.143641005955788e-01
-4.025695004524800e+00 -1.364412278090543e+01
-8.691071879610143e-02 -5.769984658023848e-02
-2.401282011561267e-02 -3.917865632507438e-02
-1.367307333689749e-02 -2.264016541913919e-01
6.720103271038512e-01 -5.667260461281399e-01
9.596449784475948e-01 -6.683521681398047e-02
3.481523730943850e-01 9.315765870944046e-02
1.000000000000000e+00 0.000000000000000e+00
1.005649923782636e-01 -1.513445181844618e-01
-2.666692728397503e-02 -2.079664576818233e-01
-2.720113482364322e-02 2.013921949357111e-01
-5.855013989372592e-01 6.014436183472801e-01
6.947396937547550e-01 6.807319441534896e-01
1.310335646238093e-01 4.992929630696891e-01
-1.070144760346819e-01 -3.385774196920516e-01
