
3.941830393479218e-01 -2.137245750259928e-01
1.277847991455254e-01 -1.007090139139397e-02
-2.183761627357822e-01 -1.785054461800072e-01
-2.273679778718572e-01 -8.115883391157017e-02
1.747068113613191e-01 -1.242557714896005e-01
-1.668150614760647e-01 2.948834089375630e-01
-2.126611061189138e-03 -4.306557132147805e-01
-3.886113423178625e-02 5.008028898591970e-01
-2.216313267002508e-01 -1.080720021160740e+00
2.647925642904951e+00 5.085583964589667e+00
-4.007661522069745e+00 2.276056550407065e+00
8.477481114938209e+00 1.175283063440827e+00
4.211647842474153e-01 -4.568801104294632e+00
7.244263969022251e+00 -2.493791781811435e+00
6.982233759289934e+00 -6.275269576803501e+00
-9.044788874195309e-02 9.248885943011587e-02
-5.885492248946118e-02 9.531075288081933e-03
-1.085484390149759e-01 -6.058578298787047e-02
-1.702498990844898e-01 -8.516585013959292e-01
4.457490346936019e-01 -7.843214342491235e-01
1.990993992999943e-01 -2.972865119353205e-01
6.128197968183834e-01 -7.753015776505934e-01
-9.506707427641847e-02 -1.826430275983710e-01
-6.376425980850391e-02 -5.329985481500436e-02
1.217040133999254e-01 3.445880911184728e-01
7.769387675851008e-02 5.901213788991803e-01
1.000000000000000e+00 0.000000000000000e+00
4.347618092939882e-01 1.275287013833428e-01
-3.124247119599909e-01 -9.824277062457654e-02
