
-1.195292732541120e-01 -1.017756764745182e-03
1.159790985890727e-01 1.937119505629938e-02
-9.076223001433084e-02 1.956204646746957e-02
1.609339553175654e-01 -3.844782954588950e-02
1.733426685337650e-01 9.844463982172993e-03
-4.140468206345357e-02 3.946558631063468e-02
1.731146489575898e+00 2.833451375798204e-01
-8.193810028117678e-01 4.995710834661504e-02
5.580465808643074e-01 -5.547746024336187e-02
-2.335603124463272e+01 1.194569590394856e-02
-3.813609128840446e+00 -1.644367054127507e+00
2.562167387805220e+01 2.853267249959838e+00
-6.093058525463716e+00 -2.285720147487440e+00
8.634297624515074e+00 1.806661072819835e+00
-1.914419086856130e+01 -2.780404324222942e+00
-1.299696918291244e-01 7.456400367605856e-02
-2.730966396010219e-01 1.861263933356030e-01
2.647046015442169e-01 7.228959667075728e-02
1.575152641418069e-01 -2.529986319672257e-01
6.618663511558776e-01 -2.090965339544905e-01
1.838889814852675e-01 -1.873430260841007e-01
1.000000000000000e+00 0.000000000000000e+00
4.277967402554102e-01 -3.817661265929874e-01
-2.162312558298812e-01 6.872591865932749e-01
-3.431194159091137e-01 -1.778029560549560e-01
-3.219185536918260e-01 1.348951524624308e-01
-2.798309933409451e-01 2.947474794612374e-01
-6.313101930244576e-02 -7.148474958646922e-02
-1.380321085557468e-01 -1.495889341852995e-01
