
-4.198348627659153e+00 -3.237568692289147e+00
-2.179267965211098e+00 1.913854533691675e+00
1.495633081611834e+00 -6.449800972256887e-01
3.210713577263713e+00 1.301781125541848e+00
-2.043950064267114e+00 -1.786332221521281e+00
9.876350503954406e-01 1.935787566747299e+00
9.503117631761928e+00 5.269106391604255e+00
4.824918682528066e+00 -1.149978958020178e+01
5.243469526005697e-01 9.346933255479816e-01
9.263264976166087e+01 -6.281661384873124e+01
-1.266265097377734e+02 -7.022938087739306e+01
7.205274085255836e+01 1.149661557403882e+02
7.282455030630024e+00 3.632712951054113e+01
1.161213677903220e+02 -8.347133974020873e+01
6.435532556400574e+00 -1.023782369749653e+02
-4.860516890991946e-03 2.362216740618346e-02
6.799163974481220e-02 1.310436314032145e-02
1.490996697459661e-01 6.080022106946827e-01
2.070131979076761e-01 -6.558230532469174e-01
1.000000000000000e+00 0.000000000000000e+00
4.653144661472741e-01 -1.276144520989674e-01
8.310771933844311e-01 4.312325249665475e-01
5.661170096203429e-01 -4.062125250798638e-01
-2.772063234112642e-01 4.207534685954198e-01
-9.288326011775871e-02 2.017098477309844e-02
-1.110064083456405e-01 -3.684356932334115e-02
2.593948235639534e-01 2.486572601799456e-01
1.675477371793380e-01 -1.302306373034283e-01
-1.324357698829450e-01 -2.086436955014073e-01
