
-0.359844171263996072532e-1 -0.760839620091064319730e-2
0.560764482109043009382e-1 0.523224899354809598742e-3
0.737112309702050006019e-1 0.381376096682468153538e-2
-0.839702278774622311292e-1 0.161235785143280058367e-1
-0.111319383568065170229e0 0.165219364867853279612e-1
-0.147305662719965309280e0 0.155213244574112856452e-1
0.988134594171285506991e0 0.318650506391842782371e0
-0.691396138351260645082e0 0.898080040132417186012e-1
-0.139132511987213274408e1 -0.243815318206085260787e-1
0.218036220794379836802e2 0.103468256615503891461e1
-0.192814043291810343454e2 0.475285943462016016378e-1
0.252862401909985965772e2 0.154807677458714741583e1
-0.235385746237435765880e2 -0.786356006981103958405e1
0.862693161429128078585e1 0.373599998244289281386e1
0.565675451420873762372e1 0.169654332428291250261e0
0.386829937137518419427e0 -0.247641498964445395462e0
0.143843797415489210766e0 -0.597942635966573779542e-1
0.611053986495603744067e-3 -0.575211823755916861682e0
0.100000000000000000000e1 0.000000000000000000000e0
0.641983177344197303814e0 0.295157162591618098572e0
0.423712385167537069748e0 0.212288870901676702499e0
0.400865843457823884397e0 0.240252870430549518148e0
0.146457812894488975555e0 -0.289785174179951731064e-1
-0.120638944278352990760e0 -0.251204306333986254274e0
-0.162169552798843838887e0 -0.137511107689668018878e0
-0.438181017194674812310e0 0.348578598539699024565e0
-0.422571300115458553835e0 0.600931100033166625310e0
-0.248696719602229758122e0 0.501056501737920868128e0
0.110648852262383601344e0 -0.284026049616511832251e0
