
-1.755949151859421e-02 -3.091151261583248e-03
2.059035742626787e-02 5.501290099382828e-02
-8.712458416962977e-03 -2.460002965926263e-02
1.863286952865257e-02 1.841691091178962e-02
5.797192074263151e-04 1.388378240975919e-02
-1.073378010058364e-03 -1.532575965020638e-02
-9.071846788120527e-01 9.497888390022061e-01
4.813876632572954e-01 -1.362705471364874e-01
-4.053569944931656e-01 3.475899636498260e+00
1.671733032475034e+01 1.569601408010828e+01
3.980982264675903e+00 -1.138343718576717e+01
-6.452171661196155e+00 -2.111342826709395e+01
-1.354206786973682e+01 4.397051566594350e+00
1.202209115635853e+01 2.750457229538934e+01
3.031204265810041e+01 5.680703887100856e+01
4.677353116178388e-03 1.026529842378200e-02
7.998592186538055e-03 3.002807928326163e-02
-9.572235981387164e-01 -5.057000645980964e-02
1.000000000000000e+00 0.000000000000000e+00
-7.824729374769468e-03 9.910341890125699e-01
4.045209383264657e-01 5.162892282834919e-01
-5.925533562474135e-01 7.644448645437566e-01
3.612022132120036e-01 7.591890493205612e-01
-6.247482216487048e-01 -4.726457548070189e-01
-3.288759863163228e-01 -1.421943341553304e-01
4.728738120299551e-01 1.348235867798018e-01
-4.558497337544719e-01 3.457837347164313e-01
3.203504635940577e-01 3.654723175668263e-01
2.163099261654267e-01 -1.734544657187340e-01
