
0.552018578454252614512e1 -0.137196507212676934914e1
-0.285023615427990728978e-1 -0.697040579812962414171e0
-0.213247885969486818819e0 -0.996165010663554043057e0
0.695578495863741019930e1 0.256518913975193636311e1
-0.226685623609889508713e1 -0.699922940406267895890e0
-0.701039031342665161593e1 -0.257724047335813575763e1
0.520458514312809484258e1 -0.138384336760794799445e1
0.206299066615477167605e2 -0.936988090896366003805e0
0.558046580864307342784e0 -0.554774602433615135775e-1
0.274768548369165356311e0 -0.418715956036497780101e1
0.285888902014766066125e1 0.146583307580168433750e2
-0.236478604034694846296e2 -0.109931177768923643975e2
0.593750813894737003301e2 -0.699674338404893877584e1
0.190232230374004634241e3 -0.140802882319058903279e2
-0.596498499378428656860e2 0.111839029444139165751e2
-0.129969691829123981615e0 0.745640036760578338835e-1
-0.273096639601022220760e0 0.186126393335603139087e0
0.264704601544215549285e0 0.722895966707575249403e-1
0.157515264141807047516e0 -0.252998631967226719536e0
0.661866351155878127846e0 -0.209096533954490454617e0
0.183888981485267779674e0 -0.187343026084101070056e0
0.100000000000000000000e1 0.000000000000000000000e0
0.427796740255411351184e0 -0.381766126592986916968e0
-0.216231255829882612287e0 0.687259186593274930212e0
-0.343119415909112522573e0 -0.177802956054955825683e0
-0.321918553691826261507e0 0.134895152462431005538e0
-0.279830993340944152669e0 0.294747479461237389507e0
-0.631310193024450526828e-1 -0.714847495864692082502e-1
-0.138032108555747132786e0 -0.149588934185299849176e0
