
2.698492431297351e-01 6.983394729955944e-02
7.780852117387217e-02 -2.787901704277631e-02
5.392161589142652e-01 1.672881226809462e-01
-5.105381524861542e-01 -2.943179552123239e-01
4.634521510891916e-01 1.097158391138660e-01
8.995082801448646e-01 2.987516223903289e-01
4.069752453020971e-01 -1.665334536937735e-16
-1.615091731130500e+00 0.000000000000000e+00
9.476614412209147e-01 0.000000000000000e+00
-2.799823962487164e+01 -3.552713678800501e-15
7.473362530113024e+00 2.220446049250313e-15
1.293324090864471e+01 4.440892098500626e-16
-1.994809254253370e+00 -2.220446049250313e-16
-3.452174111465535e+00 -4.440892098500626e-16
-5.974258476324048e+00 2.220446049250313e-16
-3.399721131579736e-02 1.865875494527857e-02
2.573300083954212e-03 1.276070925790564e-01
2.923761234312919e-01 6.401810197586837e-01
1.200718333836192e-01 -4.067280710541507e-01
1.000000000000000e+00 0.000000000000000e+00
3.656679144035330e-01 -5.692223074166626e-02
8.863174107367164e-01 4.125883385815615e-01
7.204893863135853e-01 -5.240515826356801e-01
-3.428999319239321e-01 6.751904803637357e-01
-3.174512858448969e-03 -3.391829569176942e-01
-2.444598467411432e-01 7.928442145195541e-02
8.762272224277605e-03 -7.340355997597875e-02
3.635848209017374e-02 -2.628398781490138e-01
-1.533330905907483e-01 -1.633884542849200e-01
