
5.300045058117354e-01 1.602930963650860e-01
3.069775006980396e-01 -1.861309445575786e-01
-3.404608449932129e-01 -3.349297018621964e-01
-4.056388640124556e-01 2.992779179389236e-01
5.599657807266156e-01 6.658219783142533e-01
1.354299075671890e+00 7.120958907868404e-01
-1.569965549670930e+00 -1.046599531151582e+00
1.073305144983778e+00 8.377155788865448e-01
-4.024368487825587e-01 -5.737642487821540e-02
-1.415484036932870e+01 -8.455170500726449e+00
1.722461207255736e+01 1.282820727042834e+01
-6.555750138422800e+00 -1.122757162652979e+01
1.605154867409698e+01 1.115535729012002e+01
7.195241943310114e-01 -2.660591724466525e+00
-1.896708304768282e+00 -2.700186789393571e+00
-1.253963165765988e-01 1.238562729658867e-01
-3.490980838169117e-02 -2.702596551564586e-02
1.526142120854462e-01 2.749853595464374e-01
1.944497132542987e-01 -7.870980125847163e-01
9.165063855058380e-01 -3.487081835808965e-01
4.616455934052233e-01 -1.957589514982359e-01
1.000000000000000e+00 0.000000000000000e+00
2.417327683789356e-01 -3.619816573978804e-01
-1.475844696784281e-01 2.366178921442926e-01
-2.546987860069554e-01 1.582629568350437e-01
-4.515422392748566e-02 2.446653796769984e-01
4.569229930428998e-01 3.212982661604006e-01
2.537172117409121e-01 5.343834514822565e-02
-1.917371777727111e-01 -2.060431197698364e-01
