
-2.216227462763445e-01 -3.907741803856889e-02
2.443941854711902e-02 8.942217223513518e-02
-1.701197713006324e-02 -1.085183137141340e-01
2.900645679008650e-02 -2.483657169483188e-02
-3.742593781943197e-02 2.543006776253891e-02
4.741869339372115e-02 -2.502099779898271e-02
-4.688992184108674e-01 7.126130626174660e-01
2.923451800204949e-01 -2.312307175044262e-01
-1.807376492559490e-01 1.255621937260038e+00
8.375460542366389e-01 -2.885726239851345e-01
2.714821986664836e+00 -4.558134320903287e+00
1.852983944744833e+00 -2.262549836051973e+00
4.639264218293335e-01 7.745978868775775e-01
7.493702628915711e+00 8.894325971654215e+00
1.027372373955163e+01 1.185111083682590e+01
1.540470967746919e-02 3.705576068039523e-02
5.203056081209258e-02 -3.401857489426008e-03
2.478972548674552e-02 5.678822986228507e-01
2.834093153679795e-01 -7.664099080457363e-01
1.000000000000000e+00 0.000000000000000e+00
5.480746311820794e-01 -1.563629752820224e-01
8.023518743803243e-01 4.193310806059469e-01
5.700250797641021e-01 -3.174801143845072e-01
-3.672795711704648e-01 3.610899217727153e-01
-1.729304628266032e-01 9.143645657529849e-02
1.438104977821614e-02 -3.229739297232734e-02
2.458138504396385e-01 3.240783825412885e-01
2.528566016794933e-01 -8.534723850794179e-02
-1.339842885401871e-01 -2.323368591282610e-01
