
-2.856450471956762e-02 9.773472501387303e-03
5.124899776366867e-02 8.658658942244445e-03
1.095482185920065e-01 -3.398089673522786e-03
-7.044593189646445e-02 -5.517325013101877e-02
-1.685660745742711e-01 -8.478592192427128e-02
-3.837217765326371e-01 -1.052279715658389e-01
-1.234551706375268e+00 -1.040958877631679e-01
-1.473003679814710e+00 8.211618065547095e-02
-9.428686021300118e-01 1.400386617755377e-01
1.420302955322348e+01 -3.677247979002439e+00
-1.683796033035767e+01 3.877755946324988e+00
1.163184446441247e+01 -2.348395882758805e+00
2.557165084600437e+01 -4.022943395602123e-01
-1.604493792007151e+01 1.826625858412809e-01
1.034861013473773e+01 -1.463501781720531e-01
7.223893095029293e-02 5.277647009031006e-01
1.252546388072967e-02 1.115842429436315e-01
4.286576466131984e-01 5.375427757336124e-01
-3.813501752616577e-03 -6.361336215794274e-01
9.374355849795213e-01 -2.727743836996171e-01
5.556633214819214e-01 -1.186837417115554e-01
1.000000000000000e+00 0.000000000000000e+00
4.175433544109257e-01 -3.475317820587124e-01
-2.196961449888183e-01 2.924883157803885e-01
-1.653021525487726e-01 1.580593324845667e-01
1.092388820954724e-01 6.560167265729835e-02
3.585272886224160e-01 -2.037158865836167e-01
2.404999023218032e-01 -2.788061034340978e-01
-1.693244715844161e-01 -1.358492543174112e-01
