
-0.248713472371647586705136032531e0 -0.330888016309041470246263315819e0
-0.559920884442752528793493726270e-1 -0.179564516907696198633111858104e0
0.118505422760962414430258129763e0 -0.136082563820275305361421047349e0
0.342001448144045011475245262833e-2 -0.853995814109822164551732882864e-1
0.714792955739523136104230137378e-1 -0.401740210712679636727605430878e-1
0.687799590812328678993568780250e-1 0.381747687372600489359352204155e-1
-0.315403021115116161680275051792e0 0.260410858502538820753077001906e1
0.362421855815384180479921051992e0 0.214023237921376448224274155250e1
-0.281015939870056186576130621571e1 0.180885947529242772872668164813e1
-0.169718170822473124845375142087e2 -0.331755670474474568708784352481e2
0.408618201372537430896375847251e2 0.542614429122004505816222493976e2
0.120466537650426554836034946563e2 -0.156287981532998803489228355681e2
-0.839996108913296079553344836796e2 -0.111566631073082595184753482193e3
0.367251369403077097027573558375e1 0.521985002964657492318472351306e2
-0.190229510870434857254570361844e2 0.921869161370631052235023657081e1
0.438006267187293373914871337412e-1 0.347257087312571210826549350133e-2
0.301979453518170144943776738336e-1 0.155676851809677905846932132132e-1
-0.588680730960241848836000864186e0 -0.401483768472080860170998829249e0
0.100000000000000000000000000000e1 0.000000000000000000000000000000e0
0.228723469739399680086191016974e0 0.545887786872196059083296540506e0
0.405893260135058786384494990583e0 0.504267117949357755486678939146e0
-0.151079990457468805905173379728e0 0.287020738143448580106667259324e0
0.134656420395140466031128431333e0 0.475381158233455305388059944522e0
-0.390264041130958389267516355836e0 -0.533936386510797655472158371889e0
-0.226197269993468389552361349264e0 -0.260538674665073488471433254951e0
0.149650218310371952172735795031e0 0.600907521760178206079890463360e0
-0.247536712637230968938203341464e0 0.203971651244553538247620024315e0
0.173515728120136594657844124435e0 0.511175009154658070065258425224e0
0.122053382006244669977640175108e0 -0.197141313182126853906822767278e0
