
1.836698046946195e-02 -6.924548105844200e-01
1.164599532189803e-01 -7.203083360930365e-01
-1.542873538924247e-01 -4.306407303550728e-01
-4.240706343678451e-01 2.832082182893864e-01
1.972004446990056e-03 4.832232027971502e-01
3.076324486776697e-01 5.145183562428943e-01
-4.209460640478966e-01 -2.508596862739600e-01
9.747532843271536e-02 1.911196299487006e-01
-2.119836573071754e-01 -1.619311479232375e-01
-6.260413593441298e+00 -5.148226168913652e-01
3.578928482814201e+00 2.232162062153550e+00
5.276784254275362e+00 -1.716115919723067e+00
4.872342602518890e+00 1.691644619544699e+00
3.430218231950658e+00 -1.063471049906254e+00
1.388070990922410e+00 -1.176822002653334e+00
-1.227586981215500e-01 7.482405413442247e-02
-4.209140979814201e-02 -4.417949146579765e-02
1.862131124185021e-01 1.753448178494616e-01
2.331532132606244e-01 -7.107922522365875e-01
8.774591066552269e-01 -3.399612025210046e-01
4.204104340076133e-01 -1.939430962486552e-01
1.000000000000000e+00 0.000000000000000e+00
1.831454324449912e-01 -3.717415135046399e-01
-8.522100629243186e-02 2.253048300975584e-01
-2.851248784553120e-01 1.494926705777954e-01
-1.215294970890863e-01 2.343549790351258e-01
3.773099967272851e-01 4.091685064434287e-01
1.801168463422161e-01 1.038760020717541e-01
-1.686060891574099e-01 -2.077011318408324e-01
