
1.063354401945437e-01 8.968027686310234e-02
1.360942725297548e-01 5.602813986636290e-02
-1.013646471281804e-01 3.581917762641838e-02
-9.454071944142439e-02 2.358994149484389e-02
3.589046962298306e-03 1.092259978238469e-01
-1.179472075311931e-02 -1.132702183579462e-01
-4.843565937356197e-01 8.998570548055911e-01
3.077586855869550e-01 -3.645877302630241e-01
-6.706894898019478e-01 1.089165143164967e+00
2.748152339052167e+00 5.556358059741379e+00
1.930714534350245e+00 -8.261083890862587e+00
5.110693843658447e+00 4.184728135576643e-02
-2.643852550722432e+00 -4.547467798895489e+00
5.605966564159679e+00 1.009794988840140e+01
5.768848600950482e+00 1.474724045778022e+01
4.518289640752631e-02 5.556959390266724e-02
5.215531198555573e-02 -4.115977176541209e-03
-3.986338960805874e-02 4.695613973283289e-01
3.845929490635800e-01 -7.867767846660262e-01
1.000000000000000e+00 0.000000000000000e+00
6.083775352345879e-01 -1.275429916609399e-01
7.814873684766691e-01 3.718339354513657e-01
5.469663010410282e-01 -2.562545966279499e-01
-4.077079028053097e-01 2.817843030836480e-01
-2.241032435599362e-01 8.828186225939494e-02
7.562080392700833e-02 5.223661453969337e-02
2.051026452404901e-01 3.370771706829956e-01
2.812421422273860e-01 -2.030530460625696e-02
-1.275719161577768e-01 -2.482812278305065e-01
