
1.673292119373662e-01 4.099343197155211e-01
2.495985688795830e-01 5.630388906246262e-01
1.888128699979505e-01 4.090178548230892e-01
3.703135123939922e-01 7.725081793285349e-01
2.794307673735534e-01 5.608763553706582e-01
2.106074126741528e-01 4.071044312512432e-01
-1.497290946297049e+00 -7.543740802546683e-02
-2.117865453851050e+00 -7.742480536414187e-02
-1.451790265105700e+00 -7.894140355734782e-01
3.245688406193689e+01 1.687489540575157e+01
-3.577573059076757e+01 -1.833840050921197e+01
1.739998158963413e+01 7.809898786180579e+00
4.303999352343926e+01 1.709625287976095e+01
-2.416178529243281e+01 -4.679442569102885e+00
1.619156949867011e+01 -1.537542927108465e+00
4.009878786513201e-02 -1.845240519775293e-01
4.180621435334878e-02 -5.748324555714596e-02
-7.086321663230931e-02 -3.858716465765704e-01
1.000000000000000e+00 0.000000000000000e+00
6.738742795464904e-01 4.814283894563959e-01
2.950526182925437e-01 3.567330504533424e-01
5.216131256947008e-01 4.644086887109946e-01
1.357103849638870e-01 4.593924990829222e-02
-4.472725224195660e-02 -3.004279645917227e-01
-1.468610803372126e-01 -9.504941223473783e-02
-6.017438441829730e-01 3.857078354433396e-01
-6.658454568460628e-02 7.323514677080534e-01
-1.520892588552716e-01 5.604600223650763e-01
1.168904706301973e-01 -3.085667478456772e-01
