
-1.115884959435300e-01 -2.148528039989982e-01
3.283370695154040e-02 1.046227571811394e-01
-8.827708611100078e-02 -4.953616142177816e-02
-6.397202348898619e-03 -4.925103605542606e-02
3.546780585241734e-02 2.905219203808675e-02
-4.222280183035995e-02 2.920295576295667e-03
-1.043641174193203e+00 1.041494639131074e+00
-9.616982348499142e-02 -6.626461988219234e-01
3.813434146586466e-01 5.757281477152608e-01
1.956159089828079e+00 -5.482626491901801e+00
3.267450708249153e+00 -3.734460402409658e+00
-5.752908782269369e+00 7.881120128023668e+00
1.026020771662713e+01 -9.362652941865962e+00
3.611694065850123e+00 3.419154884889269e+00
2.215166256604248e+01 -2.838711395119732e+00
-1.391070299361870e-02 2.049245742968019e-02
9.687813579588822e-02 -6.831468121620554e-03
1.911594513435907e-01 5.602026985190969e-01
2.593158474079853e-01 -6.078717210533853e-01
1.000000000000000e+00 0.000000000000000e+00
4.796656275299248e-01 -8.463458592879065e-02
8.257743043556103e-01 4.375875520654472e-01
5.075483470630671e-01 -4.310600928301321e-01
-2.178201966160761e-01 3.821805205183932e-01
-1.407797353175678e-01 -3.320331951623542e-02
-1.078283099340883e-01 1.178053757960400e-02
2.037829962763751e-01 2.473418567956949e-01
1.273359526045037e-01 -9.023282522213054e-02
-1.151376889203816e-01 -2.029859697961701e-01
