
1.097813314242410e+00 1.733822795030128e-01
1.337402976627518e+00 -8.840393165527919e-01
6.867320948697560e-02 -1.185799061010615e-01
-1.440750079627544e+00 1.691448357402639e-01
8.524357001845760e-01 6.522588851072982e-01
3.429367653851341e-01 -3.425271152432768e-01
-5.965294317027579e-01 -7.028383724213726e-01
-8.665662008929377e-01 4.731567618135258e-01
4.759338801441333e-01 4.938449700390036e-01
-1.405554990431627e+01 -2.075139217248189e+00
6.465128181116569e+00 8.741501172477120e+00
3.191342469103859e+00 -1.284277176192861e+01
7.852438178967899e+00 4.782197201535014e+00
-3.380330791400892e+00 2.101179286913875e+00
5.669106594613540e+00 1.054403346448145e+01
-9.931896084764998e-03 1.639882663304091e-02
1.170330555270451e-01 4.237555592349890e-03
2.120091411522453e-01 5.756353309776958e-01
2.494529106123870e-01 -5.847813293697907e-01
1.000000000000000e+00 0.000000000000000e+00
4.681734791893228e-01 -7.266856499304658e-02
8.141859307378558e-01 4.352778945905918e-01
5.099634369334998e-01 -4.628821339016961e-01
-1.890010288869158e-01 4.031300225791956e-01
-1.306300599497051e-01 -5.762105624707246e-02
-1.164294817268072e-01 1.904157379620243e-02
1.948545421430267e-01 2.289960646650823e-01
1.066907074252032e-01 -1.016099614454462e-01
-1.150332777193129e-01 -1.937951997886806e-01
