
-5.925544740764229e-02 -1.631698442072075e-01
9.332282534350653e-02 -4.626831554221243e-02
-2.389964788757561e-02 -4.445851248511673e-02
1.169687255012865e-01 3.057138091914650e-02
1.030457043004323e-01 6.645654725632179e-02
-5.771327809364422e-02 1.325984632880609e-01
-8.669085393560463e-02 5.202284900932208e-01
1.011922751726761e-01 1.308168446572007e-03
-5.709775768433015e-01 3.533094959186889e-01
-3.973008220212234e+00 -1.034589123906750e+00
1.804830532880269e+00 -1.468881579561556e+00
1.010028499741326e+01 1.671567697486980e+00
-3.448175140403804e+00 -4.548113430835562e+00
4.915211899577536e+00 5.156363834443097e+00
-2.348587816452126e+00 9.976299271308140e-01
-4.899356391595887e-02 1.533062667140001e-01
1.731483767433727e-02 1.782137988079974e-03
8.489936107287760e-02 4.194049064631082e-01
3.883454476934009e-01 -6.787142049384541e-01
1.000000000000000e+00 0.000000000000000e+00
5.610076996767943e-01 -3.710779353236116e-02
8.901827183583015e-01 3.465842544227407e-01
4.521431085587128e-01 -2.606169876664034e-01
-2.968112454567861e-01 2.154861380447998e-01
-2.434410883653861e-01 5.702982840051116e-02
-2.675541018339645e-02 1.396850046393896e-01
2.672670153614427e-01 2.870893779100465e-01
2.375593402331034e-01 1.490958908210863e-02
-1.132629267009682e-01 -2.401830148677609e-01
