
0.129322322019663395258e0 -0.272519654109936564293e-2
0.198435544605654436913e0 -0.425221760657101726372e-2
0.135612445260792918131e0 -0.255692583868395422061e-2
0.366787630008069744954e0 0.330619337605697260625e-1
0.190708060742963643913e0 -0.294555006113483290974e-2
0.913613454204371615067e-1 -0.205907504979949100729e-1
-0.549798435106920689586e0 0.931589527474445811735e-1
-0.182817556783455777993e1 0.457978425665757519288e-1
0.558046580864308095003e0 -0.554774602433615975354e-1
-0.125217643114915618083e2 0.854647037463217907759e0
0.402979618922320407095e1 -0.139198158824583649042e1
0.604799512480566206279e1 0.121057666470321237569e1
0.252752218423879547438e1 0.162880995544944580782e0
-0.900498037190500582108e1 0.647702401891792573527e0
0.999424212725276633115e1 -0.101752803300816248636e1
-0.129969691829125164737e0 0.745640036760585170393e-1
-0.273096639601021899213e0 0.186126393335603251898e0
0.264704601544217446883e0 0.722895966707585148169e-1
0.157515264141805761571e0 -0.252998631967225377754e0
0.661866351155877414008e0 -0.209096533954491110464e0
0.183888981485267105260e0 -0.187343026084100667695e0
0.100000000000000000000e1 0.000000000000000000000e0
0.427796740255410395595e0 -0.381766126592988468786e0
-0.216231255829880688262e0 0.687259186593276069871e0
-0.343119415909113607995e0 -0.177802956054957204938e0
-0.321918553691825729815e0 0.134895152462430949783e0
-0.279830993340945194506e0 0.294747479461236112425e0
-0.631310193024459524622e-1 -0.714847495864700326098e-1
-0.138032108555747059969e0 -0.149588934185299046649e0
