
1.029739437851004e-01 -8.650919006918143e-01
4.203811484622447e-01 -1.045023825126866e+00
2.593985060002679e-01 -5.266774235016923e-01
2.302560811281369e-01 1.600672457503619e-01
-1.336926851737835e-01 5.716157853930125e-01
-3.332300249132373e-01 7.050246549414523e-01
-8.790827980092564e-01 -1.636457134202540e-02
-1.557386474805735e+00 -2.115078093289358e-01
-5.631502122024391e-02 -8.772512944537261e-02
8.176193165014523e-01 2.590670646337199e+00
-4.606920466511270e+00 -2.788269177831616e+00
6.792603914203605e+00 1.448927214263545e+00
1.119067522754113e+01 1.104742014240581e+00
-1.038506549630070e+01 -1.858197345029009e+00
1.303295689087515e+01 8.974412909841902e-01
-1.016086448579453e-01 5.819984115922126e-02
-4.139925204288399e-02 -5.952462703422143e-02
2.676439557316231e-01 1.604510295229234e-01
1.874613028915723e-01 -6.520376143415271e-01
8.481574618076435e-01 -3.685068017688410e-01
3.986301421341072e-01 -2.220891285858508e-01
1.000000000000000e+00 0.000000000000000e+00
1.617128110838026e-01 -4.120962369828365e-01
-5.696580640787879e-02 2.642840694181289e-01
-2.943404492502344e-01 1.161693372928074e-01
-1.392301562403655e-01 1.813469437366410e-01
2.847680355459059e-01 3.775930537573486e-01
1.205638572488991e-01 7.143022139698320e-02
-1.596695169197175e-01 -1.897866167229951e-01
