
-1.864008904337117e-01 -1.171809486884370e-02
1.130026267600839e-01 -6.976885121599657e-02
-6.699911563045011e-02 1.277609638424432e-01
-3.692811817795597e-02 8.691403813213393e-02
-1.359492909801911e-02 -1.016758510574527e-01
6.898784022982078e-02 8.750675538358660e-02
-1.394119956445506e-01 -2.692271020700094e-01
6.534360988239754e-02 3.817657504073523e-01
3.582273677984504e-02 -9.075989369807922e-01
-2.864930820270357e+00 4.148789857609578e+00
-1.988136910310469e-01 1.206373076390397e+00
5.693644957170394e+00 2.057539162799563e+00
4.233638863428459e+00 -4.397871707355624e+00
6.947446519177774e+00 -1.899637155803256e+00
5.819131652458833e+00 -6.062278320601177e+00
-5.415588238321515e-02 1.101155493953095e-01
-5.499079568537921e-02 2.308920470866251e-02
-1.012147056825019e-01 -1.096639341485283e-01
-2.587133427920212e-01 -7.495641645748095e-01
2.760285519632422e-01 -7.714682739188630e-01
9.879755290833739e-02 -3.085402535940362e-01
4.776339577608208e-01 -8.388216548074670e-01
-1.722483828033511e-01 -1.322895800409471e-01
1.894594975068743e-02 -9.579332755831148e-02
1.664045012190776e-01 4.315122892670838e-01
6.899635443202431e-02 4.965293479139643e-01
1.000000000000000e+00 0.000000000000000e+00
3.940508368881131e-01 1.057730538734329e-01
-2.873178083994120e-01 -5.938963253924157e-02
