
9.357767240786224e-01 -8.233063542073119e-01
-9.607309563918714e-01 -7.699134814980025e-01
-3.404466986776816e-01 -1.014529154256296e+00
-2.620944422649937e+00 7.425724053279044e-01
2.426603350110568e-01 -1.577254658470310e-01
7.627958549724818e-01 2.072940919672247e-01
-6.870183763769997e-01 9.400115308519998e-01
7.752784799660001e-01 8.691393860050000e-01
7.081282941542133e-01 -4.817819459919648e-01
-4.069490301410302e+00 -5.808809416457520e+00
2.602138663017355e+00 -1.855053517908970e+00
-5.765070068322808e+00 1.040487675284642e+01
2.155500048536996e+01 -3.865721543413891e+00
1.070389040280125e+01 7.695846623923840e+00
1.407942575178266e+01 -2.061481774569357e+01
1.265789705569569e-01 -4.293636534245702e-01
-1.505597075919429e-02 3.858518328333840e-01
-8.874845513883765e-01 1.773794536556165e-01
6.409719614415599e-02 -9.533854013275985e-01
6.650427592865944e-01 -3.905473070191726e-01
1.042411856182159e-01 -2.117972295620107e-01
2.669551379483143e-01 -6.462553524957977e-01
7.904037877752330e-01 -1.841752958498394e-01
-6.773325992875033e-01 4.662026992049385e-01
7.354811233003790e-01 -5.265163335665163e-02
-1.737061402012815e-01 8.943600451815910e-01
1.000000000000000e+00 0.000000000000000e+00
5.534402558134190e-01 6.812245637537062e-02
-4.390107716874308e-01 -2.071097361044938e-01
