
4.585221859845152e-01 -2.031096051830141e+00
-3.074722386562570e-02 4.870003490652512e-01
1.478705373618115e+00 3.801364223561035e-01
5.842792638689056e-01 -2.537027119021483e-01
-2.140006903927730e-01 -9.039260062903209e-01
1.079404687621273e+00 3.742665210433568e-01
-1.413166893799603e+00 7.407696467719143e-01
8.908682318888688e-01 -9.704143734731467e-01
2.519866112806327e-01 6.513661592385868e-01
4.139774451228218e+00 6.180583382413184e+00
5.674103550171422e+00 -1.018159261816344e+01
-1.179459975002039e+01 4.721397446538313e+00
1.779366504569774e+01 -5.278015867219134e+00
8.156774841433066e+00 2.146404519509416e+00
2.285023911582170e+01 1.062096893175425e+01
1.265789705569569e-01 -4.293636534245703e-01
-1.505597075919418e-02 3.858518328333841e-01
-8.874845513883767e-01 1.773794536556165e-01
6.409719614415593e-02 -9.533854013275989e-01
6.650427592865946e-01 -3.905473070191726e-01
1.042411856182160e-01 -2.117972295620108e-01
2.669551379483144e-01 -6.462553524957979e-01
7.904037877752332e-01 -1.841752958498394e-01
-6.773325992875034e-01 4.662026992049384e-01
7.354811233003794e-01 -5.265163335665141e-02
-1.737061402012817e-01 8.943600451815914e-01
1.000000000000000e+00 0.000000000000000e+00
5.534402558134192e-01 6.812245637537065e-02
-4.390107716874310e-01 -2.071097361044939e-01
