
4.947348101486290e-02 -8.507464057572678e-01
2.804354904025212e-01 -4.992407231066213e-01
5.414584107010993e-02 -9.272629397928270e-02
-2.308422541687593e+00 -1.354986224515689e+00
4.634714543101565e-01 9.243328594421553e-01
1.536166213590991e+00 -2.454775626335700e-01
-6.870183763770001e-01 9.400115308520001e-01
7.752784799660000e-01 8.691393860050001e-01
6.637585391479999e-01 7.137868545539999e-01
-8.245499007073279e+00 9.303281992132004e-01
1.195439348065685e+01 -6.761510255574685e+00
-8.153644114756212e+00 8.749530785774100e-01
4.825275225971665e+00 5.821692280861304e+00
1.242095184263393e+01 1.485525417911525e+01
1.522442405553878e+01 4.941969744836792e-01
1.265789705569569e-01 -4.293636534245703e-01
-1.505597075919423e-02 3.858518328333841e-01
-8.874845513883767e-01 1.773794536556163e-01
6.409719614415604e-02 -9.533854013275987e-01
6.650427592865945e-01 -3.905473070191726e-01
1.042411856182159e-01 -2.117972295620107e-01
2.669551379483144e-01 -6.462553524957979e-01
7.904037877752333e-01 -1.841752958498394e-01
-6.773325992875033e-01 4.662026992049383e-01
7.354811233003794e-01 -5.265163335665136e-02
-1.737061402012816e-01 8.943600451815913e-01
1.000000000000000e+00 0.000000000000000e+00
5.534402558134189e-01 6.812245637537055e-02
-4.390107716874308e-01 -2.071097361044939e-01
