
1.215016631604168e+00 -8.905358097377502e-01
-9.410146053401494e-01 -2.977463304635127e-01
3.422947648480546e-01 9.019869581477767e-02
-9.899235924079774e-01 6.456862320329226e-01
8.366669497822073e-02 -3.549028265677494e-01
4.716490121770959e-01 1.765749394484105e-01
-2.648944310716649e+00 4.934199309301743e-01
1.899878455820952e+00 1.470009391470854e+00
8.830069020334990e-01 2.100857111472005e-01
1.402867164405743e+01 1.071394265710129e+01
1.336140351344906e+01 -8.059985449504849e+00
-3.469793565781994e+01 -2.924761860821198e+00
2.649960652263734e+01 8.085346713879009e+00
1.510861030336703e+01 1.650854890887117e+01
5.006480307344378e+01 5.125672502335090e+00
1.265789705569569e-01 -4.293636534245705e-01
-1.505597075919413e-02 3.858518328333841e-01
-8.874845513883769e-01 1.773794536556166e-01
6.409719614415604e-02 -9.533854013275991e-01
6.650427592865946e-01 -3.905473070191728e-01
1.042411856182159e-01 -2.117972295620108e-01
2.669551379483144e-01 -6.462553524957980e-01
7.904037877752335e-01 -1.841752958498395e-01
-6.773325992875036e-01 4.662026992049386e-01
7.354811233003795e-01 -5.265163335665152e-02
-1.737061402012816e-01 8.943600451815911e-01
1.000000000000000e+00 0.000000000000000e+00
5.534402558134193e-01 6.812245637537065e-02
-4.390107716874310e-01 -2.071097361044939e-01
