
-4.504510640937959e-02 1.493883901587209e-01
1.386865276747821e-01 -2.242316004213198e-01
-8.049882222170145e-02 -2.813479888708883e-01
-3.241962710602347e-01 3.055747046202827e-01
8.714346979886933e-03 4.944070499066653e-01
4.124084806085732e-01 3.621409033994499e-01
-3.656045897847214e-01 -1.049900252171375e+00
-6.124911580412323e-02 7.174852495442188e-01
-4.065384964379429e-01 -1.784609775527302e-01
-2.266162484339154e+00 -5.721340465475721e+00
5.200468126744333e-01 1.069071844571814e+01
7.442988912402887e+00 -1.004787677864052e+01
3.006205061637159e+00 1.085883701894393e+01
2.563622294675162e+00 -3.643001648808087e+00
2.253673989726037e+00 -1.858949102263087e+00
-2.311137774066856e-01 5.344203883884309e-01
3.726183100689260e-01 7.192360981647614e-02
-3.147020844519546e-01 4.846434081589847e-01
1.769035129179834e-01 -1.681417767303124e-01
-4.499537605966095e-02 4.457501937875052e-01
1.139638883351809e-01 5.577974295686067e-01
-4.354740781910308e-01 1.845385754376016e-01
-2.398141466230165e-01 2.632932887017439e-01
4.418483475172699e-01 -6.950763858157054e-01
1.098261939655890e-02 4.469727505577522e-01
4.362123463295543e-01 1.897118718645120e-01
1.000000000000000e+00 0.000000000000000e+00
3.876403228828362e-01 1.375547651564046e-01
8.490788725025296e-02 4.441788024788903e-02
