
0.833200542897181031953e-1 -0.129056972825220048902e-1
0.140658357172278388006e0 -0.926804260007515531416e-2
0.106628979688020533687e0 -0.332626694601274487000e-2
0.235618198744293987681e0 0.520357143648598705223e-2
0.178072412340622243074e0 0.101060841224954539125e-1
0.134419548009716390181e0 0.123070622428377221812e-1
-0.924296320265401145965e0 0.147264478147250579181e1
-0.195185004368548616939e1 0.375469122170076776812e0
0.989956011249978204023e0 -0.159416425151618443550e0
-0.210721489721441799115e2 -0.635565145578840699553e1
0.137149645912578223086e2 -0.986883481281025486294e1
-0.517240262663311992260e0 0.166101836730885737761e2
0.796542082329906531808e0 0.151510205225057238134e1
-0.109263954607916740974e2 0.710125472572199216946e1
0.129060967565648586526e2 -0.229564679128746756687e2
-0.612201437555265761108e0 0.177948507876003376380e0
0.193260499646913371403e0 0.184181733491197895371e0
-0.178828840978957362418e0 0.105969551781791805167e0
-0.729953890828050739291e-2 0.337305669328595999882e0
-0.625549633851598929938e0 0.155490213684290402477e0
-0.426803801894213670194e0 0.374492616258463954863e0
-0.535890079821282196571e0 -0.846793274292496681011e-1
-0.578283431444953186331e0 -0.154816143722242830879e0
0.100000000000000000000e1 0.000000000000000000000e0
-0.557233062968124430252e0 0.776256207658274745905e-1
0.285394226618221305406e0 0.155320119508095662661e0
0.131459405206138848788e0 0.526568318203054785824e0
-0.866469578732268230791e-1 0.211236202891417889754e0
0.101264369000834859760e0 0.231599671704032351267e0
