
2.206470898769764e-01 -6.942850585750985e-01
3.011787807727149e-01 -7.373739357768295e-01
-5.490488896179138e-02 -4.110787363000835e-01
-3.831290063802438e-01 3.516381215601132e-01
-7.398036561068728e-02 4.629775060603322e-01
1.624819165032672e-01 3.426469370149851e-01
-5.366503541533880e-01 -1.936623604401355e-01
1.555670896807306e-01 1.158883107056697e-01
-2.345482351993897e-01 -1.121131247708642e-01
-6.825745353407184e+00 -4.511086215145736e-01
4.649163752698636e+00 1.584332400862948e+00
4.274583882774762e+00 -1.251586291376021e+00
6.034514293542033e+00 1.500959636956273e+00
2.865941693029209e+00 -1.043982940505272e+00
1.217502312244915e+00 -8.173332993271830e-01
-1.948375441712391e-01 5.846638928258439e-01
3.698977015884561e-01 4.197595191681155e-02
-2.800994911679400e-01 4.662601724837898e-01
2.200185637452508e-01 -1.474532600033912e-01
-2.692311094951516e-02 5.093658020228831e-01
1.528374676581183e-01 5.831242986278592e-01
-4.174222565384478e-01 2.475884664420107e-01
-2.519570640980130e-01 3.299039054165147e-01
4.212219338304614e-01 -7.900857212636614e-01
1.170656883590609e-02 5.000199094379395e-01
4.213759047020622e-01 1.355268583620081e-01
1.000000000000000e+00 0.000000000000000e+00
3.855567622276357e-01 1.481882615035528e-01
1.150797615096496e-01 2.661261845659730e-02
