
-2.034584093652357e-02 2.010591384658454e-01
1.280586442979630e-01 -4.933026194312351e-01
-2.757229658455840e-01 -5.884114212310743e-01
-5.089537191084313e-01 1.180267413767068e+00
4.608629679630436e-01 1.572656494887682e+00
1.732096643879228e+00 1.168630710995255e+00
-2.001871440519390e-01 -1.479770509611699e+00
2.481926214310090e-01 1.152518841187499e+00
-4.397733658485250e-01 -1.272341758209603e-01
-4.446415466496044e+00 -1.092836793648937e+01
2.654834462357540e+00 1.756954968363290e+01
7.749679021434498e+00 -1.556398953629088e+01
-2.450526408603935e-01 1.519515049686472e+01
5.657936904374482e+00 -3.939199417282204e+00
-8.351447098313061e-01 -3.370443594083933e+00
-2.481430346739303e-01 5.433455458192041e-01
3.819352023050039e-01 7.240853324853901e-02
-3.105822497205358e-01 4.960804144486919e-01
1.686490736741472e-01 -1.558133055155069e-01
-6.532857988663028e-02 4.484953153233345e-01
1.044720201165889e-01 5.686188334002376e-01
-4.556326486556768e-01 1.873023618405986e-01
-2.597348999262077e-01 2.566272624816589e-01
4.719351926572224e-01 -6.972217053158224e-01
-5.340104101024770e-03 4.448561713040804e-01
4.535067399001302e-01 1.875446682888285e-01
1.000000000000000e+00 0.000000000000000e+00
3.844666382373504e-01 1.364460609262639e-01
8.904558098047896e-02 5.446872747448689e-02
