
-3.166936484583528e-01 -1.522365946949486e-01
2.148363741208192e-01 -2.501951806899220e-01
2.423144173638501e-02 -3.678726215252598e-02
2.446189873783592e-01 1.790717296547943e-01
9.863080265875214e-02 -2.052333563333923e-02
7.207466107999344e-02 -2.683513495984549e-02
-8.769026179757978e-01 1.529403758921164e+00
-2.160346063765843e+00 6.584030260549071e-01
3.277341838380908e-01 -2.068827477906362e-01
-6.256055586632401e+00 -1.515992663944579e+00
-1.289383728173883e+00 -8.612294044578704e+00
6.704178456170425e+00 1.410394635783710e+01
9.664940662031063e+00 -6.889415635268744e+00
-1.433009874634548e+01 1.204592487600682e+01
1.306445048349872e+01 -1.702047486971686e+01
-6.234009764249484e-01 1.310646448828608e-01
1.170420690172184e-01 2.619479142132168e-01
-3.282172665299588e-01 -7.805509706470576e-02
1.682871544042983e-01 3.273238598378968e-01
-6.019557605252849e-01 2.248748730612324e-01
-4.804762208026867e-01 3.914263431783964e-01
-4.470949492399718e-01 -1.505644121413660e-01
-5.480051279575265e-01 -8.470074456932722e-02
1.000000000000000e+00 0.000000000000000e+00
-5.828257936660635e-01 1.848359685676231e-01
1.025538544366736e-01 2.445394818870797e-01
1.729426614493386e-01 8.429816987450887e-01
-9.460695596566622e-02 3.614720692822919e-01
1.017446550116364e-01 1.662382956392698e-01
