
0.792704376498342432370e-1 0.318911048979597697191e-2
0.141503225977425751056e0 0.353549166160099669249e-2
0.996410414547870826183e-1 0.473250517654289410663e-3
0.252534452547767449996e0 0.246254070493452359008e-2
0.177770108141451836563e0 -0.186301444604387727398e-2
0.125088982554343640770e0 -0.384269655317614138505e-2
0.124946045716912750554e1 -0.775631130981049690231e0
-0.140195172510821570251e1 -0.197116442773179826521e0
0.938927426122107467452e0 0.185170460048157073266e-1
-0.333149183589625382806e2 0.449809009789405979700e1
0.359726844297927477812e1 0.369794601308923269792e1
0.216326400752894599817e2 -0.799417252624425166271e1
-0.259162340570782077811e1 0.824554963342849520178e0
0.946546303474776768360e0 -0.414058662235373010820e1
-0.189019500777526969198e2 0.116038318561730716500e2
-0.621375071986880121689e0 0.175805664629624744906e0
0.200186435478818742877e0 0.204303967070827419128e0
-0.224056773182205428297e0 0.115985084071322963023e0
0.631190964596969495836e-2 0.305744369833719001627e0
-0.611359447657856558639e0 0.157434644370066343966e0
-0.428538143672203097390e0 0.385354213657376369753e0
-0.539639583471422444095e0 -0.105960598302567802441e0
-0.563380939050140737336e0 -0.153976083572432963958e0
0.100000000000000000000e1 0.000000000000000000000e0
-0.540733496316231978976e0 0.914747539612805753324e-1
0.284997223974003340783e0 0.195078950720045781302e0
0.190388801841253916142e0 0.546990144708096803056e0
-0.610854842530512512546e-1 0.225766378054481185481e0
0.898827746528144442233e-1 0.225799514837703189297e0
