
1.230494444453489e-01 7.467866443555950e-02
1.593376937719982e-01 4.765762226267560e-02
-1.100695371924864e-01 4.020821120154233e-02
-1.485676662501170e-01 2.863395794492589e-02
-5.359553027021864e-02 1.141228679625738e-01
2.551822180476818e-02 -1.033126223804854e-01
-9.412804337752709e-01 9.524717740746576e-01
4.304786503748441e-01 -2.906514558814112e-01
-8.714976021985631e-01 8.537468296547515e-01
-3.122581060521799e+00 1.050552023704495e+01
7.001812292776844e+00 -9.222027339716561e+00
3.320240184236033e+00 5.204193894647819e-01
3.176420976927866e+00 -1.074382830307936e+01
7.307311193578925e-01 1.184436999297906e+01
-3.303389903522165e-01 1.728433031984636e+01
-6.963521019669596e-01 1.763990942749757e-01
2.914274308597166e-01 3.470042363845249e-01
-5.551893347969468e-01 2.781170771113401e-01
5.253554578500720e-02 3.611296469233898e-02
-4.979462627316609e-01 1.459168628957940e-01
-4.216252379664189e-01 4.726245595927399e-01
-6.084773937270069e-01 -2.635723705656045e-01
-4.465244718187795e-01 -1.753703803263293e-01
1.000000000000000e+00 0.000000000000000e+00
-3.871732168339778e-01 1.677280579512091e-01
3.563424429114572e-01 5.033922014182660e-01
6.844839076438345e-01 5.946734364169244e-01
1.638514675984148e-01 2.903270294376220e-01
-9.020177784965902e-03 2.022329733876528e-01
