
7.128933461187768e-02 -2.543316562865929e-02
1.217915203258932e-01 8.241219490933385e-03
9.944343901886502e-02 2.345136986593369e-02
1.748206670345384e-01 9.052776712559148e-02
1.319857529954326e-01 9.864769747716315e-02
9.550484290615993e-02 9.949819653855060e-02
-1.654809495379328e+00 8.825000600479762e-01
-2.099828965197324e+00 2.508021842467261e-01
2.914555197413854e-01 -1.526453008662099e+00
-6.403641372458314e+00 2.527206000288367e+01
-8.069322179492708e-01 -3.552307314767778e+01
1.694296164173772e+00 2.341866325486248e+01
2.620341859425812e+01 2.379927726656300e+01
-2.073219683824033e+01 -1.170579604296081e+00
1.418759175534897e+01 -1.654913415733569e+01
1.265789705569568e-01 -4.293636534245703e-01
-1.505597075919418e-02 3.858518328333842e-01
-8.874845513883769e-01 1.773794536556165e-01
6.409719614415600e-02 -9.533854013275986e-01
6.650427592865944e-01 -3.905473070191726e-01
1.042411856182159e-01 -2.117972295620108e-01
2.669551379483143e-01 -6.462553524957980e-01
7.904037877752335e-01 -1.841752958498394e-01
-6.773325992875034e-01 4.662026992049385e-01
7.354811233003792e-01 -5.265163335665149e-02
-1.737061402012816e-01 8.943600451815914e-01
1.000000000000000e+00 0.000000000000000e+00
5.534402558134192e-01 6.812245637537062e-02
-4.390107716874309e-01 -2.071097361044940e-01
