
-7.106804348232171e-01 -1.891479659947731e-02
1.136546617567834e-02 -4.808116229900993e-01
2.223637857591405e-01 2.167047786414287e-01
4.268406236028942e-01 3.241543542104421e-01
-3.250973658728091e-01 1.267653640072955e-01
3.332652517387933e-01 -1.526954618302319e-02
3.058489297172748e-01 1.187548589493288e+00
-1.447819961037588e+00 7.412109191623972e-01
2.603410957729533e-01 -8.519304928437532e-01
-8.970454943737970e+00 1.570032710704042e+01
-9.173737168982294e+00 -1.574674844450986e+01
1.750144435031710e+01 1.332826750720173e+01
1.159924588101762e+01 -8.456294002482517e+00
-4.517997412359221e+00 1.171833852295518e+01
-2.628790937279652e+00 -7.244033104557912e+00
2.558824823470158e-01 3.421120030667653e-01
1.217394299137951e-01 3.178252284722793e-02
-3.931032370073760e-01 1.630061773490267e-01
4.361598776501365e-01 -4.780445105856432e-01
5.135495242008283e-01 4.303644170735474e-01
4.023585273516284e-01 2.922907538678369e-01
1.183961749499302e-01 1.681411150211469e-01
2.802788503865249e-01 5.015487655997621e-01
-3.790687732174940e-01 -7.242085641349834e-01
4.468365544694914e-01 5.516064723650740e-01
-3.837161295202762e-02 1.982583624815520e-01
1.000000000000000e+00 0.000000000000000e+00
4.703638006921921e-01 1.767771866481780e-01
2.004586492414279e-03 -2.397364279141982e-01
