
-7.240799396973359e-01 5.032302308508591e-02
1.658842083437945e-02 -2.195224095341468e-01
4.079749599424370e-01 1.800390364359215e-01
9.496697736734543e-02 2.152959113503534e-02
-2.262990890083418e-01 8.280814208938947e-02
6.291129623299904e-01 -7.185261422012129e-02
-2.997061910879278e-01 5.672148850986423e-01
-4.032140059578754e-01 3.120671077100403e-01
-6.538734757511065e-01 -1.746772726217821e+00
-1.550084499244502e-01 1.430596875563257e+01
-8.140191303523249e+00 -9.939031770727345e+00
1.391686828721714e+01 1.529212568491741e+01
1.464942968151732e+01 -1.566367289501293e+01
-2.934812450743181e+00 9.143641005955757e-01
-4.025695004524807e+00 -1.364412278090544e+01
-4.561936191903415e-01 1.100614042949147e-02
3.371535205292741e-01 3.461112463799068e-01
-6.619796208030306e-01 5.804263923563963e-01
-1.686415086620884e-01 -4.400059222441438e-01
-7.997721057541139e-02 -1.612660305125939e-01
-1.842442832243421e-01 2.527897595417136e-01
-4.714035868954626e-01 -4.173600719380701e-01
2.341053790974712e-03 -3.101856831801834e-01
4.369802288825515e-01 1.987715539177066e-01
1.105519237795248e-01 -3.051569906583526e-02
4.610123107339952e-01 7.056287797737819e-01
1.000000000000000e+00 0.000000000000000e+00
4.275993386063891e-01 4.629663192246659e-02
-2.214530940124115e-01 1.438732434883716e-01
