
3.478104793455997e-01 2.022475590135720e-01
-4.133883835935893e-02 -3.852708509030220e-01
-4.881162517418851e-01 -7.728328872537193e-01
-7.681081479088723e-01 5.527169818787570e-01
-1.408801099513215e+00 1.451229171107731e-01
4.202976685632727e-01 -7.549645408923292e-01
-3.501023792368725e-01 -1.211060170265983e+00
-4.603729801718277e-01 -3.662794478759741e-01
-1.353957984873719e+00 -2.683861718749864e+00
1.815228974154636e+01 2.472966974109831e+01
-7.614659148116143e-01 -2.013183150952210e+01
8.646445334268094e+00 1.375867816508431e+01
-3.048885495289395e+01 2.220729784901527e+01
4.773843706031160e+00 -2.277888840974479e+01
1.791737084053395e+01 -1.393927737968504e+01
-4.523106704246274e-01 5.924266249158843e-01
5.954926114824101e-01 -6.154444187751203e-02
7.855464099759459e-02 9.607452558394858e-01
-3.990175116161773e-01 3.958843578541184e-02
-4.019337073336419e-01 1.721564772326702e-01
1.819806397290329e-02 5.355553757577249e-01
-8.478510818317105e-01 2.477936201434317e-01
-5.283864266287093e-01 -1.150326508788493e-01
8.138455698020399e-01 -4.693110554850384e-01
-1.747901241251834e-01 3.654290141815728e-02
1.000000000000000e+00 0.000000000000000e+00
7.118944571278013e-01 -6.627252831636898e-01
2.829368057077301e-01 -2.339303250051832e-01
8.956933887243275e-02 3.397858050265226e-01
