
0.159758624874396439487e1 -0.717755385615595722004e0
0.149772669821495493510e1 -0.611216674856861241424e0
0.906330873454451113917e0 -0.354894635816877344615e0
0.358867645095554631377e0 0.374287392959841642753e-2
-0.366386578972252703219e-1 0.142311099657592510446e0
-0.237385023589847119895e0 0.201461632360803764087e0
-0.124932068907125433334e1 -0.813151629364128325506e-19
-0.204775932593802701049e1 -0.135525271560688054251e-18
0.829026306519873832398e-1 0.203287907341032081376e-19
0.948212892211266762720e0 -0.271050543121376108502e-19
-0.353207890946249061662e1 0.216840434497100886801e-18
0.416540704504115267669e1 0.108420217248550443401e-18
0.131569413632166821240e2 -0.433680868994201773603e-18
-0.155160792412410041882e2 -0.433680868994201773603e-18
0.182982281652131976053e2 0.867361737988403547206e-18
-0.652196803414988810974e0 0.131555098333644442620e0
0.152586443574410515384e0 0.316438147985147890209e0
-0.454834186098894457988e0 -0.146224471420549895082e-1
0.185097094257038202766e0 0.223599368206179674156e0
-0.558435252714463087461e0 0.220053908945501750460e0
-0.477515478101777012107e0 0.424921779282168401954e0
-0.474086702055395557795e0 -0.210860442693624609742e0
-0.503196672340129937844e0 -0.933272327050258830366e-1
0.100000000000000000000e1 0.000000000000000000000e0
-0.523577880309747745852e0 0.213586403853217758766e0
0.131036340568461987210e0 0.362709618407772795831e0
0.362886458928057625313e0 0.859566344061280463969e0
-0.798493850893716302047e-2 0.385481560148042190603e0
0.636745343941006881054e-1 0.157532926883220045591e0
