
5.472150017469970e-01 -5.485628968282205e-01
5.775026321293518e-01 -5.822154937613391e-01
2.690991453295656e-02 -2.666199996531876e-01
-5.257040241284097e-01 4.630150275407664e-01
-1.532300331586756e-01 2.559632222190802e-01
3.007295392920256e-01 -1.366979018700361e-01
-7.672816129783404e-01 -1.474668510832517e-01
3.711288301181073e-01 2.057100528956163e-03
-2.922216677019734e-01 -1.171228510671436e-01
-8.398235235850624e+00 -2.240244827339690e-01
7.500798011075489e+00 7.048526453864044e-01
1.937968544391922e+00 -2.840201971281180e-01
8.055943099145280e+00 1.216849660812952e+00
2.404335054923209e+00 -1.659500125303150e+00
3.422921367053464e-01 -9.928251780789830e-01
-2.098202783643676e-01 5.715783030384527e-01
3.729170745232681e-01 5.114434282878559e-02
-2.895894370393323e-01 4.745147210746846e-01
2.050372923902007e-01 -1.508010398338914e-01
-3.718130112403478e-02 4.907802292442540e-01
1.388467401990572e-01 5.780188544856161e-01
-4.276330888153628e-01 2.291783275023865e-01
-2.529830714245344e-01 3.081937758392966e-01
4.345521534364398e-01 -7.618674811667765e-01
7.638921333142451e-03 4.834831340416592e-01
4.299392823539259e-01 1.513975563149536e-01
1.000000000000000e+00 0.000000000000000e+00
3.854383521480376e-01 1.447120215338843e-01
1.069335621181558e-01 3.436558273025654e-02
