
-0.473949551850550195091e0 0.165572855355871026341e0
0.114540222738828395348e0 0.676195548603806196241e0
-0.103709659601440584198e0 -0.548973786639660351597e-1
0.905941767537282409439e0 -0.577039694488906507272e-1
-0.233553324741026897642e0 0.268920835265465213733e-1
-0.431992215686732214375e0 -0.107868885906980375560e0
0.293426869178976390480e0 -0.851190746183400269291e0
-0.148450565940370704076e1 -0.157661015892584816986e1
0.603623904862156701742e0 0.358331600321345361895e0
-0.135801886419749171424e2 -0.784605810226043033770e1
-0.318862026111920910721e1 0.838913301848508291894e1
0.138813175844131922653e2 -0.469734931399538429902e1
0.560801729754989408639e1 -0.234364498652901327366e1
-0.284497635132077586429e1 -0.159216562145303512791e2
0.514035246146143654606e0 0.766613939704991878814e1
-0.641615076191326814633e0 0.167740869658190892919e0
0.209084412287679579978e0 0.252710449640324939693e0
-0.330943107970224376297e0 0.123288740716779360017e0
0.483265720003713607888e-1 0.238262050507644495824e0
-0.579578668982556218273e0 0.166776089268940731151e0
-0.436250980510467202967e0 0.409595322037937642197e0
-0.540873592866562910987e0 -0.155922007257028578730e0
-0.529590250575685622236e0 -0.146914518324047088213e0
0.100000000000000000000e1 0.000000000000000000000e0
-0.507777786923502890825e0 0.128837613744084179417e0
0.270374991659029716769e0 0.285866339724556054732e0
0.318109968000663264048e0 0.614019730662998981633e0
-0.764104910956112423599e-2 0.267812505603794573817e0
0.658549408739415384083e-1 0.208609213211540602678e0
