
-2.732849850343612e-01 -2.210195144336899e-01
7.477260764030776e-02 -5.686129773125329e-02
-1.394993219767964e-03 6.449205078095120e-03
6.123937203987290e-02 3.662899425497348e-02
1.062230709766415e-01 5.642196084941317e-02
2.120456129944883e-01 1.843905201787164e-01
-8.782056627946468e-01 1.153777585785484e+00
-4.276395221003976e-01 2.279921495293198e-01
-6.701959028822395e-01 -5.014527189336526e-02
-7.902538275361596e-01 4.358614662673932e-01
-1.515339794996498e+00 -2.399957823068233e+00
7.593724449161792e+00 8.052864820568459e+00
1.235638703034989e+01 -1.866882577161175e+01
-5.685626454140289e+00 1.040024768518946e+01
1.446740200590101e+00 -5.133126840365190e+00
-3.150606160579912e-01 5.321817803021274e-01
4.071127915888743e-01 9.361764682991416e-02
-3.233529914088585e-01 5.370304557260341e-01
1.191679556750812e-01 -1.387124960613886e-01
-1.283774573311277e-01 4.129083620306873e-01
5.471978473303812e-02 5.788442146025912e-01
-5.182299999729393e-01 1.521398848085659e-01
-3.015777824504253e-01 1.954431915368111e-01
5.611456402295196e-01 -6.391721870317165e-01
-4.675122621592789e-02 4.041344771298517e-01
5.067758125025538e-01 2.182847871256701e-01
1.000000000000000e+00 0.000000000000000e+00
3.778998957674845e-01 1.265671046999619e-01
7.927758995851490e-02 9.155723710736306e-02
