
-0.241182907373914012556e1 0.272343034826597130593e0
-0.240328221200072695988e1 -0.898360208350990787902e0
0.158664179463466193656e1 0.771289532552384173676e0
-0.117070586380632580767e1 -0.151703924396080120729e1
-0.559738470436636018849e0 0.420086126479110481781e0
0.358253493754546593311e1 0.124469620913420407670e1
0.395307201570081108715e-1 0.163150297377421196851e1
-0.159629736080274253068e1 0.500471792645656500444e1
0.148946344959088593338e1 -0.318359986709694206612e0
-0.243596319423308887396e2 0.490702442087626949374e2
0.386378927385534300543e1 -0.493391642682940974457e2
0.663996465421826598209e1 0.299816959725164196640e1
0.131520625539759539284e2 0.573082972232705594694e2
-0.357555058070083968749e1 0.474497803451771981015e2
0.399161761673203704525e1 0.368867272929265651552e1
-0.611465765904257637644e0 0.201781612541888008227e0
0.237963513328658125159e0 0.154132415153287355606e0
-0.124866432839575394681e0 0.210063618765288708646e0
-0.933606339326032524218e-1 0.324576920503685317109e0
-0.630038897717145774812e0 0.119516808702732191820e0
-0.399108389816479431353e0 0.371658107526936591126e0
-0.585497349791899336462e0 -0.616438614292746810213e-1
-0.585937854916259736476e0 -0.191812215710401973352e0
0.100000000000000000000e1 0.000000000000000000000e0
-0.534110178182434679672e0 0.282479139784298076161e-1
0.382895698341805182992e0 0.130388015299297540405e0
0.143014623957678808726e0 0.369132868823402502431e0
-0.677622519821975604151e-1 0.139251028034415205077e0
0.944934192848620554649e-1 0.263215802297800933291e0
