
-5.852574216733207e-01 1.037380391923179e-01
-2.627986350718464e-02 5.920026094663273e-01
7.463193598660328e-02 -2.198700696780839e-01
5.930469378930509e-01 1.552314802430571e-01
-2.539801616892222e-01 -5.394936162632855e-02
-7.789516219729925e-03 -2.589695194353751e-01
3.572378350554896e-01 -7.224500416747255e-01
-1.097429572865542e+00 -1.595139257726815e+00
6.637585391479999e-01 7.137868545539999e-01
-9.446855401039990e+00 -1.558175666548155e+01
-7.631684875402014e+00 1.210650544675020e+01
1.322388624136651e+01 -5.301604591337421e+00
1.294470103320392e+01 -1.741961228792202e+00
6.058731090636407e-01 -1.532584585780094e+01
2.012678245219426e+00 4.537665600401704e+00
-6.500808886710877e-01 1.777870699637449e-01
2.384744780691816e-01 2.568302359474402e-01
-3.471028990096175e-01 1.858360754658370e-01
1.770966850351178e-02 2.013815578953900e-01
-5.681863668091539e-01 1.503694855172079e-01
-4.238484810256405e-01 4.186210991241932e-01
-5.696950169921476e-01 -1.647227928553782e-01
-5.191199823845261e-01 -1.649049643857206e-01
1.000000000000000e+00 0.000000000000000e+00
-4.801287933333464e-01 1.170907704523705e-01
3.195387861008028e-01 3.115081804157372e-01
3.807658307172714e-01 5.536956720590163e-01
2.658626321843742e-02 2.452336997365394e-01
5.144698895508901e-02 2.190862732484512e-01
