
0.421078075379377437094e0 -0.434525564757236570695e0
0.324474196901584317342e0 0.854660559410072284952e-1
-0.132915349062704924387e0 -0.721066626831503560994e-1
0.182043986877110127627e0 0.907179121080732482233e-1
0.408045338157458982052e0 -0.671281223730345836810e-1
-0.119487101652226059417e0 0.291540541513312423410e0
0.376577322194791521787e0 0.481598357887177114809e1
-0.294806733106945599728e1 0.163037969196397633954e1
0.291455519741386793781e0 -0.152645300866209645359e1
-0.297280748802892692741e2 0.428035867104672099123e2
-0.291036686704262536514e2 -0.590065175042519386925e2
0.391235988881912548736e2 0.488033939030824020985e2
0.713714076465739610464e2 -0.187866208597596658289e2
-0.318622479261330490141e2 0.402894973032752854759e2
-0.416433327662846917670e2 -0.240169658507075440800e2
0.126578970556956859486e0 -0.429363653424570260631e0
-0.150559707591942116693e-1 0.385851832833384107902e0
-0.887484551388376555507e0 0.177379453655616498264e0
0.640971961441560266067e-1 -0.953385401327598612791e0
0.665042759286594478761e0 -0.390547307019172570849e0
0.104241185618215922525e0 -0.211797229562010749321e0
0.266955137948314413467e0 -0.646255352495797936378e0
0.790403787775233293718e0 -0.184175295849839467370e0
-0.677332599287503431425e0 0.466202699204938483720e0
0.735481123300379225597e0 -0.526516333566514819868e-1
-0.173706140201281533794e0 0.894360045181591086665e0
0.100000000000000000000e1 0.000000000000000000000e0
0.553440255813419122949e0 0.681224563753705901752e-1
-0.439010771687430829193e0 -0.207109736104493856541e0
