
-2.254975787950623e+00 7.396205525641479e-01
-2.953712309536445e+00 3.953007179032675e-01
-1.930096224515760e+00 -1.537537808818523e-02
5.970453902046101e+00 7.494179607514035e-01
-1.173306180701458e+00 -4.794838925924160e-01
-5.730878184916121e+00 -8.362460002554566e-01
-2.993557496854352e-01 3.646272780046626e-01
3.869688095283307e+00 2.008799275686455e+00
3.199136512061094e-01 7.290586670984783e-02
-1.258434165821719e+01 6.830526263831604e-02
1.734755076094932e+01 2.397910813045667e+00
-1.240163680650254e+01 -4.920078017308539e+00
1.457903132023917e+01 4.365449713808919e+00
3.403932242199207e+01 1.742337874280800e+01
-1.994689662021978e+00 -4.433754976447238e+00
-6.406300233285589e-01 1.460001414060307e-01
1.663156905385647e-01 2.769538499234617e-01
-3.728258613723419e-01 2.481023215412176e-02
1.257640298504407e-01 2.558206332249222e-01
-5.779905257388167e-01 1.998258554339468e-01
-4.616523637387282e-01 4.102522134412966e-01
-4.941286043354458e-01 -1.734418841733303e-01
-5.251926052447593e-01 -1.127143252030442e-01
1.000000000000000e+00 0.000000000000000e+00
-5.322490366740272e-01 1.721692422036420e-01
1.799115337068688e-01 3.017873287171566e-01
2.966643641329055e-01 7.564939045361556e-01
-2.982475804601517e-02 3.320126082266515e-01
7.421182087010686e-02 1.803065623410454e-01
