
-1.965225105307519e-01 -1.139120129094503e+00
2.681708483643589e-01 -1.455739317071578e+00
-1.542789367334372e-01 -2.805562087379736e-01
3.002433863200581e-01 1.262905056189246e+00
-5.263656012229527e-01 -3.332621385819218e-01
-1.037208757893062e-01 -1.237849270947425e-01
-7.094768967310628e-01 4.035257236041218e-01
-5.733385792234057e-01 -3.362698320234738e-01
5.439777682330720e-01 -4.452376987523467e-01
-1.175132270827414e+01 9.860023097528527e-01
7.113347926702349e+00 -5.420455758731463e+00
-5.193982235496808e-02 9.062676916072869e+00
8.754456379458096e+00 -3.054983323319600e+00
-7.511655939474013e-01 -2.697069734464393e+00
9.500567674215318e+00 -8.577399722857333e+00
-5.916388804406172e-01 1.423828226531556e-01
1.005200282526351e-01 1.875925266116572e-01
-1.633291169773760e-01 -9.544689307761813e-02
1.071584216265346e-01 4.340847656698976e-01
-6.516390191624921e-01 2.122405338965274e-01
-4.699305689943000e-01 3.534964265330575e-01
-4.423369062993903e-01 -7.336713748348489e-02
-6.006667713800080e-01 -9.369450630245567e-02
1.000000000000000e+00 0.000000000000000e+00
-6.359243618716699e-01 1.289322128747221e-01
1.199896884263339e-01 1.032985445634041e-01
-2.840718702823686e-02 7.466019874907971e-01
-1.796594115099904e-01 2.994940119496674e-01
1.398852874267273e-01 1.914534546249333e-01
