
0.144243614610840318051e1 0.189038149544148804644e1
0.120929740522860230229e1 0.152233198789088922109e1
0.387839787336824002304e0 0.529473141797451267356e0
0.902512703030393874653e0 0.115605206341823593696e1
0.362893365690214800485e0 0.450078599718438144981e0
0.914882091669525002775e-1 0.140267705851532072271e0
-0.842652628493246873850e0 0.203287907341032081376e-19
0.365975687189165744504e0 -0.508219768352580203441e-19
-0.375631240905011587212e1 0.650521303491302660404e-18
-0.166335078555723720022e2 0.173472347597680709441e-17
0.101950018632793568130e2 -0.260208521396521064162e-17
0.300742318058292638257e2 -0.346944695195361418882e-17
-0.624871577870144741251e1 0.346944695195361418882e-17
-0.184330841070549432421e2 0.346944695195361418882e-17
-0.543757472304767398505e2 0.138777878078144567553e-16
-0.714882544344081678929e0 0.226163008540425475187e0
0.408883623216308724353e0 0.322643335881758763377e0
-0.531475734904854568068e0 0.538155415780727179934e0
-0.114219989104034297573e0 -0.625254577923814137424e-1
-0.476943996674977935301e0 0.679616513941460600461e-1
-0.362131589465951746957e0 0.490075906555895041665e0
-0.730146650296905988596e0 -0.257799657506116857721e0
-0.431188703174897952104e0 -0.258096787357420921375e0
0.100000000000000000000e1 0.000000000000000000000e0
-0.297958117001900480266e0 0.853586943785197561468e-1
0.578367400930634616174e0 0.533995170893307607312e0
0.840739645701731370996e0 0.279753157315048761242e0
0.263343702798943111033e0 0.157774911574677583430e0
-0.495764264784769911555e-1 0.261731626885285908861e0
