
0.151013444913967984263e0 0.372161307334137429108e0
0.320716639627142006052e0 0.572280112781026420823e0
0.400075549770882832811e0 0.432482735711500852836e0
0.437036324172253948169e0 0.836885560458383110413e0
0.337358918535852888188e0 0.599825626566545775124e0
-0.211626396792809518568e-1 0.408464799920801110669e0
-0.139938091799640809145e1 0.128417189560913596496e0
-0.196672261355905568763e1 0.163198102471208748466e0
-0.198612680545207664646e1 0.317796626291157494081e0
0.404307319614144004445e2 -0.884024584155869153773e1
-0.442870786171655559937e2 0.983671476878666250620e1
0.225938161730274869200e2 -0.323283258392707799431e1
0.485106951261019444972e2 -0.109429690801139508716e2
-0.247550270037751764026e2 0.362548745456991451555e1
0.125572427379089754081e2 -0.867531593963597767944e0
-0.723302592556881949082e0 0.197457429852401412213e0
0.364095642566283984594e0 0.373246703414666270246e0
-0.629870596854725220816e0 0.428807485680347151477e0
-0.570557892582326068352e-2 -0.742495490083953285822e-1
-0.460132310866926276608e0 0.110222426226506469546e0
-0.394863902600106377418e0 0.502264108119652270758e0
-0.677188906110486105964e0 -0.301435704517858080263e0
-0.410210941272461171160e0 -0.215593899048557971856e0
0.100000000000000000000e1 0.000000000000000000000e0
-0.310439569153742310150e0 0.152615110371913606551e0
0.467855986929439026615e0 0.595059706041553156206e0
0.876429570851136850794e0 0.474558966742569522895e0
0.263147935624550211188e0 0.251142613607252310318e0
-0.513399917681422847130e-1 0.221205288997126255828e0
