
-0.257471294967230755491e0 0.901162283722260321989e-1
0.899866434640568163187e-1 -0.159362083477622320368e0
-0.224654156606575971570e0 -0.546511105206164394288e-1
0.251207691485713331017e-1 0.120187017153105089905e0
0.137483920856891233311e0 -0.718291802365916158600e-1
-0.134555826453730065562e0 -0.142465830505222586401e0
0.391491263364746835854e0 -0.182682049080312397277e1
-0.736105872521561642073e0 0.510851417037348594840e0
0.540713845543311876201e0 -0.802969239203316206203e-1
-0.139075728666394947504e2 0.123796071840574617301e2
0.846418090140992538197e0 0.679508955373054133499e1
0.111784573497313640964e2 -0.203647523462503601908e2
0.612429637875395871047e0 0.119435365571362682455e2
0.402960934534035994468e1 -0.407883138084068254392e1
-0.232197833855710748536e0 0.233878697657199499816e2
-0.622872889780886560712e0 0.151788263685835934808e0
0.156046838402239299956e0 0.236032575504022705136e0
-0.281790056522202905234e0 0.126953170905957695843e-1
0.935263561954002317799e-1 0.315855046718013462471e0
-0.605690374325060306815e0 0.193579082120430953217e0
-0.456384945643174311214e0 0.389091624799297657652e0
-0.490330600087473268613e0 -0.130769764443362616999e0
-0.554486704235104776257e0 -0.116900435585941742124e0
0.100000000000000000000e1 0.000000000000000000000e0
-0.562492072677241894039e0 0.142015835325626523807e0
0.187436946020691659314e0 0.223319981887636696748e0
0.183725127753219545884e0 0.706163517201547205214e0
-0.778520875869064663037e-1 0.298977483563900984110e0
0.957101764588400654951e-1 0.193693253813463865160e0
