
3.941830393479221e-01 -2.137245750259927e-01
1.277847991455255e-01 -1.007090139139389e-02
-2.183761627357823e-01 -1.785054461800074e-01
-2.273679778718573e-01 -8.115883391157029e-02
1.747068113613192e-01 -1.242557714896003e-01
-1.668150614760648e-01 2.948834089375630e-01
-2.126611061189110e-03 -4.306557132147802e-01
-3.886113423178622e-02 5.008028898591967e-01
-2.216313267002507e-01 -1.080720021160741e+00
2.647925642904948e+00 5.085583964589666e+00
-4.007661522069742e+00 2.276056550407063e+00
8.477481114938209e+00 1.175283063440829e+00
4.211647842474183e-01 -4.568801104294630e+00
7.244263969022247e+00 -2.493791781811435e+00
6.982233759289931e+00 -6.275269576803497e+00
-9.691690050390067e-02 1.538044450797946e-01
2.224672759583454e-01 1.976461158301455e-01
-5.415141997572114e-01 3.677228902713664e-01
1.275663159044974e-01 -4.756452504079434e-01
2.283280075503121e-01 1.129069009336714e-01
1.051906774228981e-01 2.557726740821919e-01
-1.651019604529102e-01 -1.460954042362522e-01
1.616930977636145e-01 8.101399164460524e-02
1.001812461247656e-02 -2.320335604909671e-01
2.921505337737789e-01 2.461899141790560e-01
2.013407959832129e-01 4.702342831749882e-01
1.000000000000000e+00 0.000000000000000e+00
4.522742255239069e-01 1.092327681364438e-01
-1.223648353153109e-01 -5.093929007981483e-02
