
-0.174863804509244953589e1 0.190739814440173490622e1
-0.344254553865754038750e0 0.266190927047395369751e0
0.882386736792741199374e0 0.680031705442080778765e0
0.439624307558260234022e0 -0.269131796657874059007e0
-0.217590732837397973445e0 0.250259434629146297949e0
0.481423432977229921596e0 -0.423307403631124124459e0
-0.436186874340983088210e0 -0.399504807962310404625e0
0.171375988164703622378e0 0.277656897890433449145e0
-0.173131697457769171086e0 -0.106251369668601994322e1
-0.148021400334418686169e1 0.123900083571891878650e1
0.175663541516494781797e1 0.245768651098619433969e1
0.367667381278624024040e1 0.325042968509669773225e1
0.404475786948109026055e1 -0.244765955489535699851e1
0.551101166918795583967e1 -0.534908023613904242896e1
0.677467302747651270271e1 -0.104766701498528916484e2
-0.656887923658178272149e-1 0.158472037489256544569e0
0.210583701369432574519e0 0.187974908899751911161e0
-0.535894115175959320611e0 0.348566115919435702016e0
0.150457570433304825292e0 -0.483993143779089944265e0
0.257948325767817049586e0 0.128970323701777315480e0
0.128262291075334948886e0 0.250622125728561861134e0
-0.135695105892815091983e0 -0.130225952499472511870e0
0.181646967193255079285e0 0.109156192038470404444e0
-0.319535440509702356124e-1 -0.258343727991627140672e0
0.311742191616757207757e0 0.264813346294560093217e0
0.176309716603620655187e0 0.456349247970461495796e0
0.100000000000000000000e1 0.000000000000000000000e0
0.455407930060853879462e0 0.113778181190714223971e0
-0.118111643446803741464e0 -0.682754310680401619432e-1
