
-0.228300483109968410211e0 -0.266166929241524520159e0
0.615806639559254313440e-1 0.320852598025917519356e-1
0.913002803104341232308e0 0.948389619938689790624e0
0.158773398349726878120e0 0.127524137259324906561e0
0.562928971007406183410e0 0.567031048364218640359e0
0.695270847602415319151e-1 0.138642791982199612663e0
-0.177050544026587065721e2 -0.204904117127321488290e2
-0.185432132315614477767e2 -0.211729556743354933417e2
-0.761493339714015144305e1 -0.586251983322075656243e0
0.747714738753519519099e3 0.906706151786683914318e3
-0.120003398483056077195e4 -0.156904753410907755462e4
0.271339292846650401547e3 0.310852726602969113651e3
0.201050359011422121358e4 0.275164128707575864818e4
-0.447030969602123712137e3 -0.541219868255243464039e3
0.743992643185227881530e2 0.962082849953045854963e2
-0.697624081319268536303e0 0.238212235593833266141e0
0.411190085681696979936e0 0.275151429770675141673e0
-0.429331223679318107648e0 0.554858638008334769873e0
-0.168620199442743290872e0 -0.831976502969078821504e-2
-0.504775777624100177067e0 0.521664376528573488608e-1
-0.349530995793045601229e0 0.468976515935571710268e0
-0.740004512170206353550e0 -0.210535456683918987495e0
-0.461413745446737974553e0 -0.272190888754310419549e0
0.100000000000000000000e1 0.000000000000000000000e0
-0.320715133021784258539e0 0.429483429670646904406e-1
0.612142915461122369696e0 0.451828350076117657267e0
0.735392094786559803472e0 0.188539610922957876496e0
0.222348519681156829957e0 0.106441032674502111397e0
-0.307678028106605214376e-1 0.283199375203857637412e0
