
1.858550694803226e-01 -2.615353841967477e-01
3.978302183324519e-01 -3.103638511425940e-01
6.279155089025595e-02 -7.221337517153334e-02
-3.182728201609126e-01 2.319501505177307e-01
-4.604582038300953e-01 3.006134825577620e-01
4.588817537200128e-01 -3.399862336729496e-01
-1.377405743010265e+00 -6.217789150901654e-02
-1.107924370190757e-01 -3.623603933409245e-02
-1.552888039901509e+00 -1.576687538239381e-01
-5.859411835123863e+00 1.431380979043686e-01
1.464513823872490e+00 -1.005792928260007e+00
1.091034974832296e+01 1.329696153744877e+00
2.064403363869463e+01 2.295623604272723e+00
-1.358821427455922e+01 -1.914864947413897e+00
-1.478462180357077e+01 -2.438761702177091e+00
-4.789810873854470e-01 4.656155160233170e-01
4.590887818715360e-01 1.619455525053220e-01
-3.792013801171022e-01 6.339545776487910e-01
-1.649864958019043e-02 -1.234108411501898e-01
-2.685266192375130e-01 2.863980214108404e-01
-7.771624037215445e-02 5.764952592268712e-01
-6.574722002510002e-01 2.696718442344546e-02
-3.731677519164864e-01 1.588750165238251e-02
7.550600031892689e-01 -4.405831783787486e-01
-1.289105154718507e-01 2.768959280868933e-01
6.248019010230934e-01 3.268846827836904e-01
1.000000000000000e+00 0.000000000000000e+00
3.668225638227089e-01 9.768348548994688e-02
3.327226682707730e-02 1.803670808744465e-01
