
-0.419834862765916291046e1 -0.323756869228914330103e1
-0.217926796521109426385e1 0.191385453369168252432e1
0.149563308161183625372e1 -0.644980097225691815599e0
0.321071357726371831237e1 0.130178112554184389539e1
-0.204395006426711846456e1 -0.178633222152128032668e1
0.987635050395444597817e0 0.193578756674729940575e1
0.950311763176195461143e1 0.526910639160419298679e1
0.482491868252800220826e1 -0.114997895802018074689e2
0.524346952600569134347e0 0.934693325547981076519e0
0.926326497616604541685e2 -0.628166138487317683436e2
-0.126626509737773772404e3 -0.702293808773923681418e2
0.720527408525590789823e2 0.114966155740387678666e3
0.728245503063027843724e1 0.363271295105411331297e2
0.116121367790321440967e3 -0.834713397402093638736e2
0.643553255639990362362e1 -0.102378236974965124012e3
-0.657291013164199634333e0 0.179838789799866074397e0
0.251063920291395864135e0 0.268155793859251275857e0
-0.374702785961627929379e0 0.210270285630556850697e0
0.149917757011265959347e-1 0.174166198362076079351e0
-0.557562566129776487694e0 0.146242458328781164544e0
-0.420860696716597201773e0 0.426847882086066868153e0
-0.580522026014837592002e0 -0.178081413051598108442e0
-0.508427069017722646352e0 -0.170075438371576915660e0
0.100000000000000000000e1 0.000000000000000000000e0
-0.463300942990218215714e0 0.120354693932009299372e0
0.334616385453198394789e0 0.339323952986273659097e0
0.429652707623897069257e0 0.545147302802608016772e0
0.499819936946253898497e-1 0.245471992022623797808e0
0.412883037854738916655e-1 0.219446049925525974656e0
