
-1.988459200248693e-02 7.017090376524751e-02
-5.195464355232580e-03 7.390262886133142e-02
9.263721765424530e-02 -2.282235287392998e-02
1.018535403471652e-02 7.456187411910165e-02
8.737004627790522e-02 -4.193556128638249e-02
-8.591198513910278e-02 -9.052854089858753e-02
-6.692512140872088e-01 1.332453912552144e+00
-1.016462878508675e+00 1.394560782704460e+00
-9.850606717223356e-01 3.208868269787114e+00
-9.680762309584022e+00 -5.835471664773905e+01
2.639790322144506e+01 5.355731846348930e+01
3.444531759116435e+00 -2.239984026146710e+01
-5.318801677933219e+01 -4.680150815338199e+01
-1.694588492430226e+00 3.088936576763822e+01
8.849670831285280e+00 -2.152786346517989e+00
-6.827862006982217e-01 2.077874403259519e-01
3.351627312240254e-01 2.833339645817223e-01
-4.282742684903625e-01 3.884115497999795e-01
-6.893160101893384e-02 6.458604943509318e-02
-5.229275128806430e-01 1.003238616230511e-01
-3.861955421049240e-01 4.542207825736279e-01
-6.624552188321440e-01 -2.066640252959993e-01
-4.762658649337027e-01 -2.206555528591121e-01
1.000000000000000e+00 0.000000000000000e+00
-3.824171460442065e-01 8.968248061147308e-02
4.731763675561954e-01 4.186646144876014e-01
6.167570551566302e-01 3.786621311295478e-01
1.510189190806640e-01 1.843767467483622e-01
-1.353085958263437e-03 2.479623301203993e-01
