
1.063354401945436e-01 8.968027686310215e-02
1.360942725297548e-01 5.602813986636287e-02
-1.013646471281803e-01 3.581917762641838e-02
-9.454071944142424e-02 2.358994149484400e-02
3.589046962298406e-03 1.092259978238468e-01
-1.179472075311940e-02 -1.132702183579462e-01
-4.843565937356195e-01 8.998570548055910e-01
3.077586855869547e-01 -3.645877302630241e-01
-6.706894898019484e-01 1.089165143164967e+00
2.748152339052172e+00 5.556358059741378e+00
1.930714534350238e+00 -8.261083890862583e+00
5.110693843658455e+00 4.184728135576599e-02
-2.643852550722438e+00 -4.547467798895486e+00
5.605966564159678e+00 1.009794988840139e+01
5.768848600950482e+00 1.474724045778022e+01
-6.885792166037420e-01 1.796029197087471e-01
2.882142970371596e-01 3.282862393457352e-01
-5.139142677466547e-01 2.757850478964767e-01
3.601740337717974e-02 6.195980320417997e-02
-5.101663245038964e-01 1.421679627546196e-01
-4.185390195918517e-01 4.633062565818645e-01
-6.082284556962159e-01 -2.442892608907137e-01
-4.595304206485068e-01 -1.782487341552378e-01
1.000000000000000e+00 0.000000000000000e+00
-3.997191943629813e-01 1.531618144658589e-01
3.623972582651111e-01 4.684285855692987e-01
6.355078012192424e-01 5.682294028127788e-01
1.434212584077330e-01 2.738605841591800e-01
1.727345037164396e-04 2.089750804890883e-01
