
-5.609106635492378e-02 4.687875369165925e-03
5.005949813210750e-02 -9.765560705511378e-02
4.272180346234899e-03 3.132128297006211e-02
-1.835865575776949e-02 -4.755138121200711e-03
1.005086270568199e-02 -5.998855028559322e-02
4.318947868567090e-02 9.802529336930008e-02
7.646988217635293e-01 -5.493845136539752e-01
2.352369657657084e-01 3.833126082420759e-01
2.914555197413858e-01 -1.526453008662098e+00
-1.498074155897368e+00 1.622691452847075e+01
-4.944199340586755e+00 1.987186039419246e+00
1.069162260071862e+01 6.100811638400261e-03
-3.347545620709717e+00 -1.969977577459170e+01
1.579695531497864e+01 -1.218733124334837e+00
4.845619776607085e+00 3.472861246120955e+00
1.265789705569568e-01 -4.293636534245703e-01
-1.505597075919424e-02 3.858518328333841e-01
-8.874845513883769e-01 1.773794536556164e-01
6.409719614415604e-02 -9.533854013275991e-01
6.650427592865946e-01 -3.905473070191727e-01
1.042411856182159e-01 -2.117972295620107e-01
2.669551379483144e-01 -6.462553524957979e-01
7.904037877752336e-01 -1.841752958498395e-01
-6.773325992875037e-01 4.662026992049386e-01
7.354811233003793e-01 -5.265163335665146e-02
-1.737061402012815e-01 8.943600451815914e-01
1.000000000000000e+00 0.000000000000000e+00
5.534402558134192e-01 6.812245637537051e-02
-4.390107716874311e-01 -2.071097361044940e-01
