
1.102096529621695e+00 1.697955903021796e+00
7.704001556573699e-01 2.456954356707035e-01
2.343914775509419e-01 3.051054371418945e-01
-7.457266126979460e-01 2.214981462610135e+00
-7.153802435908008e-01 1.122815558478326e+00
-1.668771929102157e+00 -1.804671837854168e+00
-9.118626153669447e-02 3.830642594729202e-01
-2.376197921466597e-01 -2.778590395645913e-01
-4.894190004821029e-01 3.281064290553889e-01
-6.655318466540566e-01 6.829577874565800e-02
-2.383362917446306e+00 -2.846417292469331e+00
1.104581784684806e+01 1.975745127620773e+00
-3.825445502772555e-01 -2.353103026628103e+00
2.945172010466235e+00 2.007136365524424e+00
1.048076396931313e+00 2.284807247882445e+00
-6.917673090698653e-01 1.509014322244348e-01
2.371464815061126e-01 3.688771881422258e-01
-5.891056445651218e-01 1.553251406184221e-01
1.411428935896930e-01 6.902145722378342e-02
-5.012751439938736e-01 1.851635794964933e-01
-4.517007291910109e-01 4.694008893986357e-01
-5.505631295461731e-01 -2.768860193889538e-01
-4.467194158056608e-01 -1.343239499068046e-01
1.000000000000000e+00 0.000000000000000e+00
-4.228691924622171e-01 2.150043965164518e-01
2.470947556379451e-01 5.079369675057486e-01
6.367506925339902e-01 7.594082319911317e-01
1.275694726692546e-01 3.625870049948061e-01
5.295918609000846e-03 1.701531384056171e-01
