
-0.957240634005794464870e-2 0.283079309419362327116e-1
0.605616609451980481242e-1 0.630103161006631080687e-1
-0.350589039586749143505e-1 -0.241330404479956192224e-1
0.177090839854841441120e-1 0.494121255224850736819e-2
0.256675077112402409414e-2 0.341832987108928061547e-1
-0.813667764542619946333e-2 -0.332491434941847400747e-1
-0.513670045257117481466e0 0.694150750163293944804e0
0.372811542863190214180e0 -0.219132540882283778879e0
-0.844375613818220541575e0 0.198766088837610534342e1
0.489640391873835399304e1 0.587431951199374562285e1
0.249402812598950339852e1 -0.727429432322796212622e1
0.499052418376473996657e1 -0.916898821319215966315e1
-0.662169311649920790206e1 0.384505332390141829884e1
0.618145810040805555267e1 0.143052603459119244862e2
0.670502470975548685739e1 0.277880608113472279148e2
-0.685607886560152222433e0 0.196102789873589235099e0
0.316203786376837125125e0 0.302773567228531089357e0
-0.465640770948389291019e0 0.342612762163951491790e0
-0.251512787669339301841e-1 0.619888866528072181138e-1
-0.517001186411687540286e0 0.117611965987335760820e0
-0.399569544273742220344e0 0.458476590769746358839e0
-0.640352686983365696806e0 -0.223148545460413978876e0
-0.468672177266129184577e0 -0.203189332768140023329e0
0.100000000000000000000e1 0.000000000000000000000e0
-0.388733336326552416469e0 0.116433511492327803904e0
0.427635905185851544497e0 0.441025890004706358055e0
0.627296407094481077622e0 0.457541359035019886206e0
0.149126302423819756575e0 0.221846307750766257884e0
-0.127350944991130970726e-2 0.231662716998462179946e0
