
1.323754927404707e+00 7.479846019690087e-01
-1.497153907861888e-01 -1.083511779002348e-01
5.807249544147366e-01 2.528372191809312e-01
1.660954721305839e-02 1.512363951019269e-02
-6.670366956483774e-02 -3.843803497093964e-02
2.515145285154755e-01 7.971926561377488e-02
4.298116925483859e+00 2.503106760727880e+00
5.531996702274926e+00 2.763909002694970e+00
8.720363416080442e-01 -1.128600242683684e-01
-1.562104203219771e+01 -7.017443972435177e+00
-2.518691839691758e+01 -9.558471834900612e+00
2.897287724014436e+01 1.633849300917640e+01
3.516035455480268e+01 2.617592205335707e-01
6.776781270044123e+01 3.135241750106228e+01
-4.776231473509583e+01 -3.303917616149792e+01
-6.149608182190309e-01 1.714963824235567e-01
1.842352685081777e-01 1.972138164239000e-01
-2.047878007039066e-01 8.323552565309386e-02
1.765017305845155e-02 3.315576543986354e-01
-6.204587381427952e-01 1.648663551803933e-01
-4.340890820978626e-01 3.782416543141984e-01
-5.247681858720291e-01 -9.631570463777608e-02
-5.722154215927725e-01 -1.454994434628555e-01
1.000000000000000e+00 0.000000000000000e+00
-5.582702745429960e-01 9.363834584352465e-02
2.613512469962452e-01 1.726162715275911e-01
1.451889415198689e-01 5.709510775088561e-01
-8.409651911994591e-02 2.329892964949060e-01
9.972677835240634e-02 2.222091187894228e-01
