
0.785592786988844039159e0 0.434609877069369210514e0
0.322684717302491530039e0 -0.154926313029640279367e-1
0.661278304454244052570e0 0.287427172819883191619e0
0.958587923151497943214e-1 -0.657588123315806431199e-1
0.256795988810921745971e0 -0.370454751674743958611e-1
0.550643741158493657095e0 0.179257626433512531878e0
0.350679746514803240623e2 0.302621536097500190652e1
0.796982144271046449944e1 0.214826321611256272322e1
0.899869529226870418909e0 0.324737315592091630356e-1
-0.243361524679400071033e3 -0.162506986985881491936e2
-0.143723900819883564486e3 -0.180172162531415720674e2
0.361045355563442514263e3 0.277443354801374569597e2
-0.414327154178517023282e2 0.162821395517567135032e2
0.189434328577086076320e3 0.246092288339086365800e2
-0.525226681055302060785e3 -0.495273972025375809405e2
-0.622354639654815580566e0 0.174044275570585063026e0
0.197994537023423791894e0 0.208294452204496304627e0
-0.232146543538644034582e0 0.110260201097595093882e0
0.132689521221122198335e-1 0.303362628591497107862e0
-0.609627140528563835856e0 0.159962222472280142017e0
-0.430508201830605976781e0 0.386641200282954118075e0
-0.536807346605035681667e0 -0.109614528429980578745e0
-0.561371259214164061160e0 -0.151494454930663847899e0
0.100000000000000000000e1 0.000000000000000000000e0
-0.540555066785068050194e0 0.960799050696939288584e-1
0.278641580410688358192e0 0.200732799009824007836e0
0.195626782716583831888e0 0.559262051153605298996e0
-0.597119745162738482256e-1 0.231905032709099419755e0
0.891651230184884773715e-1 0.223162474184218611757e0
