
5.196913903771347e-01 8.222401765705151e-02
2.097143991669391e-01 -4.442963490193969e-02
-8.838413558163406e-02 7.370529490014270e-02
-3.172609131334296e-01 -1.224625517978462e-02
2.620771650352208e-01 5.908783078518929e-02
-2.024304772437053e-01 -6.997776247726689e-02
-9.975847211180722e-01 3.184863624466550e-01
7.992973992921601e-01 6.467184317858584e-01
7.754171811039732e-01 4.768559270475085e-01
-5.317129838729624e+00 4.406455582316192e+00
9.914714738465813e+00 -4.135546404302483e+00
-1.124176148355984e+01 -3.208345914167957e+00
1.346703817860111e+01 5.387937772741449e+00
1.099676451730896e+01 9.662492601389598e+00
1.964839723523333e+01 6.234892623166836e+00
-6.415892497658974e-01 1.759513090250628e-01
2.247580159338334e-01 2.427939069691028e-01
-3.133622692874402e-01 1.596330653892193e-01
1.882555222772771e-02 2.330596635064202e-01
-5.807806604940291e-01 1.543511117423588e-01
-4.266910991041103e-01 4.088839207299724e-01
-5.581683352404144e-01 -1.484664438231340e-01
-5.318719413823568e-01 -1.597216997213565e-01
1.000000000000000e+00 0.000000000000000e+00
-4.993477091884498e-01 1.120622886023473e-01
3.041731461625845e-01 2.782149110577753e-01
3.235894118160771e-01 5.599402648143931e-01
-4.540643468061434e-04 2.432151908519951e-01
6.322270900671066e-02 2.194269701900768e-01
