
-2.944475728424169e-02 1.137549177652473e-01
4.925654634524111e-02 -2.788279001247130e-02
7.914855373111268e-02 -8.781846630382213e-02
-6.311974254560437e-02 1.355631101361491e-01
-9.041556511298289e-02 2.079783385533585e-01
-1.409718522863497e-01 9.877132471193208e-02
1.153086639461375e+00 -1.183040058159390e-01
-7.449866283336615e-01 3.329545269271001e-01
-9.462753231503402e-01 -4.577138310131771e-01
1.597262809884191e+01 5.093951043459904e+00
-1.794621756199879e+01 8.004285183360667e-01
2.469012411466931e+01 -4.869700023152523e-01
-2.043412062952612e+01 -5.792866794470883e+00
9.673766867748265e+00 1.628947803000000e+00
4.461492530684217e+00 6.989157510109782e-01
-3.555505675817920e-01 4.151912713580226e-01
3.950866172499125e-01 1.524744117339140e-01
-4.001266191322725e-01 5.522894111931452e-01
4.859008108997753e-02 -2.030975993532939e-01
-1.263484316411179e-01 2.808102547996003e-01
-5.075188669363434e-03 5.080260979096087e-01
-5.164873588813267e-01 2.113578641091390e-02
-2.400223230664919e-01 7.500024161333692e-02
5.459399758585317e-01 -4.455466845927835e-01
-1.761469129347347e-02 3.022359778405585e-01
5.039825245652645e-01 3.304798977759100e-01
1.000000000000000e+00 0.000000000000000e+00
3.880039987365566e-01 1.074234833649648e-01
1.131270338527616e-02 1.082597799979633e-01
