
4.862423407182415e-01 -9.361114733234399e-02
9.316838933886423e-02 -7.959960037956337e-02
-1.997554747849499e-02 6.690121326071637e-02
-2.533128743057059e-01 1.308214514709170e-01
2.632868934068832e-01 -3.710932805737194e-02
-2.329294664125356e-01 -3.721030413857297e-02
-7.102177368197754e-01 8.159947793738408e-01
1.321623592641310e+00 6.219150529250389e-01
1.024766209101861e+00 6.475188679455568e-01
-7.005755734870829e-01 4.970232559095294e+00
6.684256847476698e+00 -1.117912841406018e+01
-1.305491284856305e+01 1.768368335740171e+00
1.469178691928261e+01 1.102612845315478e+01
1.894328095280730e+01 1.195516172691035e+01
2.436016882072046e+01 2.702543601167621e+00
-6.425515575039462e-01 1.854490553156757e-01
2.440814552422925e-01 2.332203729080253e-01
-2.974235856652777e-01 2.037864870240067e-01
-1.466101853875188e-02 2.234785867383539e-01
-5.806691833672355e-01 1.398375046665045e-01
-4.155499991116878e-01 4.092164941020477e-01
-5.790690818689104e-01 -1.419347112855378e-01
-5.329628515150648e-01 -1.748077648030339e-01
1.000000000000000e+00 0.000000000000000e+00
-4.875719124297438e-01 9.368186830790982e-02
3.441822547763712e-01 2.734509990891947e-01
3.364610112860078e-01 4.980644400413464e-01
1.082944084154960e-02 2.156391329615098e-01
5.887152300944936e-02 2.316186342494536e-01
