
2.973202217188096e-01 2.414705683493881e-02
1.558523366621885e-01 7.485254733142863e-03
5.989878989790564e-01 4.619043620278812e-02
-1.327919107588655e+00 -1.048265136401247e-01
8.122447804055797e-01 4.304255607557950e-02
1.030598885869845e+00 8.067945680518562e-02
6.169948695269906e-01 8.044711040933461e-04
-1.080835082514489e+00 -4.457840633044274e-03
1.061452333753544e+00 -7.721135190627726e-03
-2.896995964798509e+01 1.347481089932590e-01
6.747270608159569e+00 -8.622936156746697e-02
1.263361372717388e+01 6.487243549979915e-02
1.750294395606486e+00 -7.836356922442123e-02
1.574517386210753e+00 -3.129655843190526e-02
-8.579939283712696e+00 2.664870089965943e-02
-6.196890312667996e-01 1.813859084276845e-01
2.088338804794067e-01 1.943727412886069e-01
-2.047110246992168e-01 1.371371572072642e-01
-1.481457790854726e-02 3.082002324575679e-01
-6.147020740724601e-01 1.492262986006588e-01
-4.221792039277783e-01 3.829275574830145e-01
-5.498899792962305e-01 -9.737411866790804e-02
-5.675357446571858e-01 -1.622250300298830e-01
1.000000000000000e+00 0.000000000000000e+00
-5.384075568301783e-01 7.834953825729787e-02
3.064349482751499e-01 1.830055112969869e-01
1.831267492476751e-01 5.090868476670536e-01
-6.119474337418357e-02 2.075725424806473e-01
9.029040277490280e-02 2.336936476706007e-01
