
-1.434952127199576e-01 -6.648226815505302e-03
1.445478770773456e-01 -3.356453374781393e-01
4.982150820002441e-02 2.320579058590376e-01
6.693822950586857e-01 6.452022676435827e-01
-5.971359699010261e-01 -8.955856509967861e-02
3.497653554473188e-01 -1.773457709990440e-01
5.667794581299939e-01 -7.056246055273563e-01
-3.767662568533295e-02 9.523395258418269e-01
9.009735128460941e-01 -1.134457502589279e+00
-2.176740212650213e+00 2.355541173972489e+01
-7.526434374208944e+00 -3.302310196107567e+00
6.951908401810369e+00 -5.951217411000578e+00
9.190876809481534e+00 -6.183215498576843e+00
1.395620222338329e+01 4.337392051818350e+00
1.123200458906254e+01 1.290897460270959e+01
-5.460537324211197e-01 2.186461814840551e-01
1.916105898158771e-01 8.747061089372718e-03
2.010007019403710e-01 1.456759492866229e-01
-1.961086581568702e-01 5.486005059094523e-01
-7.314456594732472e-01 1.032526175540420e-01
-3.848956700620174e-01 2.940786179475682e-01
-5.621052689906346e-01 9.152982494846976e-02
-6.926318911946424e-01 -2.002762065703445e-01
1.000000000000000e+00 0.000000000000000e+00
-6.501215849294266e-01 -7.373606970150620e-02
3.922563614433947e-01 -1.545665654852913e-01
-2.760870709366910e-01 2.130788156965356e-01
-2.486242729321631e-01 3.090001560813886e-02
1.751344152197830e-01 3.066603854837059e-01
