
-0.289897214753557474457e1 0.150598241261370268795e1
0.777415132139170541236e0 0.167227072018160940830e1
0.329687657384406502734e0 -0.130547492353578889056e1
0.147223900788910581656e0 -0.132627675446372557345e1
-0.178712110054101757446e1 0.878863920012250112075e0
0.158379513469702919658e1 -0.255374881605294730408e0
0.704134063025128779413e0 -0.119426142143915970750e1
-0.132517084683074311551e1 -0.910318761412303800804e0
0.129870022674560693600e0 0.931423149077951646247e0
-0.553069418521002016675e1 -0.183276294253409625674e2
-0.142158328434488358772e2 0.144692558138638251424e2
0.217177221015494457037e2 -0.119085891373575175865e2
0.104273188438906513707e2 0.140687314829689501684e2
-0.140242771224194243888e1 -0.142770978315655581977e2
-0.489662465868063120390e1 0.425889794237201239685e1
-0.667047287501633734636e0 0.174718676225049674743e0
0.252995242598269368573e0 0.292970504963246736305e0
-0.428847377230669456443e0 0.208326181863747467071e0
0.396706071328758327365e-1 0.142432712224758960658e0
-0.542068713253491005135e0 0.152611239055712071146e0
-0.426014071815542176298e0 0.438635093896020857441e0
-0.578516872187250971976e0 -0.203275411513990104581e0
-0.491802465915337227954e0 -0.164747736164405383523e0
0.100000000000000000000e1 0.000000000000000000000e0
-0.448688857192417456775e0 0.140879186162401340160e0
0.322490307472138315370e0 0.384218880224607385631e0
0.490369879211619199725e0 0.585573893507796984850e0
0.746531767010280871401e-1 0.269428859596719261498e0
0.301064706249749220238e-1 0.209536993452876922392e0
