
1.254292969566335e-01 -2.571452623339771e-01
1.325175265262363e-01 -7.646209657779644e-02
-1.907415319516274e-01 9.855660231625357e-03
-6.434918002413421e-02 7.101424893071190e-02
4.979130674681335e-02 -1.246439286382871e-01
-6.108011693249932e-02 1.861310134032652e-01
-1.187520806672704e-01 -2.556199894957476e-01
3.814099889166006e-02 4.045083724163232e-01
-1.040741183433178e-01 -1.318858941388439e+00
6.205207640642356e-01 5.990993249975532e+00
-2.516065307296828e+00 5.508747313480963e-01
6.707372240436162e+00 4.840958623457856e+00
3.544671599029701e+00 -7.828548562161704e+00
6.962172148101392e+00 -3.074323190490368e+00
6.939016376174820e+00 -9.603242738466571e+00
-7.966214111141742e-02 -2.125005276227907e-02
1.719737208512915e-01 2.664649555323087e-01
-6.496701644138995e-01 3.417994928906946e-01
7.473023911214957e-02 -6.006813451281767e-01
3.094373834702569e-01 -5.638241113763701e-02
7.009414980519445e-02 1.288407154928052e-01
-8.501225473700498e-02 -3.141428781976816e-01
3.127060864718898e-01 -3.786271903703234e-02
-1.246565206984949e-01 8.837903467528600e-03
3.903026080174379e-01 1.319851456313125e-01
1.310710516747903e-01 6.133813030012297e-01
1.000000000000000e+00 0.000000000000000e+00
4.766901101728088e-01 9.052838614876269e-02
-2.200093876804121e-01 -6.976548135176995e-02
