
-1.020157408666330e+00 8.140320008866855e-01
4.685268151377620e-01 -1.224937904047630e+00
9.778604627138938e-01 7.313867409527276e-01
7.084916875208709e-01 -9.515474099589594e-01
-1.284028601436639e+00 -4.598474668799408e-01
6.024256584880431e-01 -1.680916546782291e+00
-7.177227344612276e-01 1.114525812140163e+00
-6.510422000153317e-02 9.245565742389253e-01
-1.739850314372061e-01 -1.909472427334244e+00
-5.204637599680001e-01 -4.987910546220000e-01
-2.580751185950000e-01 2.873748037700000e-01
-5.747356924460000e-01 -1.252334055230000e-01
2.777779463240000e-01 5.287922689119999e-01
-8.930271711399999e-01 -9.554349936429999e-01
-6.114797335950000e-01 -7.636717607819999e-01
1.265789705569569e-01 -4.293636534245702e-01
-1.505597075919415e-02 3.858518328333840e-01
-8.874845513883765e-01 1.773794536556167e-01
6.409719614415610e-02 -9.533854013275986e-01
6.650427592865945e-01 -3.905473070191726e-01
1.042411856182160e-01 -2.117972295620108e-01
2.669551379483144e-01 -6.462553524957978e-01
7.904037877752335e-01 -1.841752958498395e-01
-6.773325992875036e-01 4.662026992049385e-01
7.354811233003793e-01 -5.265163335665152e-02
-1.737061402012815e-01 8.943600451815911e-01
1.000000000000000e+00 0.000000000000000e+00
5.534402558134192e-01 6.812245637537065e-02
-4.390107716874309e-01 -2.071097361044939e-01
